  1.00  2.0000E-01  1.0176E+03  6.2475E-05   0.8684
  1.00  2.0396E-01  1.0175E+03  6.1112E-05   0.8659
  1.00  2.0800E-01  1.0175E+03  1.7813E-05   0.8616
  1.00  2.1212E-01  1.0179E+03  1.7668E-05   0.8578
  1.00  2.1632E-01  1.0183E+03  1.6257E-05   0.8574
  1.00  2.2060E-01  1.0184E+03  1.8478E-05   0.8590
  1.00  2.2497E-01  1.0189E+03  1.3599E-05   0.8631
  1.00  2.2943E-01  1.0187E+03  1.5734E-05   0.8688
  1.00  2.3397E-01  1.0194E+03  1.3735E-05   0.8732
  1.00  2.3860E-01  1.0194E+03  1.2091E-05   0.8765
  1.00  2.4333E-01  1.0196E+03  1.6017E-05   0.8781
  1.00  2.4815E-01  1.0201E+03  2.3948E-05   0.8774
  1.00  2.5306E-01  1.0202E+03  1.1641E-05   0.8766
  1.00  2.5807E-01  1.0205E+03  1.4851E-05   0.8756
  1.00  2.6318E-01  1.0209E+03  1.2418E-05   0.8744
  1.00  2.6839E-01  1.0210E+03  1.4256E-05   0.8732
  1.00  2.7371E-01  1.0214E+03  1.3303E-05   0.8721
  1.00  2.7913E-01  1.0218E+03  1.3225E-05   0.8712
  1.00  2.8466E-01  1.0219E+03  1.2486E-05   0.8705
  1.00  2.9029E-01  1.0223E+03  1.3082E-05   0.8702
  1.00  2.9604E-01  1.0226E+03  1.2210E-05   0.8707
  1.00  3.0190E-01  1.0229E+03  1.2799E-05   0.8715
  1.00  3.0788E-01  1.0232E+03  1.1083E-05   0.8721
  1.00  3.1398E-01  1.0236E+03  1.0895E-05   0.8728
  1.00  3.2020E-01  1.0239E+03  1.3777E-05   0.8737
  1.00  3.2654E-01  1.0240E+03  1.0701E-05   0.8748
  1.00  3.3300E-01  1.0245E+03  8.8949E-06   0.8758
  1.00  3.3960E-01  1.0247E+03  9.1675E-06   0.8769
  1.00  3.4632E-01  1.0251E+03  7.7171E-06   0.8778
  1.00  3.5318E-01  1.0256E+03  8.1579E-06   0.8781
  1.00  3.6018E-01  1.0257E+03  1.0499E-05   0.8788
  1.00  3.6731E-01  1.0263E+03  8.8951E-06   0.8790
  1.00  3.7458E-01  1.0265E+03  1.0702E-05   0.8798
  1.00  3.8200E-01  1.0268E+03  9.8446E-06   0.8800
  1.00  3.8956E-01  1.0272E+03  9.3599E-06   0.8801
  1.00  3.9728E-01  1.0276E+03  9.0061E-06   0.8804
  1.00  4.0515E-01  1.0278E+03  1.0049E-05   0.8808
  1.00  4.1317E-01  1.0283E+03  1.1432E-05   0.8806
  1.00  4.2135E-01  1.0286E+03  1.6282E-05   0.8806
  1.00  4.2969E-01  1.0293E+03  1.9335E-05   0.8805
  1.00  4.3820E-01  1.0294E+03  2.6420E-05   0.8808
  1.00  4.4688E-01  1.0299E+03  2.9115E-05   0.8804
  1.00  4.5573E-01  1.0303E+03  4.4108E-05   0.8804
  1.00  4.6475E-01  1.0307E+03  6.3183E-05   0.8806
  1.00  4.7396E-01  1.0310E+03  9.1241E-05   0.8802
  1.00  4.8334E-01  1.0315E+03  1.2147E-04   0.8802
  1.00  4.9292E-01  1.0318E+03  1.6636E-04   0.8802
  1.00  5.0268E-01  1.0323E+03  2.3140E-04   0.8798
  1.00  5.1263E-01  1.0329E+03  3.1094E-04   0.8799
  1.00  5.2278E-01  1.0332E+03  3.9483E-04   0.8797
  1.00  5.3313E-01  1.0333E+03  5.1623E-04   0.8797
  1.00  5.4369E-01  1.0342E+03  6.5107E-04   0.8794
  1.00  5.5446E-01  1.0346E+03  8.4139E-04   0.8790
  1.00  5.6544E-01  1.0348E+03  1.0223E-03   0.8791
  1.00  5.7664E-01  1.0355E+03  1.2523E-03   0.8789
  1.00  5.8806E-01  1.0359E+03  1.6626E-03   0.8786
  1.00  5.9970E-01  1.0365E+03  1.8356E-03   0.8786
  1.00  6.1158E-01  1.0371E+03  2.3034E-03   0.8781
  1.00  6.2369E-01  1.0371E+03  2.8702E-03   0.8782
  1.00  6.3604E-01  1.0379E+03  3.2364E-03   0.8781
  1.00  6.4863E-01  1.0386E+03  3.9263E-03   0.8774
  1.00  6.6148E-01  1.0388E+03  4.7895E-03   0.8777
  1.00  6.7458E-01  1.0397E+03  5.4490E-03   0.8771
  1.00  6.8793E-01  1.0397E+03  7.3980E-03   0.8772
  1.00  7.0156E-01  1.0405E+03  7.5452E-03   0.8770
  1.00  7.1545E-01  1.0411E+03  9.7722E-03   0.8765
  1.00  7.2962E-01  1.0414E+03  1.0693E-02   0.8765
  1.00  7.4407E-01  1.0424E+03  1.3067E-02   0.8759
  1.00  7.5880E-01  1.0425E+03  1.6817E-02   0.8761
  1.00  7.7383E-01  1.0435E+03  2.7494E-02   0.8756
  1.00  7.8915E-01  1.0439E+03  2.7167E-02   0.8754
  1.00  8.0478E-01  1.0444E+03  3.1921E-02   0.8753
  1.00  8.2071E-01  1.0453E+03  3.1912E-02   0.8747
  1.00  8.3697E-01  1.0453E+03  3.2214E-02   0.8750
  1.00  8.5354E-01  1.0464E+03  4.3080E-02   0.8744
  1.00  8.7044E-01  1.0469E+03  7.1047E-02   0.8742
  1.00  8.8768E-01  1.0475E+03  9.0323E-02   0.8740
  1.00  9.0526E-01  1.0484E+03  8.9584E-02   0.8734
  1.00  9.2318E-01  1.0485E+03  9.6137E-02   0.8737
  1.00  9.4147E-01  1.0495E+03  1.0933E-01   0.8731
  1.00  9.6011E-01  1.0498E+03  1.4481E-01   0.8731
  1.00  9.7912E-01  1.0507E+03  2.0706E-01   0.8727
  1.00  9.9851E-01  1.0514E+03  3.0210E-01   0.8723
  1.00  1.0183E+00  1.0516E+03  3.9740E-01   0.8725
  1.00  1.0385E+00  1.0526E+03  4.1221E-01   0.8719
  1.00  1.0590E+00  1.0533E+03  3.4955E-01   0.8717
  1.00  1.0800E+00  1.0541E+03  3.0196E-01   0.8714
  1.00  1.1014E+00  1.0549E+03  2.8898E-01   0.8712
  1.00  1.1232E+00  1.0553E+03  3.1329E-01   0.8711
  1.00  1.1454E+00  1.0564E+03  3.6769E-01   0.8706
  1.00  1.1681E+00  1.0570E+03  6.1752E-01   0.8703
  1.00  1.1912E+00  1.0571E+03  9.0354E-01   0.8704
  1.00  1.2148E+00  1.0576E+03  1.4270E+00   0.8700
  1.00  1.2389E+00  1.0582E+03  1.8513E+00   0.8697
  1.00  1.2634E+00  1.0587E+03  1.9685E+00   0.8696
  1.00  1.2884E+00  1.0596E+03  1.9081E+00   0.8693
  1.00  1.3139E+00  1.0606E+03  1.9302E+00   0.8688
  1.00  1.3400E+00  1.0614E+03  1.8696E+00   0.8688
  1.00  1.3665E+00  1.0622E+03  2.0273E+00   0.8684
  1.00  1.3936E+00  1.0625E+03  2.4480E+00   0.8684
  1.00  1.4212E+00  1.0575E+03  8.2874E+00   0.8694
  1.00  1.4493E+00  1.0419E+03  2.4966E+01   0.8721
  1.00  1.4780E+00  1.0149E+03  5.2762E+01   0.8770
  1.00  1.5073E+00  1.0101E+03  5.8515E+01   0.8776
  1.00  1.5371E+00  1.0189E+03  5.0724E+01   0.8759
  1.00  1.5676E+00  1.0298E+03  4.0701E+01   0.8739
  1.00  1.5986E+00  1.0398E+03  3.1796E+01   0.8720
  1.00  1.6303E+00  1.0453E+03  2.7326E+01   0.8710
  1.00  1.6625E+00  1.0497E+03  2.3899E+01   0.8701
  1.00  1.6955E+00  1.0544E+03  2.0342E+01   0.8692
  1.00  1.7290E+00  1.0583E+03  1.7366E+01   0.8685
  1.00  1.7633E+00  1.0610E+03  1.5585E+01   0.8681
  1.00  1.7982E+00  1.0634E+03  1.4380E+01   0.8678
  1.00  1.8338E+00  1.0658E+03  1.3049E+01   0.8675
  1.00  1.8701E+00  1.0640E+03  1.5982E+01   0.8680
  1.00  1.9072E+00  1.0407E+03  4.0598E+01   0.8724
  1.00  1.9449E+00  9.8707E+02  9.5350E+01   0.8819
  1.00  1.9834E+00  9.5871E+02  1.2485E+02   0.8867
  1.00  2.0227E+00  9.6606E+02  1.1873E+02   0.8855
  1.00  2.0628E+00  9.8840E+02  9.7665E+01   0.8818
  1.00  2.1036E+00  1.0250E+03  6.2424E+01   0.8759
  1.00  2.1453E+00  1.0531E+03  3.5652E+01   0.8715
  1.00  2.1878E+00  1.0672E+03  2.2952E+01   0.8696
  1.00  2.2311E+00  1.0742E+03  1.7514E+01   0.8691
  1.00  2.2753E+00  1.0749E+03  1.8308E+01   0.8698
  1.00  2.3203E+00  1.0674E+03  2.7245E+01   0.8721
  1.00  2.3663E+00  1.0583E+03  3.7778E+01   0.8747
  1.00  2.4131E+00  1.0544E+03  4.3322E+01   0.8766
  1.00  2.4609E+00  1.0515E+03  4.7863E+01   0.8786
  1.00  2.5096E+00  1.0496E+03  5.1625E+01   0.8807
  1.00  2.5593E+00  1.0532E+03  4.9887E+01   0.8827
  1.00  2.6100E+00  1.0552E+03  4.9956E+01   0.8863
  1.00  2.6617E+00  1.0337E+03  7.3358E+01   0.8960
  1.00  2.7144E+00  9.5547E+02  1.5455E+02   0.9185
  1.00  2.7682E+00  7.8078E+02  3.6248E+02   0.9636
  1.00  2.8230E+00  5.6570E+02  4.9246E+02   0.9911
  1.00  2.8789E+00  4.7293E+02  4.9671E+02   0.9845
  1.00  2.9359E+00  5.4858E+02  4.9224E+02   0.9587
  1.00  2.9940E+00  5.7463E+02  4.8996E+02   0.9402
  1.00  3.0533E+00  6.0356E+02  4.8427E+02   0.9129
  1.00  3.1138E+00  6.0239E+02  4.9683E+02   0.9116
  1.00  3.1755E+00  5.9689E+02  5.0629E+02   0.9172
  1.00  3.2383E+00  5.8810E+02  5.1816E+02   0.9292
  1.00  3.3025E+00  5.8292E+02  5.2664E+02   0.9376
  1.00  3.3679E+00  5.8758E+02  5.2538E+02   0.9387
  1.00  3.4346E+00  6.2108E+02  4.9496E+02   0.9262
  1.00  3.5026E+00  6.9640E+02  4.2247E+02   0.9007
  1.00  3.5719E+00  7.7983E+02  3.4163E+02   0.8778
  1.00  3.6427E+00  8.4008E+02  2.8377E+02   0.8643
  1.00  3.7148E+00  8.6873E+02  2.5737E+02   0.8595
  1.00  3.7884E+00  8.6664E+02  2.6159E+02   0.8621
  1.00  3.8634E+00  8.3944E+02  2.9075E+02   0.8700
  1.00  3.9399E+00  8.0933E+02  3.2273E+02   0.8781
  1.00  4.0179E+00  7.8051E+02  3.5336E+02   0.8857
  1.00  4.0975E+00  7.5452E+02  3.8111E+02   0.8926
  1.00  4.1786E+00  7.3193E+02  4.0541E+02   0.8985
  1.00  4.2614E+00  7.0835E+02  4.3061E+02   0.9048
  1.00  4.3457E+00  6.7938E+02  4.6099E+02   0.9131
  1.00  4.4318E+00  6.5270E+02  4.8887E+02   0.9211
  1.00  4.5196E+00  6.4527E+02  4.9785E+02   0.9227
  1.00  4.6091E+00  6.7234E+02  4.7334E+02   0.9123
  1.00  4.7003E+00  7.2167E+02  4.2691E+02   0.8960
  1.00  4.7934E+00  7.6341E+02  3.8781E+02   0.8835
  1.00  4.8883E+00  8.0735E+02  3.4648E+02   0.8713
  1.00  4.9851E+00  8.3373E+02  3.2254E+02   0.8642
  1.00  5.0839E+00  8.4475E+02  3.1390E+02   0.8611
  1.00  5.1845E+00  8.4050E+02  3.2055E+02   0.8619
  1.00  5.2872E+00  8.2594E+02  3.3766E+02   0.8654
  1.00  5.3919E+00  8.0281E+02  3.6362E+02   0.8716
  1.00  5.4987E+00  7.7049E+02  3.9918E+02   0.8810
  1.00  5.6076E+00  7.3275E+02  4.4059E+02   0.8931
  1.00  5.7186E+00  6.9575E+02  4.8152E+02   0.9065
  1.00  5.8319E+00  6.5541E+02  5.2428E+02   0.9218
  1.00  5.9473E+00  6.3108E+02  5.4856E+02   0.9301
  1.00  6.0651E+00  6.1763E+02  5.6184E+02   0.9342
  1.00  6.1852E+00  6.1865E+02  5.6256E+02   0.9317
  1.00  6.3077E+00  6.2518E+02  5.5918E+02   0.9276
  1.00  6.4326E+00  6.3286E+02  5.5527E+02   0.9239
  1.00  6.5600E+00  6.4086E+02  5.5130E+02   0.9205
  1.00  6.6899E+00  6.4805E+02  5.4826E+02   0.9177
  1.00  6.8224E+00  6.5605E+02  5.4453E+02   0.9145
  1.00  6.9575E+00  6.6785E+02  5.3766E+02   0.9101
  1.00  7.0953E+00  6.8224E+02  5.2892E+02   0.9054
  1.00  7.2358E+00  6.9604E+02  5.2121E+02   0.9017
  1.00  7.3790E+00  7.1503E+02  5.0933E+02   0.8968
  1.00  7.5252E+00  7.3326E+02  4.9893E+02   0.8932
  1.00  7.6742E+00  7.5723E+02  4.8415E+02   0.8888
  1.00  7.8261E+00  7.7999E+02  4.7205E+02   0.8866
  1.00  7.9811E+00  8.0082E+02  4.6279E+02   0.8861
  1.00  8.1392E+00  8.2079E+02  4.5523E+02   0.8867
  1.00  8.3004E+00  8.4061E+02  4.4863E+02   0.8881
  1.00  8.4647E+00  8.6131E+02  4.4206E+02   0.8901
  1.00  8.6323E+00  8.8301E+02  4.3552E+02   0.8930
  1.00  8.8033E+00  9.0476E+02  4.2942E+02   0.8967
  1.00  8.9776E+00  9.2548E+02  4.2395E+02   0.9013
  1.00  9.1554E+00  9.4267E+02  4.2017E+02   0.9071
  1.00  9.3367E+00  9.5278E+02  4.1866E+02   0.9139
  1.00  9.5216E+00  9.5318E+02  4.1850E+02   0.9211
  1.00  9.7101E+00  9.3269E+02  4.2180E+02   0.9297
  1.00  9.9024E+00  8.8061E+02  4.2812E+02   0.9384
  1.00  1.0099E+01  7.5945E+02  4.4933E+02   0.9473
  1.00  1.0299E+01  5.9663E+02  4.7670E+02   0.9537
  1.00  1.0502E+01  4.3891E+02  5.0567E+02   0.9565
  1.00  1.0710E+01  3.8665E+02  5.3514E+02   0.9525
  1.00  1.0922E+01  4.1867E+02  5.5643E+02   0.9433
  1.00  1.1139E+01  4.6132E+02  5.7299E+02   0.9329
  1.00  1.1359E+01  4.9376E+02  5.8543E+02   0.9237
  1.00  1.1584E+01  5.1587E+02  5.9572E+02   0.9172
  1.00  1.1814E+01  5.3414E+02  6.0427E+02   0.9110
  1.00  1.2048E+01  5.4891E+02  6.1198E+02   0.9058
  1.00  1.2286E+01  5.6137E+02  6.1910E+02   0.9012
  1.00  1.2530E+01  5.7201E+02  6.2573E+02   0.8971
  1.00  1.2778E+01  5.8080E+02  6.3227E+02   0.8941
  1.00  1.3031E+01  5.8864E+02  6.3843E+02   0.8912
  1.00  1.3289E+01  5.9585E+02  6.4439E+02   0.8887
  1.00  1.3552E+01  6.0257E+02  6.4978E+02   0.8862
  1.00  1.3820E+01  6.0977E+02  6.5466E+02   0.8832
  1.00  1.4094E+01  6.1854E+02  6.5882E+02   0.8794
  1.00  1.4373E+01  6.2974E+02  6.6121E+02   0.8748
  1.00  1.4658E+01  6.4573E+02  6.6050E+02   0.8684
  1.00  1.4948E+01  6.6471E+02  6.5656E+02   0.8616
  1.00  1.5244E+01  6.8822E+02  6.4919E+02   0.8541
  1.00  1.5546E+01  7.1191E+02  6.4075E+02   0.8479
  1.00  1.5854E+01  7.3478E+02  6.3223E+02   0.8429
  1.00  1.6168E+01  7.5874E+02  6.2277E+02   0.8384
  1.00  1.6488E+01  7.7525E+02  6.1720E+02   0.8358
  1.00  1.6814E+01  7.9431E+02  6.0993E+02   0.8310
  1.00  1.7147E+01  8.2551E+02  5.9524E+02   0.8230
  1.00  1.7487E+01  8.6520E+02  5.7498E+02   0.8156
  1.00  1.7833E+01  9.1185E+02  5.4970E+02   0.8085
  1.00  1.8186E+01  9.6574E+02  5.1890E+02   0.8012
  1.00  1.8546E+01  9.9737E+02  5.0207E+02   0.8007
  1.00  1.8914E+01  1.0241E+03  4.8734E+02   0.8013
  1.00  1.9288E+01  1.0197E+03  4.9215E+02   0.8047
  1.00  1.9670E+01  1.0390E+03  4.8217E+02   0.8011
  1.00  2.0060E+01  1.0919E+03  4.4979E+02   0.7926
  1.00  2.0457E+01  1.1684E+03  3.9922E+02   0.7837
  1.00  2.0862E+01  1.2395E+03  3.4889E+02   0.7787
  1.00  2.1275E+01  1.2797E+03  3.1681E+02   0.7789
  1.00  2.1696E+01  1.3183E+03  2.8261E+02   0.7792
  1.00  2.2126E+01  1.3548E+03  2.4629E+02   0.7794
  1.00  2.2564E+01  1.3639E+03  2.2460E+02   0.7825
  1.00  2.3011E+01  1.3511E+03  2.1485E+02   0.7867
  1.00  2.3467E+01  1.3266E+03  2.1026E+02   0.7908
  1.00  2.3931E+01  1.2944E+03  2.0831E+02   0.7946
  1.00  2.4405E+01  1.2569E+03  2.0718E+02   0.7979
  1.00  2.4889E+01  1.2126E+03  2.0783E+02   0.8011
  1.00  2.5382E+01  1.1601E+03  2.1213E+02   0.8043
  1.00  2.5884E+01  1.1041E+03  2.1678E+02   0.8070
  1.00  2.6397E+01  1.0397E+03  2.2618E+02   0.8097
  1.00  2.6919E+01  9.7318E+02  2.3622E+02   0.8120
  1.00  2.7452E+01  9.0706E+02  2.4536E+02   0.8137
  1.00  2.7996E+01  8.4182E+02  2.5368E+02   0.8149
  1.00  2.8551E+01  7.7790E+02  2.6125E+02   0.8157
  1.00  2.9116E+01  7.0136E+02  2.8267E+02   0.8169
  1.00  2.9692E+01  6.3059E+02  3.0209E+02   0.8173
  1.00  3.0280E+01  5.6597E+02  3.1930E+02   0.8171
  1.00  3.0880E+01  5.0727E+02  3.3462E+02   0.8161
  1.00  3.1492E+01  4.5469E+02  3.5639E+02   0.8144
  1.00  3.2115E+01  4.0928E+02  3.7740E+02   0.8120
  1.00  3.2751E+01  3.7029E+02  3.9599E+02   0.8089
  1.00  3.3400E+01  3.3744E+02  4.1293E+02   0.8051
  1.00  3.4061E+01  3.1352E+02  4.3111E+02   0.8004
  1.00  3.4736E+01  2.9448E+02  4.4801E+02   0.7952
  1.00  3.5424E+01  2.8013E+02  4.6418E+02   0.7894
  1.00  3.6125E+01  2.6963E+02  4.7941E+02   0.7831
  1.00  3.6840E+01  2.6175E+02  4.9366E+02   0.7763
  1.00  3.7570E+01  2.5625E+02  5.0700E+02   0.7691
  1.00  3.8314E+01  2.5225E+02  5.1947E+02   0.7616
  1.00  3.9073E+01  2.4873E+02  5.3079E+02   0.7536
  1.00  3.9846E+01  2.4518E+02  5.4133E+02   0.7453
  1.00  4.0635E+01  2.4062E+02  5.5091E+02   0.7364
  1.00  4.1440E+01  2.3888E+02  5.6346E+02   0.7262
  1.00  4.2261E+01  2.4187E+02  5.8051E+02   0.7140
  1.00  4.3097E+01  2.5147E+02  6.0099E+02   0.6999
  1.00  4.3951E+01  2.7809E+02  6.3285E+02   0.6817
  1.00  4.4821E+01  3.2312E+02  6.7321E+02   0.6610
  1.00  4.5709E+01  3.8677E+02  7.1924E+02   0.6391
  1.00  4.6614E+01  4.5560E+02  7.5716E+02   0.6205
  1.00  4.7537E+01  5.0341E+02  7.7207E+02   0.6106
  1.00  4.8479E+01  5.2968E+02  7.7076E+02   0.6086
  1.00  4.9438E+01  5.4313E+02  7.6108E+02   0.6095
  1.00  5.0417E+01  5.5475E+02  7.4650E+02   0.6100
  1.00  5.1416E+01  5.6075E+02  7.2906E+02   0.6093
  1.00  5.2434E+01  5.6193E+02  7.1330E+02   0.6065
  1.00  5.3472E+01  5.6289E+02  6.9853E+02   0.6026
  1.00  5.4531E+01  5.7281E+02  6.8680E+02   0.5967
  1.00  5.5611E+01  5.9397E+02  6.6286E+02   0.5924
  1.00  5.6713E+01  6.1035E+02  6.2071E+02   0.5908
  1.00  5.7835E+01  6.0043E+02  5.6777E+02   0.5910
  1.00  5.8981E+01  5.4991E+02  5.2410E+02   0.5911
  1.00  6.0149E+01  4.7300E+02  5.2725E+02   0.5859
  1.00  6.1340E+01  4.3192E+02  5.4657E+02   0.5758
  1.00  6.2555E+01  4.1223E+02  5.6465E+02   0.5644
  1.00  6.3793E+01  4.0501E+02  5.7957E+02   0.5528
  1.00  6.5057E+01  4.0621E+02  5.9029E+02   0.5416
  1.00  6.6345E+01  4.1138E+02  5.9688E+02   0.5311
  1.00  6.7659E+01  4.1898E+02  5.9884E+02   0.5215
  1.00  6.8998E+01  4.2756E+02  5.9605E+02   0.5129
  1.00  7.0365E+01  4.3631E+02  5.8835E+02   0.5053
  1.00  7.1758E+01  4.4300E+02  5.7502E+02   0.4989
  1.00  7.3179E+01  4.4942E+02  5.5956E+02   0.4929
  1.00  7.4628E+01  4.5342E+02  5.3856E+02   0.4878
  1.00  7.6106E+01  4.5443E+02  5.1392E+02   0.4832
  1.00  7.7613E+01  4.4903E+02  4.9166E+02   0.4780
  1.00  7.9150E+01  4.4281E+02  4.6899E+02   0.4728
  1.00  8.0718E+01  4.3541E+02  4.4627E+02   0.4674
  1.00  8.2316E+01  4.2652E+02  4.2392E+02   0.4619
  1.00  8.3946E+01  4.1655E+02  4.0170E+02   0.4562
  1.00  8.5609E+01  4.0549E+02  3.7990E+02   0.4504
  1.00  8.7304E+01  3.9338E+02  3.5879E+02   0.4443
  1.00  8.9033E+01  3.8023E+02  3.3842E+02   0.4380
  1.00  9.0796E+01  3.6703E+02  3.1783E+02   0.4317
  1.00  9.2594E+01  3.5275E+02  2.9904E+02   0.4250
  1.00  9.4427E+01  3.3853E+02  2.8025E+02   0.4181
  1.00  9.6297E+01  3.2398E+02  2.6258E+02   0.4110
  1.00  9.8204E+01  3.0932E+02  2.4577E+02   0.4036
  1.00  1.0015E+02  2.9480E+02  2.2937E+02   0.3961
  1.00  1.0213E+02  2.7965E+02  2.1614E+02   0.3881
  1.00  1.0415E+02  2.6488E+02  2.0317E+02   0.3799
  1.00  1.0622E+02  2.5054E+02  1.9050E+02   0.3715
  1.00  1.0832E+02  2.3663E+02  1.7812E+02   0.3630
  1.00  1.1047E+02  2.2319E+02  1.6606E+02   0.3544
  1.00  1.1265E+02  2.1022E+02  1.5434E+02   0.3456
  1.00  1.1488E+02  1.9773E+02  1.4297E+02   0.3367
  1.00  1.1716E+02  1.8574E+02  1.3194E+02   0.3277
  1.00  1.1948E+02  1.7426E+02  1.2128E+02   0.3186
  1.00  1.2185E+02  1.6312E+02  1.1368E+02   0.3093
  1.00  1.2426E+02  1.5248E+02  1.0712E+02   0.2998
  1.00  1.2672E+02  1.4240E+02  1.0083E+02   0.2904
  1.00  1.2923E+02  1.3286E+02  9.4784E+01   0.2811
  1.00  1.3179E+02  1.2385E+02  8.8989E+01   0.2717
  1.00  1.3440E+02  1.1534E+02  8.3432E+01   0.2625
  1.00  1.3706E+02  1.0734E+02  7.8108E+01   0.2533
  1.00  1.3977E+02  9.9806E+01  7.3005E+01   0.2443
  1.00  1.4254E+02  9.2730E+01  6.8116E+01   0.2354
  1.00  1.4536E+02  8.6091E+01  6.3430E+01   0.2266
  1.00  1.4824E+02  7.9873E+01  5.8941E+01   0.2181
  1.00  1.5118E+02  7.4052E+01  5.4637E+01   0.2097
  1.00  1.5417E+02  6.8610E+01  5.0509E+01   0.2015
  1.00  1.5722E+02  6.3530E+01  4.6551E+01   0.1936
  1.00  1.6034E+02  5.8799E+01  4.2906E+01   0.1859
  1.00  1.6351E+02  5.4452E+01  4.0662E+01   0.1786
  1.00  1.6675E+02  5.0403E+01  3.8510E+01   0.1715
  1.00  1.7005E+02  4.6635E+01  3.6444E+01   0.1646
  1.00  1.7342E+02  4.3130E+01  3.4461E+01   0.1580
  1.00  1.7685E+02  3.9873E+01  3.2555E+01   0.1516
  1.00  1.8036E+02  3.6849E+01  3.0723E+01   0.1455
  1.00  1.8393E+02  3.4041E+01  2.8961E+01   0.1396
  1.00  1.8757E+02  3.1436E+01  2.7265E+01   0.1340
  1.00  1.9128E+02  2.9022E+01  2.5632E+01   0.1286
  1.00  1.9507E+02  2.6784E+01  2.4058E+01   0.1234
  1.00  1.9893E+02  2.4712E+01  2.2541E+01   0.1184
  1.00  2.0288E+02  2.2794E+01  2.1077E+01   0.1136
  1.00  2.0689E+02  2.1019E+01  1.9664E+01   0.1090
  1.00  2.1099E+02  1.9385E+01  1.8421E+01   0.1047
  1.00  2.1517E+02  1.7892E+01  1.7597E+01   0.1005
  1.00  2.1943E+02  1.6511E+01  1.6801E+01   0.0965
  1.00  2.2377E+02  1.5234E+01  1.6032E+01   0.0927
  1.00  2.2821E+02  1.4054E+01  1.5289E+01   0.0890
  1.00  2.3272E+02  1.2964E+01  1.4570E+01   0.0855
  1.00  2.3733E+02  1.1957E+01  1.3875E+01   0.0821
  1.00  2.4203E+02  1.1027E+01  1.3202E+01   0.0789
  1.00  2.4682E+02  1.0168E+01  1.2550E+01   0.0758
  1.00  2.5171E+02  9.3759E+00  1.1919E+01   0.0728
  1.00  2.5670E+02  8.6445E+00  1.1307E+01   0.0700
  1.00  2.6178E+02  7.9695E+00  1.0714E+01   0.0672
  1.00  2.6696E+02  7.3470E+00  1.0139E+01   0.0646
  1.00  2.7225E+02  6.7726E+00  9.5814E+00   0.0621
  1.00  2.7764E+02  6.2429E+00  9.0398E+00   0.0596
  1.00  2.8314E+02  5.7544E+00  8.5139E+00   0.0573
  1.00  2.8875E+02  5.3040E+00  8.0031E+00   0.0551
  1.00  2.9446E+02  4.8887E+00  7.5067E+00   0.0529
  1.00  3.0030E+02  4.5060E+00  7.0349E+00   0.0509
  1.00  3.0624E+02  4.1579E+00  6.7798E+00   0.0489
  1.00  3.1231E+02  3.8366E+00  6.5318E+00   0.0470
  1.00  3.1849E+02  3.5402E+00  6.2908E+00   0.0452
  1.00  3.2480E+02  3.2668E+00  6.0565E+00   0.0434
  1.00  3.3123E+02  3.0145E+00  5.8286E+00   0.0418
  1.00  3.3779E+02  2.7818E+00  5.6069E+00   0.0402
  1.00  3.4448E+02  2.5670E+00  5.3912E+00   0.0386
  1.00  3.5130E+02  2.3689E+00  5.1812E+00   0.0371
  1.00  3.5826E+02  2.1861E+00  4.9768E+00   0.0357
  1.00  3.6535E+02  2.0174E+00  4.7778E+00   0.0343
  1.00  3.7259E+02  1.8618E+00  4.5838E+00   0.0330
  1.00  3.7996E+02  1.7183E+00  4.3949E+00   0.0317
  1.00  3.8749E+02  1.5858E+00  4.2107E+00   0.0305
  1.00  3.9516E+02  1.4636E+00  4.0312E+00   0.0293
  1.00  4.0299E+02  1.3508E+00  3.8562E+00   0.0282
  1.00  4.1097E+02  1.2467E+00  3.6854E+00   0.0271
  1.00  4.1911E+02  1.1507E+00  3.5189E+00   0.0260
  1.00  4.2741E+02  1.0621E+00  3.3564E+00   0.0250
  1.00  4.3587E+02  9.8036E-01  3.1978E+00   0.0241
  1.00  4.4450E+02  9.0491E-01  3.0429E+00   0.0231
  1.00  4.5330E+02  8.3527E-01  2.8918E+00   0.0223
  1.00  4.6228E+02  7.7101E-01  2.7442E+00   0.0214
  1.00  4.7143E+02  7.1170E-01  2.6000E+00   0.0206
  1.00  4.8077E+02  6.5697E-01  2.4591E+00   0.0198
  1.00  4.9029E+02  6.0645E-01  2.3215E+00   0.0190
  1.00  5.0000E+02  5.5983E-01  2.1870E+00   0.0183
