  0.360 -4.829E+04   12.3116  3.4410E+03  4.695488910E-025
  0.360  2.487E+04    9.5922  4.4420E+03  9.576241099E-024
  0.360  4.226E+04    9.3305  4.6800E+03  1.352723947E-023
  0.360  5.242E+04    9.2567  4.8190E+03  1.535137570E-023
  0.360  6.331E+04    9.5065  4.9680E+03  1.296327051E-023
  0.360  6.821E+04    9.3886  5.0350E+03  1.484167551E-023
  0.360  6.902E+04    9.4916  5.0460E+03  1.355792214E-023
  0.360  1.049E+05    9.1144  5.5370E+03  2.310556859E-023
  0.360  1.257E+05    8.9911  5.8220E+03  2.861852917E-023
  0.360  1.417E+05    9.0218  6.0400E+03  2.994309535E-023
  0.360  1.553E+05    9.1046  6.2260E+03  2.947972166E-023
  0.360  1.567E+05    9.1554  6.2460E+03  2.831177309E-023
  0.360  1.679E+05    9.0560  6.3990E+03  3.256574667E-023
  0.360  1.920E+05    9.0731  6.7290E+03  3.544974254E-023
  0.360  2.571E+05    9.1704  7.6200E+03  4.155918839E-023
  0.360  2.582E+05    9.1033  7.6340E+03  4.437286229E-023
  0.360  2.647E+05    9.1517  7.7240E+03  4.344419575E-023
  0.360  2.729E+05    9.1871  7.8360E+03  4.327961546E-023
  0.360  4.533E+05    9.4125  1.0304E+04  6.080417223E-023
  0.360  6.058E+05    9.5795  1.2390E+04  7.538288335E-023
  0.360  6.138E+05    9.5898  1.2500E+04  7.600392721E-023
  0.360  8.916E+05    9.7745  1.6300E+04  1.090211029E-022
  0.360  9.057E+05    9.8235  1.6494E+04  1.067043542E-022
  0.360  1.282E+06   10.4039  2.1637E+04  1.075846320E-022
  0.360  1.301E+06   10.4484  2.1900E+04  1.057969622E-022
  0.360  2.149E+06   11.5070  3.3500E+04  9.337623113E-023
  0.360  2.295E+06   11.6704  3.5499E+04  9.019561858E-023
  0.360  2.984E+06   12.3995  4.4930E+04  7.382547741E-023
  0.360  3.062E+06   12.4745  4.6000E+04  7.221846559E-023
  0.360  3.889E+06   13.1791  5.7309E+04  5.857634978E-023
  0.360  5.454E+06   14.2953  7.8720E+04  3.953399450E-023
  0.360  8.149E+06   15.7411  1.1560E+05  2.251000913E-023
  0.360  1.314E+07   17.5635  1.8390E+05  1.063412630E-023
  0.360  1.585E+07   18.2936  2.2091E+05  7.832753034E-024
  0.360  1.700E+07   18.5674  2.3675E+05  6.990704617E-024
  0.360  5.086E+07   22.7879  6.9999E+05  1.253052223E-024
  0.360  5.190E+07   22.8673  7.1420E+05  1.212462657E-024
  0.360  1.166E+08   26.1543  1.6000E+06  2.947588253E-025
  0.360  1.824E+08   28.0216  2.4999E+06  1.288726204E-025
  0.360  2.650E+08   29.5866  3.6300E+06  6.428151112E-026
  0.360  3.776E+08   31.0769  5.1700E+06  3.304985002E-026
  0.360  6.204E+08   33.1850  8.4927E+06  1.279504486E-026
  0.360  9.499E+08   35.0119  1.3000E+07  5.572740530E-027
  0.360  9.735E+08   35.1180  1.3324E+07  5.308921207E-027
  0.360  2.408E+09   39.0047  3.2944E+07  9.049346696E-028

