    3441.000   -48292.5  4.69549E-025  1.18954E-005  1.00000E+000  1.00000E+000
    4442.000    24869.7  9.57624E-024  1.45581E-004  2.03952E+001  2.03952E+001
    4680.000    42265.0  1.35272E-023  1.85261E-004  2.88101E+001  2.88101E+001
    4819.000    52424.4  1.53514E-023  1.98290E-004  3.26952E+001  3.26952E+001
    4968.000    63314.7  1.29633E-023  1.57550E-004  2.76092E+001  2.76092E+001
    5035.000    68211.6  1.48417E-023  1.75611E-004  3.16099E+001  3.16099E+001
    5046.000    69015.6  1.35579E-023  1.59722E-004  2.88758E+001  2.88758E+001
    5537.000   104902.4  2.31056E-023  2.26066E-004  4.92111E+001  4.92111E+001
    5822.000   125732.8  2.86185E-023  2.53262E-004  6.09534E+001  6.09534E+001
    6040.000   141666.3  2.99431E-023  2.46201E-004  6.37749E+001  6.37749E+001
    6225.999   155260.9  2.94797E-023  2.28125E-004  6.27884E+001  6.27884E+001
    6245.999   156722.7  2.83118E-023  2.17686E-004  6.03008E+001  6.03008E+001
    6398.999   167905.3  3.25657E-023  2.38563E-004  6.93616E+001  6.93616E+001
    6728.999   192024.7  3.54497E-023  2.34844E-004  7.55050E+001  7.55050E+001
    7619.999   257147.2  4.15592E-023  2.14696E-004  8.85200E+001  8.85200E+001
    7633.999   258170.5  4.43729E-023  2.28392E-004  9.45131E+001  9.45131E+001
    7723.999   264748.5  4.34442E-023  2.18431E-004  9.25353E+001  9.25353E+001
    7835.999   272934.5  4.32796E-023  2.11428E-004  9.21850E+001  9.21850E+001
   10303.999   453318.6  6.08042E-023  1.71786E-004  1.29522E+002  1.29522E+002
   12389.999   605782.7  7.53829E-023  1.47298E-004  1.60587E+002  1.60587E+002
   12499.999   613822.5  7.60039E-023  1.45909E-004  1.61910E+002  1.61910E+002
   16299.999   891561.4  1.09021E-022  1.23084E-004  2.32273E+002  2.32273E+002
   16493.999   905740.7  1.06704E-022  1.17651E-004  2.27339E+002  2.27339E+002
   21636.998  1281638.4  1.07585E-022  6.89324E-005  2.29250E+002  2.29250E+002
   21899.998  1300860.9  1.05797E-022  6.61686E-005  2.25442E+002  2.25442E+002
   33499.997  2148695.6  9.33762E-023  2.49582E-005  1.99045E+002  1.99045E+002
   35498.997  2294800.9  9.01956E-023  2.14694E-005  1.92277E+002  1.92277E+002
   44929.996  2984105.0  7.38255E-023  1.09698E-005  1.57424E+002  1.57424E+002
   45999.996  3062310.5  7.22185E-023  1.02376E-005  1.54003E+002  1.54003E+002
   57308.995  3888876.2  5.85763E-023  5.34987E-006  1.24954E+002  1.24954E+002
   78719.994  5453788.9  3.95340E-023  1.91367E-006  8.43882E+001  8.43882E+001
  115597.991  8149172.2  2.25100E-023  5.05292E-007  4.81031E+001  4.81031E+001
  183898.985 13141237.3  1.06341E-023  9.43214E-008  2.27720E+001  2.27720E+001
  220905.982 15846049.1  7.83275E-024  4.81467E-008  1.67921E+001  1.67921E+001
  236745.981 17003782.0  6.99070E-024  3.74130E-008  1.49941E+001  1.49941E+001
  699990.944 50861985.9  1.25305E-024  7.67099E-010  2.72617E+000  2.72617E+000
  714198.943 51900437.1  1.21246E-024  7.13012E-010  2.63902E+000  2.63902E+000
 1600001.871 **********  2.94759E-025  3.45376E-011  6.59660E-001  6.59660E-001
 2499936.799 **********  1.28873E-025  6.18542E-012  2.96920E-001  2.96920E-001
 3629975.708 **********  6.42815E-026  1.46334E-012  1.53800E-001  1.53800E-001
 5169993.584 **********  3.30499E-026  3.70900E-013  8.34498E-002  8.34498E-002
 8492703.317 **********  1.27950E-026  5.32129E-014  3.66859E-002  3.66859E-002
12999974.955 **********  5.57274E-027  9.89124E-015  1.95777E-002  1.95777E-002
13324107.929 **********  5.30892E-027  8.97009E-015  1.89580E-002  1.89580E-002
32943996.352 **********  9.04935E-028  2.50110E-016  1.00000E+000  1.00000E+000

