  2.00  2.0000E-01  1.0036E+02  5.5043E-05   0.8706
  2.00  2.0396E-01  1.0036E+02  1.6172E-05   0.8675
  2.00  2.0800E-01  1.0038E+02  1.7366E-05   0.8196
  2.00  2.1212E-01  1.0038E+02  1.5981E-05   0.8631
  2.00  2.1632E-01  1.0039E+02  1.5655E-05   0.8649
  2.00  2.2060E-01  1.0039E+02  1.4682E-05   0.8694
  2.00  2.2497E-01  1.0039E+02  1.5233E-05   0.8677
  2.00  2.2943E-01  1.0040E+02  1.4526E-05   0.8676
  2.00  2.3397E-01  1.0041E+02  1.4436E-05   0.8776
  2.00  2.3860E-01  1.0041E+02  1.3959E-05   0.8798
  2.00  2.4333E-01  1.0042E+02  1.3576E-05   0.8832
  2.00  2.4815E-01  1.0042E+02  1.3428E-05   0.8846
  2.00  2.5306E-01  1.0043E+02  1.3334E-05   0.8793
  2.00  2.5807E-01  1.0043E+02  1.3218E-05   0.8657
  2.00  2.6318E-01  1.0044E+02  1.2991E-05   0.8435
  2.00  2.6839E-01  1.0045E+02  1.2255E-05   0.8369
  2.00  2.7371E-01  1.0045E+02  1.2308E-05   0.8588
  2.00  2.7913E-01  1.0046E+02  1.1562E-05   0.8774
  2.00  2.8466E-01  1.0046E+02  1.1166E-05   0.8778
  2.00  2.9029E-01  1.0047E+02  1.1629E-05   0.8793
  2.00  2.9604E-01  1.0048E+02  1.0766E-05   0.8811
  2.00  3.0190E-01  1.0048E+02  1.0983E-05   0.8838
  2.00  3.0788E-01  1.0049E+02  1.0416E-05   0.8845
  2.00  3.1398E-01  1.0050E+02  1.0904E-05   0.8853
  2.00  3.2020E-01  1.0050E+02  1.0422E-05   0.8856
  2.00  3.2654E-01  1.0051E+02  1.0589E-05   0.8854
  2.00  3.3300E-01  1.0051E+02  9.7425E-06   0.8847
  2.00  3.3960E-01  1.0052E+02  9.4290E-06   0.8851
  2.00  3.4632E-01  1.0053E+02  1.0078E-05   0.8871
  2.00  3.5318E-01  1.0054E+02  1.0323E-05   0.8890
  2.00  3.6018E-01  1.0054E+02  9.5351E-06   0.8911
  2.00  3.6731E-01  1.0055E+02  8.5483E-06   0.8926
  2.00  3.7458E-01  1.0056E+02  9.1744E-06   0.8942
  2.00  3.8200E-01  1.0057E+02  8.7009E-06   0.8949
  2.00  3.8956E-01  1.0057E+02  7.7010E-06   0.8958
  2.00  3.9728E-01  1.0058E+02  9.8297E-06   0.8953
  2.00  4.0515E-01  1.0059E+02  1.1549E-05   0.8957
  2.00  4.1317E-01  1.0060E+02  1.1425E-05   0.8956
  2.00  4.2135E-01  1.0061E+02  1.3081E-05   0.8955
  2.00  4.2969E-01  1.0061E+02  1.5940E-05   0.8953
  2.00  4.3820E-01  1.0062E+02  2.1978E-05   0.8941
  2.00  4.4688E-01  1.0063E+02  3.2699E-05   0.8929
  2.00  4.5573E-01  1.0064E+02  4.2211E-05   0.8911
  2.00  4.6475E-01  1.0065E+02  5.7917E-05   0.8897
  2.00  4.7396E-01  1.0066E+02  8.0910E-05   0.8874
  2.00  4.8334E-01  1.0066E+02  1.1218E-04   0.8841
  2.00  4.9292E-01  1.0067E+02  1.5665E-04   0.8832
  2.00  5.0268E-01  1.0068E+02  2.1387E-04   0.8795
  2.00  5.1263E-01  1.0069E+02  2.8073E-04   0.8772
  2.00  5.2278E-01  1.0070E+02  3.6478E-04   0.8761
  2.00  5.3313E-01  1.0071E+02  4.7716E-04   0.8726
  2.00  5.4369E-01  1.0072E+02  6.1488E-04   0.8729
  2.00  5.5446E-01  1.0073E+02  7.5721E-04   0.8701
  2.00  5.6544E-01  1.0074E+02  9.3226E-04   0.8685
  2.00  5.7664E-01  1.0074E+02  1.1207E-03   0.8696
  2.00  5.8806E-01  1.0078E+02  1.3502E-03   0.8676
  2.00  5.9970E-01  1.0076E+02  1.5748E-03   0.8695
  2.00  6.1158E-01  1.0077E+02  1.9287E-03   0.8681
  2.00  6.2369E-01  1.0079E+02  2.4532E-03   0.8680
  2.00  6.3604E-01  1.0080E+02  2.9921E-03   0.8702
  2.00  6.4863E-01  1.0080E+02  3.5939E-03   0.8693
  2.00  6.6148E-01  1.0082E+02  4.2439E-03   0.8726
  2.00  6.7458E-01  1.0082E+02  4.8738E-03   0.8711
  2.00  6.8793E-01  1.0084E+02  5.6190E-03   0.8736
  2.00  7.0156E-01  1.0085E+02  7.0167E-03   0.8744
  2.00  7.1545E-01  1.0085E+02  8.7467E-03   0.8749
  2.00  7.2962E-01  1.0087E+02  9.6961E-03   0.8781
  2.00  7.4407E-01  1.0089E+02  1.1848E-02   0.8771
  2.00  7.5880E-01  1.0088E+02  1.5072E-02   0.8799
  2.00  7.7383E-01  1.0090E+02  1.9579E-02   0.8800
  2.00  7.8915E-01  1.0089E+02  2.4327E-02   0.8818
  2.00  8.0478E-01  1.0091E+02  2.8017E-02   0.8830
  2.00  8.2071E-01  1.0092E+02  2.8648E-02   0.8832
  2.00  8.3697E-01  1.0093E+02  2.9296E-02   0.8852
  2.00  8.5354E-01  1.0094E+02  3.7375E-02   0.8860
  2.00  8.7044E-01  1.0093E+02  5.0596E-02   0.8873
  2.00  8.8768E-01  1.0094E+02  7.0325E-02   0.8884
  2.00  9.0526E-01  1.0094E+02  7.8343E-02   0.8892
  2.00  9.2318E-01  1.0094E+02  8.6438E-02   0.8900
  2.00  9.4147E-01  1.0095E+02  9.7443E-02   0.8911
  2.00  9.6011E-01  1.0092E+02  1.2931E-01   0.8918
  2.00  9.7912E-01  1.0089E+02  1.8446E-01   0.8930
  2.00  9.9851E-01  1.0083E+02  2.5742E-01   0.8939
  2.00  1.0183E+00  1.0074E+02  3.5273E-01   0.8946
  2.00  1.0385E+00  1.0076E+02  3.6580E-01   0.8956
  2.00  1.0590E+00  1.0082E+02  3.0476E-01   0.8964
  2.00  1.0800E+00  1.0089E+02  2.6301E-01   0.8969
  2.00  1.1014E+00  1.0091E+02  2.5377E-01   0.8976
  2.00  1.1232E+00  1.0091E+02  2.7562E-01   0.8982
  2.00  1.1454E+00  1.0086E+02  3.2399E-01   0.8992
  2.00  1.1681E+00  1.0070E+02  5.1275E-01   0.9001
  2.00  1.1912E+00  1.0043E+02  7.9585E-01   0.9010
  2.00  1.2148E+00  9.9995E+01  1.2418E+00   0.9021
  2.00  1.2389E+00  9.9703E+01  1.5584E+00   0.9031
  2.00  1.2634E+00  9.9590E+01  1.6740E+00   0.9038
  2.00  1.2884E+00  9.9652E+01  1.6342E+00   0.9042
  2.00  1.3139E+00  9.9718E+01  1.5928E+00   0.9045
  2.00  1.3400E+00  9.9730E+01  1.5928E+00   0.9048
  2.00  1.3665E+00  9.9643E+01  1.6987E+00   0.9055
  2.00  1.3936E+00  9.9294E+01  2.0745E+00   0.9060
  2.00  1.4212E+00  9.4668E+01  6.7114E+00   0.9119
  2.00  1.4493E+00  8.3867E+01  1.7531E+01   0.9261
  2.00  1.4780E+00  7.1736E+01  2.9680E+01   0.9431
  2.00  1.5073E+00  6.9955E+01  3.1480E+01   0.9458
  2.00  1.5371E+00  7.2535E+01  2.8920E+01   0.9420
  2.00  1.5676E+00  7.6386E+01  2.5089E+01   0.9367
  2.00  1.5986E+00  8.0480E+01  2.1012E+01   0.9309
  2.00  1.6303E+00  8.2819E+01  1.8695E+01   0.9276
  2.00  1.6625E+00  8.4736E+01  1.6796E+01   0.9248
  2.00  1.6955E+00  8.6879E+01  1.4676E+01   0.9216
  2.00  1.7290E+00  8.8728E+01  1.2848E+01   0.9186
  2.00  1.7633E+00  8.9882E+01  1.1713E+01   0.9165
  2.00  1.7982E+00  9.0726E+01  1.0891E+01   0.9147
  2.00  1.8338E+00  9.1658E+01  9.9819E+00   0.9126
  2.00  1.8701E+00  8.9754E+01  1.1910E+01   0.9145
  2.00  1.9072E+00  7.6881E+01  2.4802E+01   0.9343
  2.00  1.9449E+00  6.2289E+01  3.9416E+01   0.9600
  2.00  1.9834E+00  5.8713E+01  4.3014E+01   0.9673
  2.00  2.0227E+00  5.9338E+01  4.2412E+01   0.9662
  2.00  2.0628E+00  6.2028E+01  3.9745E+01   0.9611
  2.00  2.1036E+00  6.9520E+01  3.2280E+01   0.9481
  2.00  2.1453E+00  7.9305E+01  2.2514E+01   0.9342
  2.00  2.1878E+00  8.5839E+01  1.6006E+01   0.9279
  2.00  2.2311E+00  8.9160E+01  1.2718E+01   0.9260
  2.00  2.2753E+00  8.8694E+01  1.3204E+01   0.9269
  2.00  2.3203E+00  8.3588E+01  1.8316E+01   0.9323
  2.00  2.3663E+00  7.8510E+01  2.3454E+01   0.9389
  2.00  2.4131E+00  7.6188E+01  2.5790E+01   0.9436
  2.00  2.4609E+00  7.4439E+01  2.7570E+01   0.9485
  2.00  2.5096E+00  7.3058E+01  2.8970E+01   0.9508
  2.00  2.5593E+00  7.3597E+01  2.8463E+01   0.9517
  2.00  2.6100E+00  7.3451E+01  2.8636E+01   0.9595
  2.00  2.6617E+00  6.6386E+01  3.5732E+01   0.9680
  2.00  2.7144E+00  5.5858E+01  4.6288E+01   0.9851
  2.00  2.7682E+00  5.2288E+01  4.9850E+01   0.9931
  2.00  2.8230E+00  5.1405E+01  5.0334E+01   0.9966
  2.00  2.8789E+00  5.2906E+01  4.8245E+01   0.9897
  2.00  2.9359E+00  5.5807E+01  4.5883E+01   0.9648
  2.00  2.9940E+00  5.7160E+01  4.4761E+01   0.9461
  2.00  3.0533E+00  5.8897E+01  4.3264E+01   0.9180
  2.00  3.1138E+00  5.8509E+01  4.3781E+01   0.9168
  2.00  3.1755E+00  5.7919E+01  4.4416E+01   0.9227
  2.00  3.2383E+00  5.7056E+01  4.5305E+01   0.9351
  2.00  3.3025E+00  5.6468E+01  4.5927E+01   0.9441
  2.00  3.3679E+00  5.6070E+01  4.6365E+01   0.9503
  2.00  3.4346E+00  5.5759E+01  4.6714E+01   0.9551
  2.00  3.5026E+00  5.5533E+01  4.6978E+01   0.9586
  2.00  3.5719E+00  5.5416E+01  4.7133E+01   0.9610
  2.00  3.6427E+00  5.5473E+01  4.7112E+01   0.9624
  2.00  3.7148E+00  5.5571E+01  4.7050E+01   0.9633
  2.00  3.7884E+00  5.5450E+01  4.7206E+01   0.9648
  2.00  3.8634E+00  5.5185E+01  4.7505E+01   0.9666
  2.00  3.9399E+00  5.5009E+01  4.7716E+01   0.9679
  2.00  4.0179E+00  5.4901E+01  4.7858E+01   0.9688
  2.00  4.0975E+00  5.4831E+01  4.7962E+01   0.9695
  2.00  4.1786E+00  5.4787E+01  4.8040E+01   0.9701
  2.00  4.2614E+00  5.4753E+01  4.8109E+01   0.9705
  2.00  4.3457E+00  5.4731E+01  4.8163E+01   0.9709
  2.00  4.4318E+00  5.4744E+01  4.8182E+01   0.9708
  2.00  4.5196E+00  5.4794E+01  4.8168E+01   0.9703
  2.00  4.6091E+00  5.4834E+01  4.8173E+01   0.9699
  2.00  4.7003E+00  5.4842E+01  4.8212E+01   0.9701
  2.00  4.7934E+00  5.4843E+01  4.8257E+01   0.9704
  2.00  4.8883E+00  5.4877E+01  4.8269E+01   0.9707
  2.00  4.9851E+00  5.4912E+01  4.8278E+01   0.9711
  2.00  5.0839E+00  5.4911E+01  4.8322E+01   0.9715
  2.00  5.1845E+00  5.4849E+01  4.8426E+01   0.9722
  2.00  5.2872E+00  5.4755E+01  4.8561E+01   0.9730
  2.00  5.3919E+00  5.4658E+01  4.8698E+01   0.9738
  2.00  5.4987E+00  5.4571E+01  4.8822E+01   0.9745
  2.00  5.6076E+00  5.4505E+01  4.8921E+01   0.9752
  2.00  5.7186E+00  5.4455E+01  4.8999E+01   0.9757
  2.00  5.8319E+00  5.4442E+01  4.9030E+01   0.9757
  2.00  5.9473E+00  5.4509E+01  4.8985E+01   0.9750
  2.00  6.0651E+00  5.4596E+01  4.8929E+01   0.9740
  2.00  6.1852E+00  5.4695E+01  4.8882E+01   0.9730
  2.00  6.3077E+00  5.4757E+01  4.8876E+01   0.9725
  2.00  6.4326E+00  5.4788E+01  4.8897E+01   0.9722
  2.00  6.5600E+00  5.4811E+01  4.8928E+01   0.9721
  2.00  6.6899E+00  5.4829E+01  4.8962E+01   0.9720
  2.00  6.8224E+00  5.4851E+01  4.8992E+01   0.9719
  2.00  6.9575E+00  5.4868E+01  4.9032E+01   0.9718
  2.00  7.0953E+00  5.4875E+01  4.9083E+01   0.9719
  2.00  7.2358E+00  5.4876E+01  4.9138E+01   0.9720
  2.00  7.3790E+00  5.4872E+01  4.9201E+01   0.9722
  2.00  7.5252E+00  5.4862E+01  4.9269E+01   0.9725
  2.00  7.6742E+00  5.4847E+01  4.9345E+01   0.9728
  2.00  7.8261E+00  5.4820E+01  4.9431E+01   0.9732
  2.00  7.9811E+00  5.4789E+01  4.9519E+01   0.9737
  2.00  8.1392E+00  5.4757E+01  4.9609E+01   0.9742
  2.00  8.3004E+00  5.4721E+01  4.9702E+01   0.9747
  2.00  8.4647E+00  5.4682E+01  4.9799E+01   0.9752
  2.00  8.6323E+00  5.4635E+01  4.9905E+01   0.9758
  2.00  8.8033E+00  5.4578E+01  5.0019E+01   0.9765
  2.00  8.9776E+00  5.4512E+01  5.0143E+01   0.9772
  2.00  9.1554E+00  5.4427E+01  5.0282E+01   0.9781
  2.00  9.3367E+00  5.4320E+01  5.0440E+01   0.9792
  2.00  9.5216E+00  5.4195E+01  5.0611E+01   0.9803
  2.00  9.7101E+00  5.4019E+01  5.0818E+01   0.9818
  2.00  9.9024E+00  5.3791E+01  5.1051E+01   0.9835
  2.00  1.0099E+01  5.3477E+01  5.1280E+01   0.9854
  2.00  1.0299E+01  5.3114E+01  5.1389E+01   0.9871
  2.00  1.0502E+01  5.2759E+01  5.1149E+01   0.9877
  2.00  1.0710E+01  5.3091E+01  5.0277E+01   0.9842
  2.00  1.0922E+01  5.4231E+01  4.9296E+01   0.9762
  2.00  1.1139E+01  5.5364E+01  4.8555E+01   0.9669
  2.00  1.1359E+01  5.6221E+01  4.8053E+01   0.9585
  2.00  1.1584E+01  5.6727E+01  4.7830E+01   0.9529
  2.00  1.1814E+01  5.7179E+01  4.7625E+01   0.9475
  2.00  1.2048E+01  5.7517E+01  4.7503E+01   0.9432
  2.00  1.2286E+01  5.7776E+01  4.7435E+01   0.9396
  2.00  1.2530E+01  5.7977E+01  4.7406E+01   0.9367
  2.00  1.2778E+01  5.8070E+01  4.7461E+01   0.9352
  2.00  1.3031E+01  5.8133E+01  4.7532E+01   0.9341
  2.00  1.3289E+01  5.8147E+01  4.7639E+01   0.9337
  2.00  1.3552E+01  5.8130E+01  4.7766E+01   0.9338
  2.00  1.3820E+01  5.8111E+01  4.7891E+01   0.9340
  2.00  1.4094E+01  5.8067E+01  4.8040E+01   0.9346
  2.00  1.4373E+01  5.7980E+01  4.8227E+01   0.9359
  2.00  1.4658E+01  5.7861E+01  4.8445E+01   0.9376
  2.00  1.4948E+01  5.7742E+01  4.8660E+01   0.9395
  2.00  1.5244E+01  5.7627E+01  4.8871E+01   0.9412
  2.00  1.5546E+01  5.7529E+01  4.9062E+01   0.9428
  2.00  1.5854E+01  5.7454E+01  4.9229E+01   0.9440
  2.00  1.6168E+01  5.7388E+01  4.9389E+01   0.9450
  2.00  1.6488E+01  5.7358E+01  4.9509E+01   0.9456
  2.00  1.6814E+01  5.7365E+01  4.9598E+01   0.9456
  2.00  1.7147E+01  5.7369E+01  4.9701E+01   0.9458
  2.00  1.7487E+01  5.7335E+01  4.9844E+01   0.9465
  2.00  1.7833E+01  5.7291E+01  4.9999E+01   0.9473
  2.00  1.8186E+01  5.7252E+01  5.0153E+01   0.9481
  2.00  1.8546E+01  5.7199E+01  5.0310E+01   0.9490
  2.00  1.8914E+01  5.7150E+01  5.0462E+01   0.9498
  2.00  1.9288E+01  5.7135E+01  5.0569E+01   0.9501
  2.00  1.9670E+01  5.7176E+01  5.0635E+01   0.9497
  2.00  2.0060E+01  5.7227E+01  5.0709E+01   0.9495
  2.00  2.0457E+01  5.7291E+01  5.0781E+01   0.9495
  2.00  2.0862E+01  5.7411E+01  5.0796E+01   0.9495
  2.00  2.1275E+01  5.7541E+01  5.0794E+01   0.9496
  2.00  2.1696E+01  5.7806E+01  5.0660E+01   0.9490
  2.00  2.2126E+01  5.8317E+01  5.0284E+01   0.9473
  2.00  2.2564E+01  5.8735E+01  4.9997E+01   0.9463
  2.00  2.3011E+01  5.8912E+01  4.9947E+01   0.9462
  2.00  2.3467E+01  5.8948E+01  5.0037E+01   0.9468
  2.00  2.3931E+01  5.8902E+01  5.0208E+01   0.9476
  2.00  2.4405E+01  5.8827E+01  5.0409E+01   0.9485
  2.00  2.4889E+01  5.8689E+01  5.0674E+01   0.9497
  2.00  2.5382E+01  5.8433E+01  5.1053E+01   0.9513
  2.00  2.5884E+01  5.8178E+01  5.1432E+01   0.9529
  2.00  2.6397E+01  5.7812E+01  5.1914E+01   0.9550
  2.00  2.6919E+01  5.7470E+01  5.2369E+01   0.9569
  2.00  2.7452E+01  5.7179E+01  5.2771E+01   0.9586
  2.00  2.7996E+01  5.6925E+01  5.3134E+01   0.9601
  2.00  2.8551E+01  5.6697E+01  5.3467E+01   0.9615
  2.00  2.9116E+01  5.6328E+01  5.3891E+01   0.9634
  2.00  2.9692E+01  5.6044E+01  5.4216E+01   0.9648
  2.00  3.0280E+01  5.5815E+01  5.4470E+01   0.9660
  2.00  3.0880E+01  5.5619E+01  5.4672E+01   0.9670
  2.00  3.1492E+01  5.5442E+01  5.4797E+01   0.9676
  2.00  3.2115E+01  5.5296E+01  5.4857E+01   0.9679
  2.00  3.2751E+01  5.5167E+01  5.4873E+01   0.9681
  2.00  3.3400E+01  5.5050E+01  5.4849E+01   0.9680
  2.00  3.4061E+01  5.4970E+01  5.4772E+01   0.9676
  2.00  3.4736E+01  5.4908E+01  5.4671E+01   0.9668
  2.00  3.5424E+01  5.4873E+01  5.4549E+01   0.9658
  2.00  3.6125E+01  5.4872E+01  5.4416E+01   0.9645
  2.00  3.6840E+01  5.4901E+01  5.4277E+01   0.9631
  2.00  3.7570E+01  5.4965E+01  5.4135E+01   0.9614
  2.00  3.8314E+01  5.5059E+01  5.3991E+01   0.9595
  2.00  3.9073E+01  5.5169E+01  5.3844E+01   0.9575
  2.00  3.9846E+01  5.5292E+01  5.3683E+01   0.9554
  2.00  4.0635E+01  5.5415E+01  5.3487E+01   0.9532
  2.00  4.1440E+01  5.5647E+01  5.3200E+01   0.9501
  2.00  4.2261E+01  5.6089E+01  5.2760E+01   0.9454
  2.00  4.3097E+01  5.6808E+01  5.2190E+01   0.9386
  2.00  4.3951E+01  5.8164E+01  5.1362E+01   0.9269
  2.00  4.4821E+01  6.0050E+01  5.0441E+01   0.9106
  2.00  4.5709E+01  6.2226E+01  4.9595E+01   0.8908
  2.00  4.6614E+01  6.3887E+01  4.9254E+01   0.8743
  2.00  4.7537E+01  6.4249E+01  4.9618E+01   0.8687
  2.00  4.8479E+01  6.3744E+01  5.0330E+01   0.8718
  2.00  4.9438E+01  6.3057E+01  5.1066E+01   0.8777
  2.00  5.0417E+01  6.2487E+01  5.1708E+01   0.8832
  2.00  5.1416E+01  6.2050E+01  5.2251E+01   0.8877
  2.00  5.2434E+01  6.1778E+01  5.2664E+01   0.8906
  2.00  5.3472E+01  6.1603E+01  5.3003E+01   0.8924
  2.00  5.4531E+01  6.1588E+01  5.3220E+01   0.8923
  2.00  5.5611E+01  6.1480E+01  5.3539E+01   0.8934
  2.00  5.6713E+01  6.1180E+01  5.4047E+01   0.8970
  2.00  5.7835E+01  6.0725E+01  5.4710E+01   0.9027
  2.00  5.8981E+01  6.0190E+01  5.5419E+01   0.9091
  2.00  6.0149E+01  5.9821E+01  5.5830E+01   0.9127
  2.00  6.1340E+01  5.9802E+01  5.5901E+01   0.9119
  2.00  6.2555E+01  5.9949E+01  5.5868E+01   0.9095
  2.00  6.3793E+01  6.0191E+01  5.5805E+01   0.9062
  2.00  6.5057E+01  6.0485E+01  5.5745E+01   0.9024
  2.00  6.6345E+01  6.0784E+01  5.5709E+01   0.8987
  2.00  6.7659E+01  6.1065E+01  5.5707E+01   0.8952
  2.00  6.8998E+01  6.1308E+01  5.5747E+01   0.8922
  2.00  7.0365E+01  6.1505E+01  5.5829E+01   0.8897
  2.00  7.1758E+01  6.1632E+01  5.5972E+01   0.8879
  2.00  7.3179E+01  6.1747E+01  5.6125E+01   0.8863
  2.00  7.4628E+01  6.1802E+01  5.6336E+01   0.8854
  2.00  7.6106E+01  6.1817E+01  5.6585E+01   0.8850
  2.00  7.7613E+01  6.1812E+01  5.6848E+01   0.8848
  2.00  7.9150E+01  6.1813E+01  5.7110E+01   0.8845
  2.00  8.0718E+01  6.1817E+01  5.7372E+01   0.8842
  2.00  8.2316E+01  6.1824E+01  5.7636E+01   0.8839
  2.00  8.3946E+01  6.1835E+01  5.7899E+01   0.8835
  2.00  8.5609E+01  6.1851E+01  5.8162E+01   0.8831
  2.00  8.7304E+01  6.1874E+01  5.8423E+01   0.8826
  2.00  8.9033E+01  6.1901E+01  5.8683E+01   0.8820
  2.00  9.0796E+01  6.1944E+01  5.8935E+01   0.8813
  2.00  9.2594E+01  6.1994E+01  5.9181E+01   0.8804
  2.00  9.4427E+01  6.2063E+01  5.9414E+01   0.8794
  2.00  9.6297E+01  6.2148E+01  5.9635E+01   0.8782
  2.00  9.8204E+01  6.2253E+01  5.9841E+01   0.8768
  2.00  1.0015E+02  6.2386E+01  6.0024E+01   0.8751
  2.00  1.0213E+02  6.2512E+01  6.0213E+01   0.8735
  2.00  1.0415E+02  6.2663E+01  6.0381E+01   0.8715
  2.00  1.0622E+02  6.2845E+01  6.0525E+01   0.8693
  2.00  1.0832E+02  6.3065E+01  6.0637E+01   0.8667
  2.00  1.1047E+02  6.3330E+01  6.0711E+01   0.8637
  2.00  1.1265E+02  6.3650E+01  6.0736E+01   0.8602
  2.00  1.1488E+02  6.4035E+01  6.0703E+01   0.8562
  2.00  1.1716E+02  6.4499E+01  6.0596E+01   0.8515
  2.00  1.1948E+02  6.5060E+01  6.0400E+01   0.8461
  2.00  1.2185E+02  6.5510E+01  6.0310E+01   0.8414
  2.00  1.2426E+02  6.5947E+01  6.0235E+01   0.8367
  2.00  1.2672E+02  6.6433E+01  6.0119E+01   0.8316
  2.00  1.2923E+02  6.6973E+01  5.9958E+01   0.8261
  2.00  1.3179E+02  6.7572E+01  5.9745E+01   0.8201
  2.00  1.3440E+02  6.8239E+01  5.9476E+01   0.8136
  2.00  1.3706E+02  6.8979E+01  5.9144E+01   0.8066
  2.00  1.3977E+02  6.9802E+01  5.8741E+01   0.7991
  2.00  1.4254E+02  7.0716E+01  5.8260E+01   0.7910
  2.00  1.4536E+02  7.1733E+01  5.7692E+01   0.7823
  2.00  1.4824E+02  7.2863E+01  5.7028E+01   0.7730
  2.00  1.5118E+02  7.4120E+01  5.6258E+01   0.7631
  2.00  1.5417E+02  7.5517E+01  5.5369E+01   0.7526
  2.00  1.5722E+02  7.7071E+01  5.4350E+01   0.7414
  2.00  1.6034E+02  7.8723E+01  5.3260E+01   0.7300
  2.00  1.6351E+02  7.9883E+01  5.2682E+01   0.7217
  2.00  1.6675E+02  8.1126E+01  5.2055E+01   0.7133
  2.00  1.7005E+02  8.2457E+01  5.1379E+01   0.7047
  2.00  1.7342E+02  8.3883E+01  5.0648E+01   0.6960
  2.00  1.7685E+02  8.5410E+01  4.9863E+01   0.6873
  2.00  1.8036E+02  8.7045E+01  4.9019E+01   0.6786
  2.00  1.8393E+02  8.8795E+01  4.8115E+01   0.6699
  2.00  1.8757E+02  9.0665E+01  4.7148E+01   0.6612
  2.00  1.9128E+02  9.2662E+01  4.6114E+01   0.6527
  2.00  1.9507E+02  9.4793E+01  4.5013E+01   0.6443
  2.00  1.9893E+02  9.7064E+01  4.3840E+01   0.6362
  2.00  2.0288E+02  9.9479E+01  4.2594E+01   0.6282
  2.00  2.0689E+02  1.0204E+02  4.1273E+01   0.6205
  2.00  2.1099E+02  1.0459E+02  4.0032E+01   0.6137
  2.00  2.1517E+02  1.0670E+02  3.9247E+01   0.6091
  2.00  2.1943E+02  1.0890E+02  3.8434E+01   0.6048
  2.00  2.2377E+02  1.1118E+02  3.7594E+01   0.6008
  2.00  2.2821E+02  1.1354E+02  3.6727E+01   0.5973
  2.00  2.3272E+02  1.1598E+02  3.5833E+01   0.5940
  2.00  2.3733E+02  1.1849E+02  3.4914E+01   0.5911
  2.00  2.4203E+02  1.2107E+02  3.3968E+01   0.5886
  2.00  2.4682E+02  1.2369E+02  3.2997E+01   0.5863
  2.00  2.5171E+02  1.2636E+02  3.2002E+01   0.5843
  2.00  2.5670E+02  1.2907E+02  3.0984E+01   0.5827
  2.00  2.6178E+02  1.3180E+02  2.9943E+01   0.5812
  2.00  2.6696E+02  1.3454E+02  2.8882E+01   0.5801
  2.00  2.7225E+02  1.3728E+02  2.7800E+01   0.5791
  2.00  2.7764E+02  1.4001E+02  2.6698E+01   0.5783
  2.00  2.8314E+02  1.4270E+02  2.5580E+01   0.5776
  2.00  2.8875E+02  1.4535E+02  2.4445E+01   0.5771
  2.00  2.9446E+02  1.4794E+02  2.3294E+01   0.5767
  2.00  3.0030E+02  1.5042E+02  2.2158E+01   0.5764
  2.00  3.0624E+02  1.5215E+02  2.1543E+01   0.5772
  2.00  3.1231E+02  1.5375E+02  2.0928E+01   0.5779
  2.00  3.1849E+02  1.5523E+02  2.0312E+01   0.5786
  2.00  3.2480E+02  1.5656E+02  1.9698E+01   0.5792
  2.00  3.3123E+02  1.5774E+02  1.9084E+01   0.5799
  2.00  3.3779E+02  1.5876E+02  1.8473E+01   0.5804
  2.00  3.4448E+02  1.5960E+02  1.7864E+01   0.5808
  2.00  3.5130E+02  1.6027E+02  1.7258E+01   0.5812
  2.00  3.5826E+02  1.6075E+02  1.6656E+01   0.5815
  2.00  3.6535E+02  1.6104E+02  1.6058E+01   0.5816
  2.00  3.7259E+02  1.6114E+02  1.5464E+01   0.5816
  2.00  3.7996E+02  1.6103E+02  1.4875E+01   0.5815
  2.00  3.8749E+02  1.6073E+02  1.4292E+01   0.5813
  2.00  3.9516E+02  1.6022E+02  1.3715E+01   0.5810
  2.00  4.0299E+02  1.5952E+02  1.3145E+01   0.5805
  2.00  4.1097E+02  1.5861E+02  1.2581E+01   0.5799
  2.00  4.1911E+02  1.5750E+02  1.2024E+01   0.5791
  2.00  4.2741E+02  1.5620E+02  1.1475E+01   0.5782
  2.00  4.3587E+02  1.5470E+02  1.0933E+01   0.5772
  2.00  4.4450E+02  1.5302E+02  1.0400E+01   0.5760
  2.00  4.5330E+02  1.5116E+02  9.8746E+00   0.5747
  2.00  4.6228E+02  1.4913E+02  9.3582E+00   0.5732
  2.00  4.7143E+02  1.4692E+02  8.8508E+00   0.5716
  2.00  4.8077E+02  1.4456E+02  8.3527E+00   0.5699
  2.00  4.9029E+02  1.4205E+02  7.8639E+00   0.5680
  2.00  5.0000E+02  1.3940E+02  7.3848E+00   0.5660
