 -2.00  2.0000E-01  6.4941E+03  3.5869E-05   0.0915
 -2.00  2.0396E-01  5.8681E+03  7.5114E-06   0.0878
 -2.00  2.0800E-01  5.3081E+03  8.0069E-06   0.0843
 -2.00  2.1212E-01  4.8228E+03  8.2191E-06   0.0810
 -2.00  2.1632E-01  4.4015E+03  1.3130E-05   0.0778
 -2.00  2.2060E-01  4.0148E+03  1.2910E-05   0.0748
 -2.00  2.2497E-01  3.6601E+03  8.2797E-06   0.0719
 -2.00  2.2943E-01  3.3348E+03  1.1563E-05   0.0691
 -2.00  2.3397E-01  3.0366E+03  7.9337E-06   0.0664
 -2.00  2.3860E-01  2.7635E+03  1.1576E-05   0.0638
 -2.00  2.4333E-01  2.5134E+03  8.8201E-06   0.0613
 -2.00  2.4815E-01  2.2846E+03  7.5461E-06   0.0589
 -2.00  2.5306E-01  2.0886E+03  1.0345E-05   0.0566
 -2.00  2.5807E-01  1.9164E+03  7.2064E-06   0.0544
 -2.00  2.6318E-01  1.7578E+03  6.0680E-06   0.0523
 -2.00  2.6839E-01  1.6119E+03  9.1270E-06   0.0503
 -2.00  2.7371E-01  1.4776E+03  6.9444E-06   0.0483
 -2.00  2.7913E-01  1.3541E+03  7.9870E-06   0.0465
 -2.00  2.8466E-01  1.2406E+03  9.3195E-06   0.0447
 -2.00  2.9029E-01  1.1362E+03  8.0663E-06   0.0429
 -2.00  2.9604E-01  1.0402E+03  7.9640E-06   0.0413
 -2.00  3.0190E-01  9.5370E+02  9.6142E-06   0.0397
 -2.00  3.0788E-01  8.7732E+02  5.7879E-06   0.0382
 -2.00  3.1398E-01  8.0693E+02  7.2247E-06   0.0367
 -2.00  3.2020E-01  7.4203E+02  7.3775E-06   0.0353
 -2.00  3.2654E-01  6.8222E+02  6.7325E-06   0.0339
 -2.00  3.3300E-01  6.2712E+02  6.1248E-06   0.0326
 -2.00  3.3960E-01  5.7636E+02  7.5899E-06   0.0314
 -2.00  3.4632E-01  5.2962E+02  6.6537E-06   0.0302
 -2.00  3.5318E-01  4.8714E+02  5.7744E-06   0.0290
 -2.00  3.6018E-01  4.4862E+02  4.9345E-06   0.0279
 -2.00  3.6731E-01  4.1310E+02  4.9442E-06   0.0268
 -2.00  3.7458E-01  3.8034E+02  6.0642E-06   0.0258
 -2.00  3.8200E-01  3.5014E+02  5.3127E-06   0.0248
 -2.00  3.8956E-01  3.2228E+02  5.1218E-06   0.0238
 -2.00  3.9728E-01  2.9692E+02  6.8958E-06   0.0229
 -2.00  4.0515E-01  2.7353E+02  6.2730E-06   0.0220
 -2.00  4.1317E-01  2.5201E+02  7.4788E-06   0.0212
 -2.00  4.2135E-01  2.3225E+02  9.2589E-06   0.0204
 -2.00  4.2969E-01  2.1409E+02  1.0269E-05   0.0196
 -2.00  4.3820E-01  1.9734E+02  1.4131E-05   0.0188
 -2.00  4.4688E-01  1.8196E+02  1.9993E-05   0.0181
 -2.00  4.5573E-01  1.6778E+02  2.7179E-05   0.0174
 -2.00  4.6475E-01  1.5469E+02  3.8668E-05   0.0168
 -2.00  4.7396E-01  1.4264E+02  5.3124E-05   0.0161
 -2.00  4.8334E-01  1.3156E+02  7.4286E-05   0.0155
 -2.00  4.9292E-01  1.2134E+02  1.0331E-04   0.0149
 -2.00  5.0268E-01  1.1192E+02  1.4040E-04   0.0143
 -2.00  5.1263E-01  1.0325E+02  1.8583E-04   0.0138
 -2.00  5.2278E-01  9.5217E+01  2.4292E-04   0.0132
 -2.00  5.3313E-01  8.7860E+01  3.1352E-04   0.0127
 -2.00  5.4369E-01  8.1085E+01  3.9790E-04   0.0122
 -2.00  5.5446E-01  7.4796E+01  4.9673E-04   0.0118
 -2.00  5.6544E-01  6.9013E+01  6.1083E-04   0.0113
 -2.00  5.7664E-01  6.3695E+01  7.3962E-04   0.0109
 -2.00  5.8806E-01  5.8784E+01  8.8295E-04   0.0105
 -2.00  5.9970E-01  5.4249E+01  1.0329E-03   0.0101
 -2.00  6.1158E-01  5.0061E+01  1.2703E-03   0.0097
 -2.00  6.2369E-01  4.6194E+01  1.6099E-03   0.0093
 -2.00  6.3604E-01  4.2639E+01  1.9598E-03   0.0090
 -2.00  6.4863E-01  3.9350E+01  2.3436E-03   0.0086
 -2.00  6.6148E-01  3.6329E+01  2.7779E-03   0.0083
 -2.00  6.7458E-01  3.3533E+01  3.1858E-03   0.0080
 -2.00  6.8793E-01  3.0949E+01  3.6822E-03   0.0077
 -2.00  7.0156E-01  2.8572E+01  4.6118E-03   0.0074
 -2.00  7.1545E-01  2.6377E+01  5.6994E-03   0.0071
 -2.00  7.2962E-01  2.4335E+01  6.3730E-03   0.0068
 -2.00  7.4407E-01  2.2468E+01  7.7291E-03   0.0065
 -2.00  7.5880E-01  2.0747E+01  9.9037E-03   0.0063
 -2.00  7.7383E-01  1.9150E+01  1.2882E-02   0.0060
 -2.00  7.8915E-01  1.7675E+01  1.6014E-02   0.0058
 -2.00  8.0478E-01  1.6312E+01  1.8425E-02   0.0056
 -2.00  8.2071E-01  1.5064E+01  1.8894E-02   0.0054
 -2.00  8.3697E-01  1.3902E+01  1.9308E-02   0.0052
 -2.00  8.5354E-01  1.2831E+01  2.4662E-02   0.0050
 -2.00  8.7044E-01  1.1845E+01  3.3362E-02   0.0048
 -2.00  8.8768E-01  1.0930E+01  4.6220E-02   0.0046
 -2.00  9.0526E-01  1.0091E+01  5.1763E-02   0.0044
 -2.00  9.2318E-01  9.3118E+00  5.6996E-02   0.0042
 -2.00  9.4147E-01  8.5945E+00  6.4449E-02   0.0041
 -2.00  9.6011E-01  7.9336E+00  8.5389E-02   0.0039
 -2.00  9.7912E-01  7.3229E+00  1.2202E-01   0.0038
 -2.00  9.9851E-01  6.7553E+00  1.7107E-01   0.0036
 -2.00  1.0183E+00  6.2348E+00  2.3481E-01   0.0035
 -2.00  1.0385E+00  5.7538E+00  2.4306E-01   0.0034
 -2.00  1.0590E+00  5.3073E+00  2.0264E-01   0.0032
 -2.00  1.0800E+00  4.8975E+00  1.7457E-01   0.0031
 -2.00  1.1014E+00  4.5170E+00  1.6807E-01   0.0030
 -2.00  1.1232E+00  4.1675E+00  1.8236E-01   0.0029
 -2.00  1.1454E+00  3.8441E+00  2.1496E-01   0.0028
 -2.00  1.1681E+00  3.5453E+00  3.4232E-01   0.0026
 -2.00  1.1912E+00  3.2687E+00  5.3496E-01   0.0025
 -2.00  1.2148E+00  3.0154E+00  8.3936E-01   0.0024
 -2.00  1.2389E+00  2.7797E+00  1.0593E+00   0.0024
 -2.00  1.2634E+00  2.5624E+00  1.1421E+00   0.0023
 -2.00  1.2884E+00  2.3618E+00  1.1129E+00   0.0022
 -2.00  1.3139E+00  2.1769E+00  1.0852E+00   0.0021
 -2.00  1.3400E+00  2.0062E+00  1.0855E+00   0.0020
 -2.00  1.3665E+00  1.8480E+00  1.1594E+00   0.0019
 -2.00  1.3936E+00  1.7015E+00  1.4230E+00   0.0019
 -2.00  1.4212E+00  1.5667E+00  4.9392E+00   0.0018
 -2.00  1.4493E+00  1.4424E+00  1.5417E+01   0.0017
 -2.00  1.4780E+00  1.3281E+00  3.4250E+01   0.0017
 -2.00  1.5073E+00  1.2241E+00  3.8275E+01   0.0016
 -2.00  1.5371E+00  1.1274E+00  3.2692E+01   0.0015
 -2.00  1.5676E+00  1.0375E+00  2.5792E+01   0.0015
 -2.00  1.5986E+00  9.5442E-01  1.9793E+01   0.0014
 -2.00  1.6303E+00  8.7737E-01  1.6839E+01   0.0014
 -2.00  1.6625E+00  8.0622E-01  1.4615E+01   0.0013
 -2.00  1.6955E+00  7.4031E-01  1.2310E+01   0.0013
 -2.00  1.7290E+00  6.7952E-01  1.0460E+01   0.0012
 -2.00  1.7633E+00  6.2358E-01  9.3700E+00   0.0012
 -2.00  1.7982E+00  5.7164E-01  8.6062E+00   0.0011
 -2.00  1.8338E+00  5.2350E-01  7.7845E+00   0.0011
 -2.00  1.8701E+00  4.7857E-01  9.5884E+00   0.0010
 -2.00  1.9072E+00  4.3721E-01  2.5511E+01   0.0010
 -2.00  1.9449E+00  3.9944E-01  6.5409E+01   0.0009
 -2.00  1.9834E+00  3.6632E-01  8.9605E+01   0.0009
 -2.00  2.0227E+00  3.3550E-01  8.4329E+01   0.0009
 -2.00  2.0628E+00  3.0654E-01  6.7097E+01   0.0008
 -2.00  2.1036E+00  2.7902E-01  4.0596E+01   0.0008
 -2.00  2.1453E+00  2.5292E-01  2.2198E+01   0.0008
 -2.00  2.1878E+00  2.2870E-01  1.3980E+01   0.0007
 -2.00  2.2311E+00  2.0615E-01  1.0540E+01   0.0007
 -2.00  2.2753E+00  1.8516E-01  1.1069E+01   0.0007
 -2.00  2.3203E+00  1.6563E-01  1.6845E+01   0.0007
 -2.00  2.3663E+00  1.4739E-01  2.3962E+01   0.0006
 -2.00  2.4131E+00  1.3026E-01  2.7887E+01   0.0006
 -2.00  2.4609E+00  1.1399E-01  3.1266E+01   0.0006
 -2.00  2.5096E+00  9.8380E-02  3.4272E+01   0.0006
 -2.00  2.5593E+00  8.3190E-02  3.3514E+01   0.0005
 -2.00  2.6100E+00  6.8005E-02  3.4270E+01   0.0005
 -2.00  2.6617E+00  5.2207E-02  5.3593E+01   0.0005
 -2.00  2.7144E+00  3.5853E-02  1.3220E+02   0.0005
 -2.00  2.7682E+00  1.8797E-02  5.0284E+02   0.0004
 -2.00  2.8230E+00  6.2327E-03  1.6305E+03   0.0004
 -2.00  2.8789E+00  1.6621E-02  5.0029E+03   0.0004
 -2.00  2.9359E+00  9.6189E-02  1.2417E+04   0.0004
 -2.00  2.9940E+00  1.9233E-01  1.7720E+04   0.0003
 -2.00  3.0533E+00  3.8940E-01  2.3175E+04   0.0003
 -2.00  3.1138E+00  3.9002E-01  1.6315E+04   0.0004
 -2.00  3.1755E+00  3.2503E-01  9.8020E+03   0.0004
 -2.00  3.2383E+00  2.3635E-01  4.9834E+03   0.0004
 -2.00  3.3025E+00  1.7800E-01  2.7208E+03   0.0004
 -2.00  3.3679E+00  1.3999E-01  1.4458E+03   0.0004
 -2.00  3.4346E+00  1.1237E-01  8.1076E+02   0.0003
 -2.00  3.5026E+00  9.2615E-02  4.6445E+02   0.0003
 -2.00  3.5719E+00  7.7947E-02  2.9566E+02   0.0003
 -2.00  3.6427E+00  6.6714E-02  2.1718E+02   0.0003
 -2.00  3.7148E+00  5.7800E-02  1.8834E+02   0.0003
 -2.00  3.7884E+00  5.0415E-02  1.9434E+02   0.0003
 -2.00  3.8634E+00  4.4504E-02  2.2993E+02   0.0003
 -2.00  3.9399E+00  3.9600E-02  2.7398E+02   0.0002
 -2.00  4.0179E+00  3.5434E-02  3.2253E+02   0.0002
 -2.00  4.0975E+00  3.1808E-02  3.7348E+02   0.0002
 -2.00  4.1786E+00  2.8739E-02  4.2482E+02   0.0002
 -2.00  4.2614E+00  2.6013E-02  4.8731E+02   0.0002
 -2.00  4.3457E+00  2.3690E-02  5.8078E+02   0.0002
 -2.00  4.4318E+00  2.1988E-02  6.9249E+02   0.0002
 -2.00  4.5196E+00  2.0832E-02  7.3030E+02   0.0002
 -2.00  4.6091E+00  1.9542E-02  6.0962E+02   0.0002
 -2.00  4.7003E+00  1.7895E-02  4.6039E+02   0.0002
 -2.00  4.7934E+00  1.6190E-02  3.7265E+02   0.0002
 -2.00  4.8883E+00  1.4591E-02  3.0101E+02   0.0002
 -2.00  4.9851E+00  1.3103E-02  2.6638E+02   0.0001
 -2.00  5.0839E+00  1.1746E-02  2.5522E+02   0.0001
 -2.00  5.1845E+00  1.0523E-02  2.6477E+02   0.0001
 -2.00  5.2872E+00  9.4160E-03  2.8976E+02   0.0001
 -2.00  5.3919E+00  8.4225E-03  3.3127E+02   0.0001
 -2.00  5.4987E+00  7.5277E-03  3.9760E+02   0.0001
 -2.00  5.6076E+00  6.7379E-03  4.9464E+02   0.0001
 -2.00  5.7186E+00  6.0479E-03  6.2512E+02   0.0001
 -2.00  5.8319E+00  5.5555E-03  8.3217E+02   0.0001
 -2.00  5.9473E+00  5.3577E-03  1.0117E+03   0.0001
 -2.00  6.0651E+00  5.2151E-03  1.1465E+03   0.0001
 -2.00  6.1852E+00  5.0901E-03  1.1221E+03   0.0001
 -2.00  6.3077E+00  4.8478E-03  1.0534E+03   0.0001
 -2.00  6.4326E+00  4.5336E-03  9.9378E+02   0.0001
 -2.00  6.5600E+00  4.2164E-03  9.4295E+02   0.0001
 -2.00  6.6899E+00  3.9130E-03  9.0631E+02   0.0001
 -2.00  6.8224E+00  3.6395E-03  8.6724E+02   0.0001
 -2.00  6.9575E+00  3.3706E-03  8.1241E+02   0.0001
 -2.00  7.0953E+00  3.1028E-03  7.5600E+02   0.0001
 -2.00  7.2358E+00  2.8477E-03  7.1320E+02   0.0001
 -2.00  7.3790E+00  2.6029E-03  6.5852E+02   0.0001
 -2.00  7.5252E+00  2.3715E-03  6.1770E+02   0.0001
 -2.00  7.6742E+00  2.1522E-03  5.6809E+02   0.0001
 -2.00  7.8261E+00  1.9387E-03  5.3414E+02   0.0001
 -2.00  7.9811E+00  1.7434E-03  5.1161E+02   0.0001
 -2.00  8.1392E+00  1.5659E-03  4.9543E+02   0.0001
 -2.00  8.3004E+00  1.4043E-03  4.8294E+02   0.0001
 -2.00  8.4647E+00  1.2557E-03  4.7171E+02   0.0001
 -2.00  8.6323E+00  1.1167E-03  4.6208E+02   0.0000
 -2.00  8.8033E+00  9.8715E-04  4.5485E+02   0.0000
 -2.00  8.9776E+00  8.6694E-04  4.5039E+02   0.0000
 -2.00  9.1554E+00  7.5313E-04  4.5155E+02   0.0000
 -2.00  9.3367E+00  6.4527E-04  4.6013E+02   0.0000
 -2.00  9.5216E+00  5.4619E-04  4.7397E+02   0.0000
 -2.00  9.7101E+00  4.4762E-04  5.0225E+02   0.0000
 -2.00  9.9024E+00  3.5454E-04  5.4680E+02   0.0000
 -2.00  1.0099E+01  2.6892E-04  6.5769E+02   0.0000
 -2.00  1.0299E+01  2.0242E-04  8.4543E+02   0.0000
 -2.00  1.0502E+01  1.6432E-04  1.1755E+03   0.0000
 -2.00  1.0710E+01  2.0385E-04  1.7703E+03   0.0000
 -2.00  1.0922E+01  3.3200E-04  2.4870E+03   0.0000
 -2.00  1.1139E+01  5.1110E-04  3.1373E+03   0.0000
 -2.00  1.1359E+01  6.8386E-04  3.5950E+03   0.0000
 -2.00  1.1584E+01  7.9158E-04  3.7573E+03   0.0000
 -2.00  1.1814E+01  8.8306E-04  3.8349E+03   0.0000
 -2.00  1.2048E+01  9.3780E-04  3.7805E+03   0.0000
 -2.00  1.2286E+01  9.6298E-04  3.6304E+03   0.0000
 -2.00  1.2530E+01  9.6411E-04  3.4148E+03   0.0000
 -2.00  1.2778E+01  9.3013E-04  3.1210E+03   0.0000
 -2.00  1.3031E+01  8.8517E-04  2.8197E+03   0.0000
 -2.00  1.3289E+01  8.2749E-04  2.5089E+03   0.0000
 -2.00  1.3552E+01  7.6396E-04  2.2239E+03   0.0000
 -2.00  1.3820E+01  7.0346E-04  1.9593E+03   0.0000
 -2.00  1.4094E+01  6.4176E-04  1.6953E+03   0.0000
 -2.00  1.4373E+01  5.7655E-04  1.4534E+03   0.0000
 -2.00  1.4658E+01  5.1160E-04  1.2309E+03   0.0000
 -2.00  1.4948E+01  4.5274E-04  1.0691E+03   0.0000
 -2.00  1.5244E+01  4.0058E-04  9.3537E+02   0.0000
 -2.00  1.5546E+01  3.5597E-04  8.4454E+02   0.0000
 -2.00  1.5854E+01  3.1868E-04  7.7833E+02   0.0000
 -2.00  1.6168E+01  2.8602E-04  7.2163E+02   0.0000
 -2.00  1.6488E+01  2.6012E-04  6.9197E+02   0.0000
 -2.00  1.6814E+01  2.3956E-04  6.5172E+02   0.0000
 -2.00  1.7147E+01  2.2005E-04  5.8803E+02   0.0000
 -2.00  1.7487E+01  1.9926E-04  5.2468E+02   0.0000
 -2.00  1.7833E+01  1.7959E-04  4.6335E+02   0.0000
 -2.00  1.8186E+01  1.6179E-04  4.0335E+02   0.0000
 -2.00  1.8546E+01  1.4532E-04  3.7918E+02   0.0000
 -2.00  1.8914E+01  1.3067E-04  3.6052E+02   0.0000
 -2.00  1.9288E+01  1.1969E-04  3.7086E+02   0.0000
 -2.00  1.9670E+01  1.1140E-04  3.5306E+02   0.0000
 -2.00  2.0060E+01  1.0302E-04  3.0592E+02   0.0000
 -2.00  2.0457E+01  9.3625E-05  2.4835E+02   0.0000
 -2.00  2.0862E+01  8.3981E-05  2.0288E+02   0.0000
 -2.00  2.1275E+01  7.5107E-05  1.7892E+02   0.0000
 -2.00  2.1696E+01  6.7083E-05  1.5515E+02   0.0000
 -2.00  2.2126E+01  5.9834E-05  1.3156E+02   0.0000
 -2.00  2.2564E+01  5.3207E-05  1.1941E+02   0.0000
 -2.00  2.3011E+01  4.7383E-05  1.1536E+02   0.0000
 -2.00  2.3467E+01  4.2266E-05  1.1462E+02   0.0000
 -2.00  2.3931E+01  3.7740E-05  1.1559E+02   0.0000
 -2.00  2.4405E+01  3.3680E-05  1.1714E+02   0.0000
 -2.00  2.4889E+01  3.0014E-05  1.2004E+02   0.0000
 -2.00  2.5382E+01  2.6728E-05  1.2574E+02   0.0000
 -2.00  2.5884E+01  2.3770E-05  1.3197E+02   0.0000
 -2.00  2.6397E+01  2.1118E-05  1.4234E+02   0.0000
 -2.00  2.6919E+01  1.8736E-05  1.5387E+02   0.0000
 -2.00  2.7452E+01  1.6595E-05  1.6535E+02   0.0000
 -2.00  2.7996E+01  1.4672E-05  1.7678E+02   0.0000
 -2.00  2.8551E+01  1.2948E-05  1.8816E+02   0.0000
 -2.00  2.9116E+01  1.1442E-05  2.1476E+02   0.0000
 -2.00  2.9692E+01  1.0107E-05  2.4179E+02   0.0000
 -2.00  3.0280E+01  8.9255E-06  2.6869E+02   0.0000
 -2.00  3.0880E+01  7.8824E-06  2.9550E+02   0.0000
 -2.00  3.1492E+01  7.0866E-06  3.3286E+02   0.0000
 -2.00  3.2115E+01  6.4228E-06  3.7260E+02   0.0000
 -2.00  3.2751E+01  5.8487E-06  4.1208E+02   0.0000
 -2.00  3.3400E+01  5.3662E-06  4.5178E+02   0.0000
 -2.00  3.4061E+01  5.0464E-06  4.9497E+02   0.0000
 -2.00  3.4736E+01  4.7956E-06  5.3833E+02   0.0000
 -2.00  3.5424E+01  4.6155E-06  5.8218E+02   0.0000
 -2.00  3.6125E+01  4.4893E-06  6.2564E+02   0.0000
 -2.00  3.6840E+01  4.3976E-06  6.6864E+02   0.0000
 -2.00  3.7570E+01  4.3355E-06  7.1065E+02   0.0000
 -2.00  3.8314E+01  4.2902E-06  7.5196E+02   0.0000
 -2.00  3.9073E+01  4.2440E-06  7.9243E+02   0.0000
 -2.00  3.9846E+01  4.1974E-06  8.3427E+02   0.0000
 -2.00  4.0635E+01  4.1414E-06  8.7976E+02   0.0000
 -2.00  4.1440E+01  4.1943E-06  9.4215E+02   0.0000
 -2.00  4.2261E+01  4.4365E-06  1.0339E+03   0.0000
 -2.00  4.3097E+01  4.9094E-06  1.1534E+03   0.0000
 -2.00  4.3951E+01  6.0593E-06  1.3428E+03   0.0000
 -2.00  4.4821E+01  8.0431E-06  1.5809E+03   0.0000
 -2.00  4.5709E+01  1.0926E-05  1.8111E+03   0.0000
 -2.00  4.6614E+01  1.3285E-05  1.8331E+03   0.0000
 -2.00  4.7537E+01  1.3072E-05  1.5748E+03   0.0000
 -2.00  4.8479E+01  1.1338E-05  1.2646E+03   0.0000
 -2.00  4.9438E+01  9.5322E-06  1.0383E+03   0.0000
 -2.00  5.0417E+01  8.0930E-06  8.7489E+02   0.0000
 -2.00  5.1416E+01  6.9702E-06  7.6572E+02   0.0000
 -2.00  5.2434E+01  6.1464E-06  6.9674E+02   0.0000
 -2.00  5.3472E+01  5.4993E-06  6.4237E+02   0.0000
 -2.00  5.4531E+01  5.0534E-06  5.9060E+02   0.0000
 -2.00  5.5611E+01  4.5608E-06  5.1372E+02   0.0000
 -2.00  5.6713E+01  3.9647E-06  4.3321E+02   0.0000
 -2.00  5.7835E+01  3.3286E-06  3.7365E+02   0.0000
 -2.00  5.8981E+01  2.7370E-06  3.4987E+02   0.0000
 -2.00  6.0149E+01  2.3546E-06  3.8874E+02   0.0000
 -2.00  6.1340E+01  2.1910E-06  4.3304E+02   0.0000
 -2.00  6.2555E+01  2.1051E-06  4.6661E+02   0.0000
 -2.00  6.3793E+01  2.0525E-06  4.8812E+02   0.0000
 -2.00  6.5057E+01  2.0110E-06  4.9618E+02   0.0000
 -2.00  6.6345E+01  1.9643E-06  4.9358E+02   0.0000
 -2.00  6.7659E+01  1.9055E-06  4.8103E+02   0.0000
 -2.00  6.8998E+01  1.8320E-06  4.6055E+02   0.0000
 -2.00  7.0365E+01  1.7445E-06  4.3400E+02   0.0000
 -2.00  7.1758E+01  1.6399E-06  4.0373E+02   0.0000
 -2.00  7.3179E+01  1.5379E-06  3.7367E+02   0.0000
 -2.00  7.4628E+01  1.4268E-06  3.4203E+02   0.0000
 -2.00  7.6106E+01  1.3142E-06  3.1164E+02   0.0000
 -2.00  7.7613E+01  1.2072E-06  2.8922E+02   0.0000
 -2.00  7.9150E+01  1.1095E-06  2.6829E+02   0.0000
 -2.00  8.0718E+01  1.0198E-06  2.4910E+02   0.0000
 -2.00  8.2316E+01  9.3732E-07  2.3182E+02   0.0000
 -2.00  8.3946E+01  8.6146E-07  2.1587E+02   0.0000
 -2.00  8.5609E+01  7.9170E-07  2.0128E+02   0.0000
 -2.00  8.7304E+01  7.2759E-07  1.8805E+02   0.0000
 -2.00  8.9033E+01  6.6848E-07  1.7605E+02   0.0000
 -2.00  9.0796E+01  6.1425E-07  1.6426E+02   0.0000
 -2.00  9.2594E+01  5.6450E-07  1.5419E+02   0.0000
 -2.00  9.4427E+01  5.1882E-07  1.4430E+02   0.0000
 -2.00  9.6297E+01  4.7697E-07  1.3535E+02   0.0000
 -2.00  9.8204E+01  4.3857E-07  1.2705E+02   0.0000
 -2.00  1.0015E+02  4.0329E-07  1.1906E+02   0.0000
 -2.00  1.0213E+02  3.7108E-07  1.1314E+02   0.0000
 -2.00  1.0415E+02  3.4142E-07  1.0732E+02   0.0000
 -2.00  1.0622E+02  3.1413E-07  1.0160E+02   0.0000
 -2.00  1.0832E+02  2.8899E-07  9.5983E+01   0.0000
 -2.00  1.1047E+02  2.6587E-07  9.0461E+01   0.0000
 -2.00  1.1265E+02  2.4459E-07  8.5035E+01   0.0000
 -2.00  1.1488E+02  2.2500E-07  7.9700E+01   0.0000
 -2.00  1.1716E+02  2.0698E-07  7.4457E+01   0.0000
 -2.00  1.1948E+02  1.9040E-07  6.9302E+01   0.0000
 -2.00  1.2185E+02  1.7540E-07  6.5901E+01   0.0000
 -2.00  1.2426E+02  1.6165E-07  6.3031E+01   0.0000
 -2.00  1.2672E+02  1.4897E-07  6.0212E+01   0.0000
 -2.00  1.2923E+02  1.3728E-07  5.7445E+01   0.0000
 -2.00  1.3179E+02  1.2649E-07  5.4727E+01   0.0000
 -2.00  1.3440E+02  1.1655E-07  5.2057E+01   0.0000
 -2.00  1.3706E+02  1.0739E-07  4.9434E+01   0.0000
 -2.00  1.3977E+02  9.8939E-08  4.6859E+01   0.0000
 -2.00  1.4254E+02  9.1148E-08  4.4328E+01   0.0000
 -2.00  1.4536E+02  8.3966E-08  4.1841E+01   0.0000
 -2.00  1.4824E+02  7.7348E-08  3.9399E+01   0.0000
 -2.00  1.5118E+02  7.1246E-08  3.6998E+01   0.0000
 -2.00  1.5417E+02  6.5622E-08  3.4640E+01   0.0000
 -2.00  1.5722E+02  6.0440E-08  3.2322E+01   0.0000
 -2.00  1.6034E+02  5.5676E-08  3.0152E+01   0.0000
 -2.00  1.6351E+02  5.1373E-08  2.8914E+01   0.0000
 -2.00  1.6675E+02  4.7400E-08  2.7699E+01   0.0000
 -2.00  1.7005E+02  4.3734E-08  2.6506E+01   0.0000
 -2.00  1.7342E+02  4.0348E-08  2.5336E+01   0.0000
 -2.00  1.7685E+02  3.7224E-08  2.4186E+01   0.0000
 -2.00  1.8036E+02  3.4341E-08  2.3058E+01   0.0000
 -2.00  1.8393E+02  3.1679E-08  2.1951E+01   0.0000
 -2.00  1.8757E+02  2.9223E-08  2.0864E+01   0.0000
 -2.00  1.9128E+02  2.6956E-08  1.9797E+01   0.0000
 -2.00  1.9507E+02  2.4864E-08  1.8749E+01   0.0000
 -2.00  1.9893E+02  2.2933E-08  1.7720E+01   0.0000
 -2.00  2.0288E+02  2.1151E-08  1.6709E+01   0.0000
 -2.00  2.0689E+02  1.9507E-08  1.5717E+01   0.0000
 -2.00  2.1099E+02  1.7996E-08  1.4840E+01   0.0000
 -2.00  2.1517E+02  1.6619E-08  1.4284E+01   0.0000
 -2.00  2.1943E+02  1.5347E-08  1.3739E+01   0.0000
 -2.00  2.2377E+02  1.4173E-08  1.3204E+01   0.0000
 -2.00  2.2821E+02  1.3087E-08  1.2679E+01   0.0000
 -2.00  2.3272E+02  1.2085E-08  1.2164E+01   0.0000
 -2.00  2.3733E+02  1.1159E-08  1.1658E+01   0.0000
 -2.00  2.4203E+02  1.0304E-08  1.1163E+01   0.0000
 -2.00  2.4682E+02  9.5144E-09  1.0676E+01   0.0000
 -2.00  2.5171E+02  8.7849E-09  1.0199E+01   0.0000
 -2.00  2.5670E+02  8.1112E-09  9.7303E+00   0.0000
 -2.00  2.6178E+02  7.4888E-09  9.2707E+00   0.0000
 -2.00  2.6696E+02  6.9141E-09  8.8197E+00   0.0000
 -2.00  2.7225E+02  6.3833E-09  8.3771E+00   0.0000
 -2.00  2.7764E+02  5.8931E-09  7.9428E+00   0.0000
 -2.00  2.8314E+02  5.4404E-09  7.5166E+00   0.0000
 -2.00  2.8875E+02  5.0223E-09  7.0983E+00   0.0000
 -2.00  2.9446E+02  4.6362E-09  6.6877E+00   0.0000
 -2.00  3.0030E+02  4.2799E-09  6.2945E+00   0.0000
 -2.00  3.0624E+02  3.9552E-09  6.0911E+00   0.0000
 -2.00  3.1231E+02  3.6550E-09  5.8916E+00   0.0000
 -2.00  3.1849E+02  3.3776E-09  5.6959E+00   0.0000
 -2.00  3.2480E+02  3.1213E-09  5.5040E+00   0.0000
 -2.00  3.3123E+02  2.8843E-09  5.3157E+00   0.0000
 -2.00  3.3779E+02  2.6654E-09  5.1311E+00   0.0000
 -2.00  3.4448E+02  2.4630E-09  4.9501E+00   0.0000
 -2.00  3.5130E+02  2.2760E-09  4.7725E+00   0.0000
 -2.00  3.5826E+02  2.1031E-09  4.5983E+00   0.0000
 -2.00  3.6535E+02  1.9434E-09  4.4275E+00   0.0000
 -2.00  3.7259E+02  1.7957E-09  4.2600E+00   0.0000
 -2.00  3.7996E+02  1.6593E-09  4.0956E+00  -0.0000
 -2.00  3.8749E+02  1.5332E-09  3.9344E+00   0.0000
 -2.00  3.9516E+02  1.4167E-09  3.7764E+00   0.0000
 -2.00  4.0299E+02  1.3090E-09  3.6213E+00   0.0000
 -2.00  4.1097E+02  1.2095E-09  3.4692E+00   0.0000
 -2.00  4.1911E+02  1.1175E-09  3.3200E+00   0.0000
 -2.00  4.2741E+02  1.0326E-09  3.1737E+00   0.0000
 -2.00  4.3587E+02  9.5402E-10  3.0301E+00   0.0000
 -2.00  4.4450E+02  8.8146E-10  2.8893E+00   0.0000
 -2.00  4.5330E+02  8.1439E-10  2.7512E+00   0.0000
 -2.00  4.6228E+02  7.5243E-10  2.6157E+00   0.0000
 -2.00  4.7143E+02  6.9516E-10  2.4828E+00   0.0000
 -2.00  4.8077E+02  6.4225E-10  2.3524E+00   0.0000
 -2.00  4.9029E+02  5.9336E-10  2.2245E+00  -0.0000
 -2.00  5.0000E+02  5.4818E-10  2.0991E+00   0.0000
