  0.00  2.0000E-01  3.5625E+03  3.5105E+01   0.7457
  0.00  2.0396E-01  3.5668E+03  3.4534E+01   0.7465
  0.00  2.0800E-01  3.5719E+03  3.4522E+01   0.7470
  0.00  2.1212E-01  3.5758E+03  3.3511E+01   0.7480
  0.00  2.1632E-01  3.5804E+03  3.2935E+01   0.7489
  0.00  2.2060E-01  3.5850E+03  3.2638E+01   0.7496
  0.00  2.2497E-01  3.5892E+03  3.1842E+01   0.7499
  0.00  2.2943E-01  3.5930E+03  3.1633E+01   0.7500
  0.00  2.3397E-01  3.5986E+03  3.0757E+01   0.7503
  0.00  2.3860E-01  3.6019E+03  3.0386E+01   0.7507
  0.00  2.4333E-01  3.6071E+03  2.9779E+01   0.7506
  0.00  2.4815E-01  3.6113E+03  2.9168E+01   0.7510
  0.00  2.5306E-01  3.6160E+03  2.9348E+01   0.7510
  0.00  2.5807E-01  3.6220E+03  2.8719E+01   0.7511
  0.00  2.6318E-01  3.6255E+03  2.8485E+01   0.7512
  0.00  2.6839E-01  3.6304E+03  2.7524E+01   0.7512
  0.00  2.7371E-01  3.6362E+03  2.7315E+01   0.7509
  0.00  2.7913E-01  3.6398E+03  2.6840E+01   0.7510
  0.00  2.8466E-01  3.6458E+03  2.6412E+01   0.7507
  0.00  2.9029E-01  3.6504E+03  2.5827E+01   0.7506
  0.00  2.9604E-01  3.6554E+03  2.5560E+01   0.7503
  0.00  3.0190E-01  3.6597E+03  2.5370E+01   0.7502
  0.00  3.0788E-01  3.6637E+03  2.6860E+01   0.7501
  0.00  3.1398E-01  3.6686E+03  2.7568E+01   0.7498
  0.00  3.2020E-01  3.6720E+03  2.8385E+01   0.7499
  0.00  3.2654E-01  3.6826E+03  2.3614E+01   0.7488
  0.00  3.3300E-01  3.6930E+03  1.8511E+01   0.7479
  0.00  3.3960E-01  3.7034E+03  1.3426E+01   0.7469
  0.00  3.4632E-01  3.7094E+03  1.1405E+01   0.7460
  0.00  3.5318E-01  3.7163E+03  9.1032E+00   0.7451
  0.00  3.6018E-01  3.7247E+03  7.3274E+00   0.7439
  0.00  3.6731E-01  3.7293E+03  6.3477E+00   0.7433
  0.00  3.7458E-01  3.7371E+03  5.8181E+00   0.7421
  0.00  3.8200E-01  3.7434E+03  5.0849E+00   0.7411
  0.00  3.8956E-01  3.7483E+03  4.6240E+00   0.7406
  0.00  3.9728E-01  3.7552E+03  4.4223E+00   0.7396
  0.00  4.0515E-01  3.7612E+03  4.0635E+00   0.7388
  0.00  4.1317E-01  3.7670E+03  4.3280E+00   0.7378
  0.00  4.2135E-01  3.7735E+03  4.1432E+00   0.7369
  0.00  4.2969E-01  3.7791E+03  3.8608E+00   0.7361
  0.00  4.3820E-01  3.7854E+03  3.9457E+00   0.7351
  0.00  4.4688E-01  3.7912E+03  3.8914E+00   0.7344
  0.00  4.5573E-01  3.7988E+03  3.9245E+00   0.7333
  0.00  4.6475E-01  3.8053E+03  4.0133E+00   0.7324
  0.00  4.7396E-01  3.8117E+03  3.9136E+00   0.7314
  0.00  4.8334E-01  3.8176E+03  3.7821E+00   0.7307
  0.00  4.9292E-01  3.8247E+03  3.7093E+00   0.7298
  0.00  5.0268E-01  3.8338E+03  4.0499E+00   0.7284
  0.00  5.1263E-01  3.8397E+03  4.1483E+00   0.7272
  0.00  5.2278E-01  3.8485E+03  4.1584E+00   0.7258
  0.00  5.3313E-01  3.8527E+03  3.5819E+00   0.7249
  0.00  5.4369E-01  3.8611E+03  3.6515E+00   0.7235
  0.00  5.5446E-01  3.8673E+03  3.5693E+00   0.7224
  0.00  5.6544E-01  3.8750E+03  3.7619E+00   0.7210
  0.00  5.7664E-01  3.8841E+03  3.6916E+00   0.7196
  0.00  5.8806E-01  3.8902E+03  3.5584E+00   0.7185
  0.00  5.9970E-01  3.8982E+03  3.7339E+00   0.7171
  0.00  6.1158E-01  3.9063E+03  3.7084E+00   0.7158
  0.00  6.2369E-01  3.9165E+03  3.8843E+00   0.7140
  0.00  6.3604E-01  3.9222E+03  3.7089E+00   0.7129
  0.00  6.4863E-01  3.9302E+03  3.7899E+00   0.7115
  0.00  6.6148E-01  3.9394E+03  3.7126E+00   0.7099
  0.00  6.7458E-01  3.9489E+03  3.7949E+00   0.7080
  0.00  6.8793E-01  3.9556E+03  3.6238E+00   0.7066
  0.00  7.0156E-01  3.9644E+03  3.7412E+00   0.7049
  0.00  7.1545E-01  3.9734E+03  3.7093E+00   0.7028
  0.00  7.2962E-01  3.9815E+03  3.6864E+00   0.7008
  0.00  7.4407E-01  3.9899E+03  3.5891E+00   0.6986
  0.00  7.5880E-01  3.9990E+03  3.7469E+00   0.6964
  0.00  7.7383E-01  4.0091E+03  3.7707E+00   0.6941
  0.00  7.8915E-01  4.0163E+03  3.6477E+00   0.6921
  0.00  8.0478E-01  4.0256E+03  3.6863E+00   0.6898
  0.00  8.2071E-01  4.0356E+03  3.7433E+00   0.6872
  0.00  8.3697E-01  4.0435E+03  3.6828E+00   0.6848
  0.00  8.5354E-01  4.0535E+03  3.6670E+00   0.6821
  0.00  8.7044E-01  4.0624E+03  3.6573E+00   0.6795
  0.00  8.8768E-01  4.0717E+03  3.6217E+00   0.6768
  0.00  9.0526E-01  4.0824E+03  3.6722E+00   0.6738
  0.00  9.2318E-01  4.0913E+03  3.5725E+00   0.6710
  0.00  9.4147E-01  4.1018E+03  3.5900E+00   0.6680
  0.00  9.6011E-01  4.1125E+03  3.5870E+00   0.6650
  0.00  9.7912E-01  4.1230E+03  3.5477E+00   0.6620
  0.00  9.9851E-01  4.1351E+03  3.5702E+00   0.6588
  0.00  1.0183E+00  4.1470E+03  3.5139E+00   0.6559
  0.00  1.0385E+00  4.1598E+03  3.4564E+00   0.6529
  0.00  1.0590E+00  4.1737E+03  3.4189E+00   0.6500
  0.00  1.0800E+00  4.1889E+03  3.3972E+00   0.6471
  0.00  1.1014E+00  4.2050E+03  3.3736E+00   0.6443
  0.00  1.1232E+00  4.2222E+03  3.3170E+00   0.6416
  0.00  1.1454E+00  4.2411E+03  3.2843E+00   0.6390
  0.00  1.1681E+00  4.2617E+03  3.2552E+00   0.6367
  0.00  1.1912E+00  4.2841E+03  3.2288E+00   0.6345
  0.00  1.2148E+00  4.3087E+03  3.1876E+00   0.6326
  0.00  1.2389E+00  4.3356E+03  3.1516E+00   0.6310
  0.00  1.2634E+00  4.3650E+03  3.1176E+00   0.6298
  0.00  1.2884E+00  4.3970E+03  3.0856E+00   0.6288
  0.00  1.3139E+00  4.4293E+03  3.0590E+00   0.6278
  0.00  1.3400E+00  4.4618E+03  3.0347E+00   0.6265
  0.00  1.3665E+00  4.4963E+03  3.0090E+00   0.6254
  0.00  1.3936E+00  4.5327E+03  2.9853E+00   0.6246
  0.00  1.4212E+00  4.5781E+03  2.9389E+00   0.6255
  0.00  1.4493E+00  4.6289E+03  2.8864E+00   0.6273
  0.00  1.4780E+00  4.6830E+03  2.8352E+00   0.6296
  0.00  1.5073E+00  4.7383E+03  2.7907E+00   0.6320
  0.00  1.5371E+00  4.7893E+03  2.7661E+00   0.6334
  0.00  1.5676E+00  4.8422E+03  2.7428E+00   0.6351
  0.00  1.5986E+00  4.8965E+03  2.7190E+00   0.6369
  0.00  1.6303E+00  4.9536E+03  2.6781E+00   0.6393
  0.00  1.6625E+00  5.0117E+03  2.6369E+00   0.6420
  0.00  1.6955E+00  5.0706E+03  2.5962E+00   0.6448
  0.00  1.7290E+00  5.1301E+03  2.5712E+00   0.6478
  0.00  1.7633E+00  5.1897E+03  2.5486E+00   0.6510
  0.00  1.7982E+00  5.2487E+03  2.5262E+00   0.6543
  0.00  1.8338E+00  5.3119E+03  2.4997E+00   0.6589
  0.00  1.8701E+00  5.3735E+03  2.4731E+00   0.6637
  0.00  1.9072E+00  5.4315E+03  2.4475E+00   0.6683
  0.00  1.9449E+00  5.4831E+03  2.4254E+00   0.6719
  0.00  1.9834E+00  5.5313E+03  2.4036E+00   0.6754
  0.00  2.0227E+00  5.5730E+03  2.3805E+00   0.6779
  0.00  2.0628E+00  5.6096E+03  2.3566E+00   0.6796
  0.00  2.1036E+00  5.6429E+03  2.3331E+00   0.6812
  0.00  2.1453E+00  5.6727E+03  2.3100E+00   0.6827
  0.00  2.1878E+00  5.6989E+03  2.2873E+00   0.6840
  0.00  2.2311E+00  5.7222E+03  2.2469E+00   0.6870
  0.00  2.2753E+00  5.7394E+03  2.2001E+00   0.6905
  0.00  2.3203E+00  5.7492E+03  2.1542E+00   0.6938
  0.00  2.3663E+00  5.7513E+03  2.1092E+00   0.6969
  0.00  2.4131E+00  5.7464E+03  2.0709E+00   0.6995
  0.00  2.4609E+00  5.7374E+03  2.0484E+00   0.7009
  0.00  2.5096E+00  5.7224E+03  2.0262E+00   0.7021
  0.00  2.5593E+00  5.7012E+03  2.0042E+00   0.7031
  0.00  2.6100E+00  5.6741E+03  1.9824E+00   0.7040
  0.00  2.6617E+00  5.6408E+03  1.9609E+00   0.7047
  0.00  2.7144E+00  5.6015E+03  1.9396E+00   0.7052
  0.00  2.7682E+00  5.5563E+03  1.9185E+00   0.7056
  0.00  2.8230E+00  5.5030E+03  1.9000E+00   0.7060
  0.00  2.8789E+00  5.4399E+03  1.8850E+00   0.7066
  0.00  2.9359E+00  5.3704E+03  1.8700E+00   0.7069
  0.00  2.9940E+00  5.2948E+03  1.8549E+00   0.7071
  0.00  3.0533E+00  5.2175E+03  1.8354E+00   0.7068
  0.00  3.1138E+00  5.1356E+03  1.8156E+00   0.7062
  0.00  3.1755E+00  5.0490E+03  1.7959E+00   0.7055
  0.00  3.2383E+00  4.9580E+03  1.7763E+00   0.7046
  0.00  3.3025E+00  4.8630E+03  1.7568E+00   0.7036
  0.00  3.3679E+00  4.7642E+03  1.7375E+00   0.7023
  0.00  3.4346E+00  4.6620E+03  1.7184E+00   0.7009
  0.00  3.5026E+00  4.5568E+03  1.7007E+00   0.6994
  0.00  3.5719E+00  4.4511E+03  1.7210E+00   0.6975
  0.00  3.6427E+00  4.3431E+03  1.7401E+00   0.6955
  0.00  3.7148E+00  4.2331E+03  1.7582E+00   0.6933
  0.00  3.7884E+00  4.1216E+03  1.7752E+00   0.6910
  0.00  3.8634E+00  4.0087E+03  1.7911E+00   0.6885
  0.00  3.9399E+00  3.8948E+03  1.8060E+00   0.6858
  0.00  4.0179E+00  3.7783E+03  1.9085E+00   0.6831
  0.00  4.0975E+00  3.6548E+03  2.3022E+00   0.6804
  0.00  4.1786E+00  3.5310E+03  2.6814E+00   0.6775
  0.00  4.2614E+00  3.4075E+03  3.0465E+00   0.6745
  0.00  4.3457E+00  3.2843E+03  3.3974E+00   0.6713
  0.00  4.4318E+00  3.1619E+03  3.7346E+00   0.6679
  0.00  4.5196E+00  3.0372E+03  4.8534E+00   0.6645
  0.00  4.6091E+00  2.9027E+03  8.6676E+00   0.6611
  0.00  4.7003E+00  2.7702E+03  1.2321E+01   0.6576
  0.00  4.7934E+00  2.6401E+03  1.5819E+01   0.6539
  0.00  4.8883E+00  2.5125E+03  1.9163E+01   0.6500
  0.00  4.9851E+00  2.3878E+03  2.2357E+01   0.6458
  0.00  5.0839E+00  2.2555E+03  2.4964E+01   0.6417
  0.00  5.1845E+00  2.1251E+03  2.7363E+01   0.6373
  0.00  5.2872E+00  1.9987E+03  2.9636E+01   0.6326
  0.00  5.3919E+00  1.8765E+03  3.1789E+01   0.6277
  0.00  5.4987E+00  1.7586E+03  3.3824E+01   0.6224
  0.00  5.6076E+00  1.6333E+03  3.2879E+01   0.6170
  0.00  5.7186E+00  1.5132E+03  3.1925E+01   0.6112
  0.00  5.8319E+00  1.3986E+03  3.0999E+01   0.6050
  0.00  5.9473E+00  1.2896E+03  3.0101E+01   0.5984
  0.00  6.0651E+00  1.1820E+03  2.9808E+01   0.5914
  0.00  6.1852E+00  1.0775E+03  2.9973E+01   0.5839
  0.00  6.3077E+00  9.7928E+02  3.0117E+01   0.5760
  0.00  6.4326E+00  8.8741E+02  3.0244E+01   0.5675
  0.00  6.5600E+00  7.9901E+02  3.0838E+01   0.5585
  0.00  6.6899E+00  7.1418E+02  3.1926E+01   0.5488
  0.00  6.8224E+00  6.3595E+02  3.2956E+01   0.5386
  0.00  6.9575E+00  5.6407E+02  3.3932E+01   0.5279
  0.00  7.0953E+00  4.7955E+02  3.7193E+01   0.5160
  0.00  7.2358E+00  3.9676E+02  4.1295E+01   0.5030
  0.00  7.3790E+00  3.2422E+02  4.5184E+01   0.4893
  0.00  7.5252E+00  2.5231E+02  7.0563E+01   0.4745
  0.00  7.6742E+00  1.6123E+02  1.9202E+02   0.4567
  0.00  7.8261E+00  9.9377E+01  3.0027E+02   0.4381
  0.00  7.9811E+00  6.0789E+01  3.9769E+02   0.4191
  0.00  8.1392E+00  5.4196E+01  6.6741E+02   0.3964
  0.00  8.3004E+00  9.5484E+01  9.4474E+02   0.3748
  0.00  8.4647E+00  1.6618E+02  1.2168E+03   0.3560
  0.00  8.6323E+00  2.5536E+02  1.4923E+03   0.3397
  0.00  8.8033E+00  3.6171E+02  1.7720E+03   0.3241
  0.00  8.9776E+00  4.9391E+02  2.0750E+03   0.3089
  0.00  9.1554E+00  6.4923E+02  2.3816E+03   0.2944
  0.00  9.3367E+00  8.0002E+02  2.6091E+03   0.2803
  0.00  9.5216E+00  9.2413E+02  2.7174E+03   0.2682
  0.00  9.7101E+00  1.0091E+03  2.7106E+03   0.2599
  0.00  9.9024E+00  1.0499E+03  2.6231E+03   0.2569
  0.00  1.0099E+01  1.0595E+03  2.4979E+03   0.2586
  0.00  1.0299E+01  1.0559E+03  2.3609E+03   0.2634
  0.00  1.0502E+01  1.0479E+03  2.2184E+03   0.2704
  0.00  1.0710E+01  1.0388E+03  2.0624E+03   0.2799
  0.00  1.0922E+01  1.0214E+03  1.8746E+03   0.2931
  0.00  1.1139E+01  9.9763E+02  1.6537E+03   0.3083
  0.00  1.1359E+01  9.6437E+02  1.3985E+03   0.3232
  0.00  1.1584E+01  9.1703E+02  1.0884E+03   0.3367
  0.00  1.1814E+01  8.1907E+02  7.7548E+02   0.3392
  0.00  1.2048E+01  6.7107E+02  5.7263E+02   0.3254
  0.00  1.2286E+01  5.3738E+02  5.2398E+02   0.3042
  0.00  1.2530E+01  4.2551E+02  4.8914E+02   0.2826
  0.00  1.2778E+01  3.6028E+02  5.0679E+02   0.2659
  0.00  1.3031E+01  3.0522E+02  5.2360E+02   0.2501
  0.00  1.3289E+01  2.6779E+02  5.2635E+02   0.2374
  0.00  1.3552E+01  2.3376E+02  5.2962E+02   0.2251
  0.00  1.3820E+01  2.0154E+02  5.3251E+02   0.2129
  0.00  1.4094E+01  1.7299E+02  5.3420E+02   0.2013
  0.00  1.4373E+01  1.4770E+02  5.3273E+02   0.1903
  0.00  1.4658E+01  1.2329E+02  5.4304E+02   0.1791
  0.00  1.4948E+01  1.0090E+02  5.6307E+02   0.1681
  0.00  1.5244E+01  8.1875E+01  6.3291E+02   0.1566
  0.00  1.5546E+01  6.8968E+01  7.2455E+02   0.1458
  0.00  1.5854E+01  6.7229E+01  8.7554E+02   0.1358
  0.00  1.6168E+01  7.4848E+01  1.0427E+03   0.1270
  0.00  1.6488E+01  9.0007E+01  1.2226E+03   0.1190
  0.00  1.6814E+01  1.1232E+02  1.3960E+03   0.1123
  0.00  1.7147E+01  1.3578E+02  1.5410E+03   0.1062
  0.00  1.7487E+01  1.5860E+02  1.6462E+03   0.1010
  0.00  1.7833E+01  1.7684E+02  1.6922E+03   0.0970
  0.00  1.8186E+01  1.8968E+02  1.6930E+03   0.0939
  0.00  1.8546E+01  1.9674E+02  1.6547E+03   0.0917
  0.00  1.8914E+01  1.9700E+02  1.5869E+03   0.0904
  0.00  1.9288E+01  1.9280E+02  1.5039E+03   0.0898
  0.00  1.9670E+01  1.8584E+02  1.4174E+03   0.0895
  0.00  2.0060E+01  1.7675E+02  1.3325E+03   0.0893
  0.00  2.0457E+01  1.6571E+02  1.2520E+03   0.0891
  0.00  2.0862E+01  1.5555E+02  1.1744E+03   0.0889
  0.00  2.1275E+01  1.4516E+02  1.1071E+03   0.0883
  0.00  2.1696E+01  1.3505E+02  1.0455E+03   0.0874
  0.00  2.2126E+01  1.2565E+02  9.8835E+02   0.0864
  0.00  2.2564E+01  1.1686E+02  9.3875E+02   0.0851
  0.00  2.3011E+01  1.0867E+02  8.9074E+02   0.0837
  0.00  2.3467E+01  1.0116E+02  8.5048E+02   0.0821
  0.00  2.3931E+01  9.4142E+01  8.1139E+02   0.0804
  0.00  2.4405E+01  8.7685E+01  7.7397E+02   0.0788
  0.00  2.4889E+01  8.1666E+01  7.3779E+02   0.0772
  0.00  2.5382E+01  7.5908E+01  7.0325E+02   0.0756
  0.00  2.5884E+01  7.0506E+01  6.6997E+02   0.0740
  0.00  2.6397E+01  6.5556E+01  6.3853E+02   0.0724
  0.00  2.6919E+01  6.0966E+01  6.0836E+02   0.0709
  0.00  2.7452E+01  5.6602E+01  5.7877E+02   0.0694
  0.00  2.7996E+01  5.2535E+01  5.5014E+02   0.0679
  0.00  2.8551E+01  4.8728E+01  5.2368E+02   0.0663
  0.00  2.9116E+01  4.5181E+01  4.9799E+02   0.0648
  0.00  2.9692E+01  4.1841E+01  4.7257E+02   0.0634
  0.00  3.0280E+01  3.8718E+01  4.4799E+02   0.0619
  0.00  3.0880E+01  3.5797E+01  4.2422E+02   0.0605
  0.00  3.1492E+01  3.3103E+01  4.0132E+02   0.0591
  0.00  3.2115E+01  3.0598E+01  3.7929E+02   0.0577
  0.00  3.2751E+01  2.8208E+01  3.5808E+02   0.0563
  0.00  3.3400E+01  2.6011E+01  3.3763E+02   0.0548
  0.00  3.4061E+01  2.3984E+01  3.1807E+02   0.0534
  0.00  3.4736E+01  2.2038E+01  3.0063E+02   0.0518
  0.00  3.5424E+01  2.0254E+01  2.8376E+02   0.0503
  0.00  3.6125E+01  1.8621E+01  2.6766E+02   0.0487
  0.00  3.6840E+01  1.7131E+01  2.5307E+02   0.0472
  0.00  3.7570E+01  1.5764E+01  2.3896E+02   0.0457
  0.00  3.8314E+01  1.4497E+01  2.2598E+02   0.0442
  0.00  3.9073E+01  1.3319E+01  2.1430E+02   0.0427
  0.00  3.9846E+01  1.2238E+01  2.0298E+02   0.0412
  0.00  4.0635E+01  1.1254E+01  1.9364E+02   0.0397
  0.00  4.1440E+01  1.0351E+01  1.8498E+02   0.0382
  0.00  4.2261E+01  9.5215E+00  1.7657E+02   0.0368
  0.00  4.3097E+01  8.7595E+00  1.6840E+02   0.0355
  0.00  4.3951E+01  8.0591E+00  1.6047E+02   0.0342
  0.00  4.4821E+01  7.4157E+00  1.5275E+02   0.0329
  0.00  4.5709E+01  6.8297E+00  1.4622E+02   0.0317
  0.00  4.6614E+01  6.2919E+00  1.4012E+02   0.0305
  0.00  4.7537E+01  5.7969E+00  1.3419E+02   0.0294
  0.00  4.8479E+01  5.3414E+00  1.2843E+02   0.0283
  0.00  4.9438E+01  4.9221E+00  1.2282E+02   0.0272
  0.00  5.0417E+01  4.5376E+00  1.1751E+02   0.0262
  0.00  5.1416E+01  4.1856E+00  1.1255E+02   0.0252
  0.00  5.2434E+01  3.8612E+00  1.0773E+02   0.0243
  0.00  5.3472E+01  3.5623E+00  1.0304E+02   0.0234
  0.00  5.4531E+01  3.2869E+00  9.8474E+01   0.0226
  0.00  5.5611E+01  3.0326E+00  9.4416E+01   0.0217
  0.00  5.6713E+01  2.7979E+00  9.0760E+01   0.0209
  0.00  5.7835E+01  2.5816E+00  8.7197E+01   0.0201
  0.00  5.8981E+01  2.3821E+00  8.3725E+01   0.0193
  0.00  6.0149E+01  2.1981E+00  8.0313E+01   0.0186
  0.00  6.1340E+01  2.0284E+00  7.6795E+01   0.0179
  0.00  6.2555E+01  1.8718E+00  7.3365E+01   0.0173
  0.00  6.3793E+01  1.7275E+00  7.0020E+01   0.0166
  0.00  6.5057E+01  1.5945E+00  6.6797E+01   0.0160
  0.00  6.6345E+01  1.4721E+00  6.4478E+01   0.0154
  0.00  6.7659E+01  1.3592E+00  6.2215E+01   0.0148
  0.00  6.8998E+01  1.2551E+00  6.0007E+01   0.0142
  0.00  7.0365E+01  1.1592E+00  5.7795E+01   0.0137
  0.00  7.1758E+01  1.0714E+00  5.5482E+01   0.0132
  0.00  7.3179E+01  9.9033E-01  5.3226E+01   0.0127
  0.00  7.4628E+01  9.1546E-01  5.1025E+01   0.0122
  0.00  7.6106E+01  8.4576E-01  4.8595E+01   0.0118
  0.00  7.7613E+01  7.8127E-01  4.6129E+01   0.0113
  0.00  7.9150E+01  7.2175E-01  4.3721E+01   0.0109
  0.00  8.0718E+01  6.6657E-01  4.1711E+01   0.0105
  0.00  8.2316E+01  6.1536E-01  4.0151E+01   0.0101
  0.00  8.3946E+01  5.6810E-01  3.8625E+01   0.0097
  0.00  8.5609E+01  5.2448E-01  3.7132E+01   0.0093
  0.00  8.7304E+01  4.8422E-01  3.5672E+01   0.0090
  0.00  8.9033E+01  4.4707E-01  3.4243E+01   0.0086
  0.00  9.0796E+01  4.1278E-01  3.2846E+01   0.0083
  0.00  9.2594E+01  3.8112E-01  3.1478E+01   0.0080
  0.00  9.4427E+01  3.5190E-01  3.0139E+01   0.0077
  0.00  9.6297E+01  3.2493E-01  2.8829E+01   0.0074
  0.00  9.8204E+01  3.0004E-01  2.7547E+01   0.0071
  0.00  1.0015E+02  2.7707E-01  2.6325E+01   0.0068
  0.00  1.0213E+02  2.5597E-01  2.5540E+01   0.0066
  0.00  1.0415E+02  2.3648E-01  2.4771E+01   0.0063
  0.00  1.0622E+02  2.1848E-01  2.4018E+01   0.0061
  0.00  1.0832E+02  2.0185E-01  2.3282E+01   0.0058
  0.00  1.1047E+02  1.8649E-01  2.2561E+01   0.0056
  0.00  1.1265E+02  1.7231E-01  2.1855E+01   0.0054
  0.00  1.1488E+02  1.5920E-01  2.1164E+01   0.0052
  0.00  1.1716E+02  1.4709E-01  2.0487E+01   0.0050
  0.00  1.1948E+02  1.3591E-01  1.9825E+01   0.0048
  0.00  1.2185E+02  1.2557E-01  1.9176E+01   0.0046
  0.00  1.2426E+02  1.1603E-01  1.8541E+01   0.0044
  0.00  1.2672E+02  1.0721E-01  1.7919E+01   0.0043
  0.00  1.2923E+02  9.9060E-02  1.7309E+01   0.0041
  0.00  1.3179E+02  9.1532E-02  1.6713E+01   0.0039
  0.00  1.3440E+02  8.4577E-02  1.6128E+01   0.0038
  0.00  1.3706E+02  7.8152E-02  1.5555E+01   0.0036
  0.00  1.3977E+02  7.2215E-02  1.4994E+01   0.0035
  0.00  1.4254E+02  6.6730E-02  1.4445E+01   0.0034
  0.00  1.4536E+02  6.1661E-02  1.3906E+01   0.0032
  0.00  1.4824E+02  5.6979E-02  1.3379E+01   0.0031
  0.00  1.5118E+02  5.2652E-02  1.2862E+01   0.0030
  0.00  1.5417E+02  4.8654E-02  1.2355E+01   0.0029
  0.00  1.5722E+02  4.4960E-02  1.1859E+01   0.0028
  0.00  1.6034E+02  4.1548E-02  1.1372E+01   0.0027
  0.00  1.6351E+02  3.8395E-02  1.0896E+01   0.0026
  0.00  1.6675E+02  3.5481E-02  1.0429E+01   0.0025
  0.00  1.7005E+02  3.2788E-02  9.9710E+00   0.0024
  0.00  1.7342E+02  3.0300E-02  9.5223E+00   0.0023
  0.00  1.7685E+02  2.8001E-02  9.0826E+00   0.0022
  0.00  1.8036E+02  2.5877E-02  8.6516E+00   0.0021
  0.00  1.8393E+02  2.3914E-02  8.2291E+00   0.0020
  0.00  1.8757E+02  2.2100E-02  7.8150E+00   0.0019
  0.00  1.9128E+02  2.0424E-02  7.4092E+00   0.0019
  0.00  1.9507E+02  1.8876E-02  7.0113E+00   0.0018
  0.00  1.9893E+02  1.7445E-02  6.6213E+00   0.0017
  0.00  2.0288E+02  1.6124E-02  6.3863E+00   0.0017
  0.00  2.0689E+02  1.4906E-02  6.2106E+00   0.0016
  0.00  2.1099E+02  1.3779E-02  6.0383E+00   0.0015
  0.00  2.1517E+02  1.2737E-02  5.8695E+00   0.0015
  0.00  2.1943E+02  1.1774E-02  5.7041E+00   0.0014
  0.00  2.2377E+02  1.0884E-02  5.5419E+00   0.0014
  0.00  2.2821E+02  1.0062E-02  5.3830E+00   0.0013
  0.00  2.3272E+02  9.3011E-03  5.2272E+00   0.0013
  0.00  2.3733E+02  8.5982E-03  5.0745E+00   0.0012
  0.00  2.4203E+02  7.9483E-03  4.9248E+00   0.0012
  0.00  2.4682E+02  7.3476E-03  4.7781E+00   0.0011
  0.00  2.5171E+02  6.7923E-03  4.6342E+00   0.0011
  0.00  2.5670E+02  6.2791E-03  4.4932E+00   0.0010
  0.00  2.6178E+02  5.8045E-03  4.3550E+00   0.0010
  0.00  2.6696E+02  5.3660E-03  4.2195E+00   0.0010
  0.00  2.7225E+02  4.9605E-03  4.0867E+00   0.0009
  0.00  2.7764E+02  4.5857E-03  3.9565E+00   0.0009
  0.00  2.8314E+02  4.2392E-03  3.8289E+00   0.0009
  0.00  2.8875E+02  3.9189E-03  3.7037E+00   0.0008
  0.00  2.9446E+02  3.6228E-03  3.5810E+00   0.0008
  0.00  3.0030E+02  3.3490E-03  3.4607E+00   0.0008
  0.00  3.0624E+02  3.0960E-03  3.3428E+00   0.0007
  0.00  3.1231E+02  2.8621E-03  3.2272E+00   0.0007
  0.00  3.1849E+02  2.6459E-03  3.1139E+00   0.0007
  0.00  3.2480E+02  2.4460E-03  3.0028E+00   0.0006
  0.00  3.3123E+02  2.2612E-03  2.8938E+00   0.0006
  0.00  3.3779E+02  2.0904E-03  2.7870E+00   0.0006
  0.00  3.4448E+02  1.9325E-03  2.6823E+00   0.0006
  0.00  3.5130E+02  1.7865E-03  2.5797E+00   0.0006
  0.00  3.5826E+02  1.6516E-03  2.4790E+00   0.0005
  0.00  3.6535E+02  1.5268E-03  2.3803E+00   0.0005
  0.00  3.7259E+02  1.4115E-03  2.2835E+00   0.0005
  0.00  3.7996E+02  1.3049E-03  2.1887E+00   0.0005
  0.00  3.8749E+02  1.2063E-03  2.0956E+00   0.0005
  0.00  3.9516E+02  1.1152E-03  2.0044E+00   0.0004
  0.00  4.0299E+02  1.0310E-03  1.9150E+00   0.0004
  0.00  4.1097E+02  9.5309E-04  1.8273E+00   0.0004
  0.00  4.1911E+02  8.8110E-04  1.7413E+00   0.0004
  0.00  4.2741E+02  8.1456E-04  1.6570E+00   0.0004
  0.00  4.3587E+02  7.5304E-04  1.5743E+00   0.0004
  0.00  4.4450E+02  6.9617E-04  1.4933E+00   0.0003
  0.00  4.5330E+02  6.4359E-04  1.4138E+00   0.0003
  0.00  4.6228E+02  5.9499E-04  1.3359E+00   0.0003
  0.00  4.7143E+02  5.5006E-04  1.2595E+00   0.0003
  0.00  4.8077E+02  5.0852E-04  1.1846E+00   0.0003
  0.00  4.9029E+02  4.7012E-04  1.1111E+00   0.0003
  0.00  5.0000E+02  4.3462E-04  1.0391E+00   0.0003

