 -0.050  1.786E+05    8.9897  6.5450E+03  3.621146724E-023
 -0.050  1.786E+05    8.9898  6.5460E+03  3.621860597E-023
 -0.050  1.787E+05    9.0325  6.5470E+03  3.483290873E-023
 -0.050  1.788E+05    9.0596  6.5480E+03  3.398193551E-023
 -0.050  1.789E+05    9.0727  6.5490E+03  3.358764060E-023
 -0.050  1.789E+05    9.0463  6.5500E+03  3.442444326E-023
 -0.050  1.790E+05    9.0060  6.5510E+03  3.573722563E-023
 -0.050  1.791E+05    8.9967  6.5520E+03  3.605280948E-023
 -0.050  1.792E+05    9.0015  6.5530E+03  3.590577706E-023
 -0.050  1.792E+05    9.0013  6.5540E+03  3.592517627E-023
 -0.050  1.793E+05    9.0146  6.5550E+03  3.549771468E-023
 -0.050  1.794E+05    9.0207  6.5560E+03  3.530958772E-023
 -0.050  1.795E+05    9.0454  6.5570E+03  3.452585245E-023
 -0.050  1.795E+05    9.0462  6.5580E+03  3.451076395E-023
 -0.050  1.796E+05    9.0190  6.5590E+03  3.539826923E-023
 -0.050  1.797E+05    8.2393  6.5600E+03  7.260405899E-023
 -0.050  1.797E+05    7.4527  6.5610E+03  1.498758890E-022
 -0.050  1.798E+05    6.9515  6.5620E+03  2.378816684E-022
 -0.050  1.799E+05    6.6834  6.5630E+03  3.046041094E-022
 -0.050  1.800E+05    6.7061  6.5640E+03  2.983939668E-022
 -0.050  1.800E+05    6.7527  6.5650E+03  2.859336781E-022
 -0.050  1.801E+05    6.8274  6.5660E+03  2.670188386E-022
 -0.050  1.802E+05    7.1603  6.5670E+03  1.965589050E-022
 -0.050  1.803E+05    7.7531  6.5680E+03  1.138993953E-022
 -0.050  1.803E+05    8.5853  6.5690E+03  5.293720575E-023
 -0.050  1.804E+05    8.9900  6.5700E+03  3.647703795E-023
 -0.050  1.805E+05    8.9929  6.5710E+03  3.639162175E-023
 -0.050  1.805E+05    8.9965  6.5720E+03  3.628197748E-023
 -0.050  1.806E+05    9.0065  6.5730E+03  3.595855682E-023
 -0.050  1.807E+05    9.0267  6.5740E+03  3.530797821E-023
 -0.050  1.808E+05    9.0504  6.5750E+03  3.455690584E-023
 -0.050  1.808E+05    9.0769  6.5760E+03  3.373319495E-023
 -0.050  1.809E+05    9.0548  6.5770E+03  3.443587614E-023
 -0.050  1.810E+05    9.0305  6.5780E+03  3.522752619E-023
 -0.050  1.811E+05    8.9987  6.5790E+03  3.628466113E-023
 -0.050  1.811E+05    8.9811  6.5800E+03  3.688846813E-023

