    6545.000   178576.4  3.47590E-023  2.43267E-004  1.00000E+000  1.00000E+000
    6546.000   178649.4  3.39144E-023  2.37284E-004  9.74524E-001  9.74524E-001
    6547.000   178722.5  3.36140E-023  2.35110E-004  9.64728E-001  9.64728E-001
    6548.000   178795.6  3.45311E-023  2.41450E-004  9.89853E-001  9.89853E-001
    6549.000   178868.7  3.57642E-023  2.49997E-004  1.02397E+000  1.02397E+000
    6550.000   178941.8  3.60515E-023  2.51928E-004  1.03095E+000  1.03095E+000
    6551.000   179014.9  3.58955E-023  2.50761E-004  1.02526E+000  1.02526E+000
    6552.000   179088.0  3.59362E-023  2.50969E-004  1.02519E+000  1.02519E+000
    6553.000   179161.1  3.54646E-023  2.47600E-004  1.01053E+000  1.01053E+000
    6554.000   179234.2  3.52585E-023  2.46086E-004  1.00346E+000  1.00346E+000
    6555.000   179307.2  3.44921E-023  2.40663E-004  9.80472E-001  9.80472E-001
    6556.000   179380.3  3.45355E-023  2.40892E-004  9.80536E-001  9.80536E-001
    6557.000   179453.4  3.58431E-023  2.49937E-004  1.01645E+000  1.01645E+000
    6558.000   179526.5  7.79267E-023  5.43224E-004  2.20724E+000  2.20724E+000
    6559.000   179599.6  1.57382E-022  1.09677E-003  4.45248E+000  4.45248E+000
    6560.000   179672.7  2.46902E-022  1.72009E-003  6.97679E+000  6.97679E+000
    6561.000   179745.8  3.07963E-022  2.14484E-003  8.69190E+000  8.69190E+000
    6562.000   179818.9  2.95795E-022  2.05946E-003  8.33856E+000  8.33856E+000
    6563.000   179892.0  2.85457E-022  1.98688E-003  8.03762E+000  8.03762E+000
    6564.000   179965.1  2.68435E-022  1.86783E-003  7.54942E+000  7.54942E+000
    6565.000   180038.1  1.89071E-022  1.31520E-003  5.31112E+000  5.31112E+000
    6566.000   180111.2  1.07966E-022  7.50795E-004  3.02926E+000  3.02926E+000
    6567.000   180184.3  4.93520E-023  3.43088E-004  1.38306E+000  1.38306E+000
    6568.000   180257.4  3.64828E-023  2.53546E-004  1.02121E+000  1.02121E+000
    6569.000   180330.5  3.63750E-023  2.52720E-004  1.01700E+000  1.01700E+000
    6570.000   180403.6  3.62865E-023  2.52028E-004  1.01333E+000  1.01333E+000
    6571.000   180476.7  3.58505E-023  2.48924E-004  9.99982E-001  9.99982E-001
    6572.000   180549.8  3.52770E-023  2.44868E-004  9.82833E-001  9.82833E-001
    6573.000   180622.9  3.44585E-023  2.39114E-004  9.58909E-001  9.58909E-001
    6574.000   180695.9  3.37311E-023  2.33995E-004  9.37571E-001  9.37571E-001
    6575.000   180769.0  3.45873E-023  2.39862E-004  9.60249E-001  9.60249E-001
    6576.000   180842.1  3.52942E-023  2.44689E-004  9.78732E-001  9.78732E-001
    6577.000   180915.2  3.63619E-023  2.52015E-004  1.00717E+000  1.00717E+000
    6578.000   180988.3  3.68930E-023  2.55618E-004  1.02069E+000  1.02069E+000
    6579.000   181061.4  3.67786E-023  2.54748E-004  1.01634E+000  1.01634E+000
    6580.000   181134.5  3.62292E-023  2.50866E-004  1.00000E+000  1.00000E+000

