  0.00  2.0000E-01  1.0820E+04  6.5215E-05   0.8239
  0.00  2.0396E-01  1.0835E+04  2.8217E-05   0.8248
  0.00  2.0800E-01  1.0845E+04  1.5508E-05   0.8259
  0.00  2.1212E-01  1.0859E+04  1.6221E-05   0.8263
  0.00  2.1632E-01  1.0868E+04  1.2783E-05   0.8269
  0.00  2.2060E-01  1.0882E+04  2.0223E-05   0.8272
  0.00  2.2497E-01  1.0894E+04  1.5384E-05   0.8276
  0.00  2.2943E-01  1.0908E+04  1.7853E-05   0.8279
  0.00  2.3397E-01  1.0923E+04  1.5057E-05   0.8280
  0.00  2.3860E-01  1.0933E+04  2.0310E-05   0.8287
  0.00  2.4333E-01  1.0944E+04  2.5914E-05   0.8293
  0.00  2.4815E-01  1.0965E+04  1.7258E-05   0.8294
  0.00  2.5306E-01  1.0977E+04  1.7084E-05   0.8295
  0.00  2.5807E-01  1.0987E+04  1.7358E-05   0.8296
  0.00  2.6318E-01  1.1002E+04  1.1486E-05   0.8295
  0.00  2.6839E-01  1.1014E+04  2.8119E-05   0.8295
  0.00  2.7371E-01  1.1029E+04  2.2160E-05   0.8293
  0.00  2.7913E-01  1.1045E+04  2.1013E-05   0.8291
  0.00  2.8466E-01  1.1066E+04  2.5777E-05   0.8287
  0.00  2.9029E-01  1.1086E+04  1.4576E-05   0.8281
  0.00  2.9604E-01  1.1097E+04  4.7417E-06   0.8282
  0.00  3.0190E-01  1.1112E+04  1.2490E-05   0.8279
  0.00  3.0788E-01  1.1133E+04  1.8063E-05   0.8271
  0.00  3.1398E-01  1.1147E+04  1.7174E-05   0.8267
  0.00  3.2020E-01  1.1158E+04  1.3119E-05   0.8265
  0.00  3.2654E-01  1.1175E+04  2.3737E-05   0.8259
  0.00  3.3300E-01  1.1191E+04  7.6550E-06   0.8252
  0.00  3.3960E-01  1.1211E+04  1.7222E-05   0.8243
  0.00  3.4632E-01  1.1232E+04  1.1515E-05   0.8235
  0.00  3.5318E-01  1.1250E+04  7.9960E-06   0.8227
  0.00  3.6018E-01  1.1267E+04  1.0973E-05   0.8219
  0.00  3.6731E-01  1.1281E+04  1.8075E-05   0.8211
  0.00  3.7458E-01  1.1301E+04  1.1184E-05   0.8199
  0.00  3.8200E-01  1.1322E+04  7.9164E-06   0.8188
  0.00  3.8956E-01  1.1342E+04  8.1227E-06   0.8177
  0.00  3.9728E-01  1.1356E+04  1.0485E-05   0.8168
  0.00  4.0515E-01  1.1376E+04  1.4924E-05   0.8154
  0.00  4.1317E-01  1.1397E+04  1.9255E-05   0.8141
  0.00  4.2135E-01  1.1414E+04  1.7891E-05   0.8129
  0.00  4.2969E-01  1.1432E+04  1.8725E-05   0.8115
  0.00  4.3820E-01  1.1454E+04  3.4507E-05   0.8099
  0.00  4.4688E-01  1.1473E+04  3.5323E-05   0.8086
  0.00  4.5573E-01  1.1491E+04  3.9365E-05   0.8072
  0.00  4.6475E-01  1.1513E+04  7.3552E-05   0.8055
  0.00  4.7396E-01  1.1531E+04  1.0559E-04   0.8041
  0.00  4.8334E-01  1.1550E+04  1.4298E-04   0.8026
  0.00  4.9292E-01  1.1572E+04  1.9756E-04   0.8010
  0.00  5.0268E-01  1.1592E+04  2.5143E-04   0.7995
  0.00  5.1263E-01  1.1613E+04  3.3854E-04   0.7979
  0.00  5.2278E-01  1.1636E+04  5.1860E-04   0.7964
  0.00  5.3313E-01  1.1658E+04  6.0523E-04   0.7950
  0.00  5.4369E-01  1.1683E+04  7.2844E-04   0.7934
  0.00  5.5446E-01  1.1708E+04  1.0016E-03   0.7921
  0.00  5.6544E-01  1.1734E+04  1.2025E-03   0.7908
  0.00  5.7664E-01  1.1763E+04  1.4647E-03   0.7895
  0.00  5.8806E-01  1.1794E+04  1.7111E-03   0.7883
  0.00  5.9970E-01  1.1827E+04  2.0236E-03   0.7872
  0.00  6.1158E-01  1.1863E+04  2.4509E-03   0.7863
  0.00  6.2369E-01  1.1902E+04  3.1433E-03   0.7854
  0.00  6.3604E-01  1.1946E+04  3.8130E-03   0.7847
  0.00  6.4863E-01  1.1993E+04  4.4890E-03   0.7842
  0.00  6.6148E-01  1.2044E+04  5.3427E-03   0.7837
  0.00  6.7458E-01  1.2100E+04  6.0565E-03   0.7835
  0.00  6.8793E-01  1.2162E+04  7.0873E-03   0.7834
  0.00  7.0156E-01  1.2229E+04  8.7921E-03   0.7835
  0.00  7.1545E-01  1.2302E+04  1.0913E-02   0.7838
  0.00  7.2962E-01  1.2382E+04  1.2220E-02   0.7844
  0.00  7.4407E-01  1.2468E+04  1.4772E-02   0.7851
  0.00  7.5880E-01  1.2560E+04  1.8959E-02   0.7859
  0.00  7.7383E-01  1.2659E+04  2.4599E-02   0.7871
  0.00  7.8915E-01  1.2766E+04  3.0554E-02   0.7884
  0.00  8.0478E-01  1.2879E+04  3.5097E-02   0.7899
  0.00  8.2071E-01  1.2998E+04  3.5880E-02   0.7915
  0.00  8.3697E-01  1.3125E+04  3.6707E-02   0.7934
  0.00  8.5354E-01  1.3257E+04  4.6797E-02   0.7954
  0.00  8.7044E-01  1.3395E+04  6.3274E-02   0.7975
  0.00  8.8768E-01  1.3539E+04  8.7531E-02   0.7998
  0.00  9.0526E-01  1.3686E+04  9.7972E-02   0.8021
  0.00  9.2318E-01  1.3838E+04  1.0768E-01   0.8046
  0.00  9.4147E-01  1.3992E+04  1.2161E-01   0.8071
  0.00  9.6011E-01  1.4148E+04  1.6094E-01   0.8097
  0.00  9.7912E-01  1.4305E+04  2.2960E-01   0.8123
  0.00  9.9851E-01  1.4463E+04  3.2158E-01   0.8150
  0.00  1.0183E+00  1.4618E+04  4.4065E-01   0.8176
  0.00  1.0385E+00  1.4772E+04  4.5551E-01   0.8202
  0.00  1.0590E+00  1.4923E+04  3.7906E-01   0.8229
  0.00  1.0800E+00  1.5067E+04  3.2606E-01   0.8255
  0.00  1.1014E+00  1.5207E+04  3.1338E-01   0.8281
  0.00  1.1232E+00  1.5338E+04  3.3942E-01   0.8305
  0.00  1.1454E+00  1.5461E+04  3.9964E-01   0.8329
  0.00  1.1681E+00  1.5574E+04  6.3508E-01   0.8353
  0.00  1.1912E+00  1.5676E+04  9.9057E-01   0.8375
  0.00  1.2148E+00  1.5765E+04  1.5513E+00   0.8396
  0.00  1.2389E+00  1.5841E+04  1.9538E+00   0.8417
  0.00  1.2634E+00  1.5904E+04  2.1023E+00   0.8437
  0.00  1.2884E+00  1.5951E+04  2.0441E+00   0.8456
  0.00  1.3139E+00  1.5982E+04  1.9891E+00   0.8473
  0.00  1.3400E+00  1.5997E+04  1.9851E+00   0.8489
  0.00  1.3665E+00  1.5994E+04  2.1150E+00   0.8505
  0.00  1.3936E+00  1.5972E+04  2.5895E+00   0.8519
  0.00  1.4212E+00  1.5923E+04  8.9591E+00   0.8533
  0.00  1.4493E+00  1.5840E+04  2.7840E+01   0.8547
  0.00  1.4780E+00  1.5717E+04  6.1490E+01   0.8560
  0.00  1.5073E+00  1.5617E+04  6.8511E+01   0.8569
  0.00  1.5371E+00  1.5519E+04  5.8423E+01   0.8575
  0.00  1.5676E+00  1.5405E+04  4.6015E+01   0.8581
  0.00  1.5986E+00  1.5269E+04  3.5241E+01   0.8586
  0.00  1.6303E+00  1.5105E+04  2.9899E+01   0.8591
  0.00  1.6625E+00  1.4921E+04  2.5872E+01   0.8595
  0.00  1.6955E+00  1.4717E+04  2.1720E+01   0.8598
  0.00  1.7290E+00  1.4494E+04  1.8391E+01   0.8600
  0.00  1.7633E+00  1.4253E+04  1.6414E+01   0.8601
  0.00  1.7982E+00  1.3991E+04  1.5014E+01   0.8602
  0.00  1.8338E+00  1.3708E+04  1.3520E+01   0.8602
  0.00  1.8701E+00  1.3396E+04  1.6564E+01   0.8602
  0.00  1.9072E+00  1.3037E+04  4.3722E+01   0.8603
  0.00  1.9449E+00  1.2620E+04  1.1079E+02   0.8605
  0.00  1.9834E+00  1.2260E+04  1.5056E+02   0.8600
  0.00  2.0227E+00  1.1945E+04  1.4118E+02   0.8592
  0.00  2.0628E+00  1.1630E+04  1.1205E+02   0.8583
  0.00  2.1036E+00  1.1298E+04  6.7650E+01   0.8574
  0.00  2.1453E+00  1.0914E+04  3.6822E+01   0.8566
  0.00  2.1878E+00  1.0490E+04  2.3030E+01   0.8560
  0.00  2.2311E+00  1.0036E+04  1.7217E+01   0.8553
  0.00  2.2753E+00  9.5519E+03  1.7904E+01   0.8547
  0.00  2.3203E+00  9.0379E+03  2.6929E+01   0.8541
  0.00  2.3663E+00  8.4974E+03  3.7813E+01   0.8535
  0.00  2.4131E+00  7.9320E+03  4.3396E+01   0.8528
  0.00  2.4609E+00  7.3261E+03  4.7886E+01   0.8523
  0.00  2.5096E+00  6.6673E+03  5.1526E+01   0.8519
  0.00  2.5593E+00  5.9424E+03  4.9305E+01   0.8516
  0.00  2.6100E+00  5.1113E+03  4.9043E+01   0.8517
  0.00  2.6617E+00  4.1059E+03  7.3720E+01   0.8525
  0.00  2.7144E+00  2.9053E+03  1.7120E+02   0.8539
  0.00  2.7682E+00  1.4790E+03  5.7852E+02   0.8563
  0.00  2.8230E+00  4.1665E+02  1.5105E+03   0.8561
  0.00  2.8789E+00  7.1030E+02  3.1365E+03   0.8430
  0.00  2.9359E+00  2.1414E+03  4.9854E+03   0.8152
  0.00  2.9940E+00  3.0790E+03  5.8711E+03   0.7960
  0.00  3.0533E+00  4.3833E+03  6.7591E+03   0.7714
  0.00  3.1138E+00  5.3839E+03  7.1580E+03   0.7691
  0.00  3.1755E+00  6.4509E+03  7.1014E+03   0.7637
  0.00  3.2383E+00  8.2786E+03  6.0826E+03   0.7517
  0.00  3.3025E+00  9.9666E+03  4.4249E+03   0.7413
  0.00  3.3679E+00  1.1077E+04  2.7576E+03   0.7341
  0.00  3.4346E+00  1.1149E+04  1.6289E+03   0.7334
  0.00  3.5026E+00  1.0701E+04  9.4120E+02   0.7344
  0.00  3.5719E+00  9.9876E+03  5.9008E+02   0.7358
  0.00  3.6427E+00  9.2224E+03  4.2331E+02   0.7368
  0.00  3.7148E+00  8.4815E+03  3.5751E+02   0.7370
  0.00  3.7884E+00  7.7663E+03  3.5844E+02   0.7367
  0.00  3.8634E+00  7.1305E+03  4.1230E+02   0.7356
  0.00  3.9399E+00  6.5729E+03  4.7875E+02   0.7338
  0.00  4.0179E+00  6.0770E+03  5.5027E+02   0.7313
  0.00  4.0975E+00  5.6265E+03  6.2292E+02   0.7284
  0.00  4.1786E+00  5.2369E+03  6.9442E+02   0.7248
  0.00  4.2614E+00  4.8686E+03  7.8008E+02   0.7210
  0.00  4.3457E+00  4.5254E+03  9.0829E+02   0.7170
  0.00  4.4318E+00  4.2731E+03  1.0617E+03   0.7124
  0.00  4.5196E+00  4.1752E+03  1.1166E+03   0.7063
  0.00  4.6091E+00  4.1545E+03  9.4872E+02   0.6990
  0.00  4.7003E+00  4.0513E+03  7.2681E+02   0.6917
  0.00  4.7934E+00  3.8537E+03  5.8899E+02   0.6851
  0.00  4.8883E+00  3.6366E+03  4.7454E+02   0.6785
  0.00  4.9851E+00  3.3920E+03  4.1618E+02   0.6721
  0.00  5.0839E+00  3.1411E+03  3.9367E+02   0.6656
  0.00  5.1845E+00  2.8935E+03  4.0207E+02   0.6590
  0.00  5.2872E+00  2.6523E+03  4.3232E+02   0.6521
  0.00  5.3919E+00  2.4218E+03  4.8472E+02   0.6450
  0.00  5.4987E+00  2.1987E+03  5.6892E+02   0.6376
  0.00  5.6076E+00  1.9883E+03  6.9017E+02   0.6298
  0.00  5.7186E+00  1.7934E+03  8.4820E+02   0.6217
  0.00  5.8319E+00  1.6387E+03  1.0941E+03   0.6132
  0.00  5.9473E+00  1.5871E+03  1.3070E+03   0.6046
  0.00  6.0651E+00  1.5644E+03  1.4662E+03   0.5956
  0.00  6.1852E+00  1.5865E+03  1.4495E+03   0.5866
  0.00  6.3077E+00  1.5772E+03  1.3747E+03   0.5773
  0.00  6.4326E+00  1.5341E+03  1.3033E+03   0.5677
  0.00  6.5600E+00  1.4803E+03  1.2397E+03   0.5578
  0.00  6.6899E+00  1.4212E+03  1.1916E+03   0.5477
  0.00  6.8224E+00  1.3677E+03  1.1411E+03   0.5375
  0.00  6.9575E+00  1.3127E+03  1.0707E+03   0.5271
  0.00  7.0953E+00  1.2511E+03  9.9658E+02   0.5165
  0.00  7.2358E+00  1.1853E+03  9.3825E+02   0.5056
  0.00  7.3790E+00  1.1193E+03  8.6493E+02   0.4945
  0.00  7.5252E+00  1.0504E+03  8.0821E+02   0.4831
  0.00  7.6742E+00  9.8230E+02  7.4060E+02   0.4716
  0.00  7.8261E+00  9.0832E+02  6.9175E+02   0.4597
  0.00  7.9811E+00  8.3658E+02  6.5738E+02   0.4477
  0.00  8.1392E+00  7.6849E+02  6.3124E+02   0.4355
  0.00  8.3004E+00  7.0405E+02  6.0997E+02   0.4233
  0.00  8.4647E+00  6.4269E+02  5.9048E+02   0.4111
  0.00  8.6323E+00  5.8275E+02  5.7294E+02   0.3987
  0.00  8.8033E+00  5.2467E+02  5.5827E+02   0.3863
  0.00  8.9776E+00  4.6870E+02  5.4690E+02   0.3738
  0.00  9.1554E+00  4.1336E+02  5.4179E+02   0.3613
  0.00  9.3367E+00  3.5871E+02  5.4471E+02   0.3487
  0.00  9.5216E+00  3.0702E+02  5.5318E+02   0.3361
  0.00  9.7101E+00  2.5333E+02  5.7604E+02   0.3233
  0.00  9.9024E+00  2.0120E+02  6.1459E+02   0.3104
  0.00  1.0099E+01  1.5144E+02  7.1955E+02   0.2973
  0.00  1.0299E+01  1.1204E+02  8.9561E+02   0.2844
  0.00  1.0502E+01  8.7976E+01  1.1943E+03   0.2715
  0.00  1.0710E+01  1.0372E+02  1.7135E+03   0.2598
  0.00  1.0922E+01  1.6188E+02  2.3209E+03   0.2502
  0.00  1.1139E+01  2.4457E+02  2.8832E+03   0.2427
  0.00  1.1359E+01  3.2890E+02  3.3119E+03   0.2363
  0.00  1.1584E+01  3.9250E+02  3.5297E+03   0.2311
  0.00  1.1814E+01  4.5404E+02  3.6885E+03   0.2263
  0.00  1.2048E+01  5.0455E+02  3.7448E+03   0.2221
  0.00  1.2286E+01  5.4535E+02  3.7169E+03   0.2187
  0.00  1.2530E+01  5.7652E+02  3.6190E+03   0.2157
  0.00  1.2778E+01  5.8917E+02  3.4247E+03   0.2133
  0.00  1.3031E+01  5.9270E+02  3.1944E+03   0.2109
  0.00  1.3289E+01  5.8434E+02  2.9239E+03   0.2083
  0.00  1.3552E+01  5.6556E+02  2.6495E+03   0.2049
  0.00  1.3820E+01  5.4380E+02  2.3774E+03   0.2012
  0.00  1.4094E+01  5.1661E+02  2.0884E+03   0.1970
  0.00  1.4373E+01  4.8030E+02  1.8062E+03   0.1917
  0.00  1.4658E+01  4.3863E+02  1.5352E+03   0.1855
  0.00  1.4948E+01  3.9610E+02  1.3302E+03   0.1784
  0.00  1.5244E+01  3.5617E+02  1.1584E+03   0.1712
  0.00  1.5546E+01  3.2015E+02  1.0388E+03   0.1639
  0.00  1.5854E+01  2.8929E+02  9.5067E+02   0.1571
  0.00  1.6168E+01  2.6178E+02  8.7528E+02   0.1505
  0.00  1.6488E+01  2.3971E+02  8.3387E+02   0.1445
  0.00  1.6814E+01  2.2274E+02  7.8216E+02   0.1390
  0.00  1.7147E+01  2.0667E+02  7.0351E+02   0.1338
  0.00  1.7487E+01  1.8861E+02  6.2462E+02   0.1284
  0.00  1.7833E+01  1.7111E+02  5.4857E+02   0.1231
  0.00  1.8186E+01  1.5507E+02  4.7491E+02   0.1180
  0.00  1.8546E+01  1.3963E+02  4.4326E+02   0.1129
  0.00  1.8914E+01  1.2581E+02  4.1852E+02   0.1082
  0.00  1.9288E+01  1.1543E+02  4.2790E+02   0.1039
  0.00  1.9670E+01  1.0797E+02  4.0600E+02   0.1001
  0.00  2.0060E+01  1.0043E+02  3.5079E+02   0.0963
  0.00  2.0457E+01  9.1691E+01  2.8364E+02   0.0925
  0.00  2.0862E+01  8.2435E+01  2.3047E+02   0.0886
  0.00  2.1275E+01  7.3770E+01  2.0204E+02   0.0848
  0.00  2.1696E+01  6.5917E+01  1.7418E+02   0.0812
  0.00  2.2126E+01  5.8810E+01  1.4686E+02   0.0777
  0.00  2.2564E+01  5.2268E+01  1.3252E+02   0.0744
  0.00  2.3011E+01  4.6510E+01  1.2730E+02   0.0713
  0.00  2.3467E+01  4.1455E+01  1.2582E+02   0.0683
  0.00  2.3931E+01  3.6990E+01  1.2625E+02   0.0654
  0.00  2.4405E+01  3.2988E+01  1.2733E+02   0.0627
  0.00  2.4889E+01  2.9374E+01  1.2988E+02   0.0601
  0.00  2.5382E+01  2.6137E+01  1.3544E+02   0.0575
  0.00  2.5884E+01  2.3224E+01  1.4154E+02   0.0551
  0.00  2.6397E+01  2.0614E+01  1.5202E+02   0.0528
  0.00  2.6919E+01  1.8271E+01  1.6368E+02   0.0506
  0.00  2.7452E+01  1.6167E+01  1.7522E+02   0.0485
  0.00  2.7996E+01  1.4282E+01  1.8664E+02   0.0465
  0.00  2.8551E+01  1.2593E+01  1.9795E+02   0.0445
  0.00  2.9116E+01  1.1114E+01  2.2513E+02   0.0426
  0.00  2.9692E+01  9.8058E+00  2.5258E+02   0.0408
  0.00  3.0280E+01  8.6499E+00  2.7977E+02   0.0391
  0.00  3.0880E+01  7.6312E+00  3.0672E+02   0.0374
  0.00  3.1492E+01  6.8550E+00  3.4453E+02   0.0358
  0.00  3.2115E+01  6.2083E+00  3.8464E+02   0.0343
  0.00  3.2751E+01  5.6496E+00  4.2433E+02   0.0329
  0.00  3.3400E+01  5.1808E+00  4.6412E+02   0.0315
  0.00  3.4061E+01  4.8714E+00  5.0749E+02   0.0302
  0.00  3.4736E+01  4.6293E+00  5.5096E+02   0.0289
  0.00  3.5424E+01  4.4564E+00  5.9489E+02   0.0277
  0.00  3.6125E+01  4.3361E+00  6.3840E+02   0.0266
  0.00  3.6840E+01  4.2494E+00  6.8140E+02   0.0255
  0.00  3.7570E+01  4.1919E+00  7.2338E+02   0.0245
  0.00  3.8314E+01  4.1507E+00  7.6463E+02   0.0234
  0.00  3.9073E+01  4.1084E+00  8.0493E+02   0.0225
  0.00  3.9846E+01  4.0648E+00  8.4645E+02   0.0215
  0.00  4.0635E+01  4.0104E+00  8.9138E+02   0.0206
  0.00  4.1440E+01  4.0603E+00  9.5315E+02   0.0196
  0.00  4.2261E+01  4.2915E+00  1.0442E+03   0.0186
  0.00  4.3097E+01  4.7447E+00  1.1628E+03   0.0176
  0.00  4.3951E+01  5.8542E+00  1.3522E+03   0.0166
  0.00  4.4821E+01  7.7896E+00  1.5932E+03   0.0157
  0.00  4.5709E+01  1.0671E+01  1.8341E+03   0.0149
  0.00  4.6614E+01  1.3185E+01  1.8757E+03   0.0146
  0.00  4.7537E+01  1.3171E+01  1.6282E+03   0.0153
  0.00  4.8479E+01  1.1513E+01  1.3148E+03   0.0162
  0.00  4.9438E+01  9.7005E+00  1.0807E+03   0.0167
  0.00  5.0417E+01  8.2394E+00  9.1010E+02   0.0167
  0.00  5.1416E+01  7.0924E+00  7.9536E+02   0.0163
  0.00  5.2434E+01  6.2497E+00  7.2257E+02   0.0158
  0.00  5.3472E+01  5.5887E+00  6.6526E+02   0.0153
  0.00  5.4531E+01  5.1365E+00  6.1122E+02   0.0149
  0.00  5.5611E+01  4.6362E+00  5.3129E+02   0.0145
  0.00  5.6713E+01  4.0270E+00  4.4731E+02   0.0140
  0.00  5.7835E+01  3.3746E+00  3.8482E+02   0.0133
  0.00  5.8981E+01  2.7675E+00  3.5919E+02   0.0125
  0.00  6.0149E+01  2.3752E+00  3.9799E+02   0.0117
  0.00  6.1340E+01  2.2080E+00  4.4271E+02   0.0111
  0.00  6.2555E+01  2.1209E+00  4.7664E+02   0.0106
  0.00  6.3793E+01  2.0683E+00  4.9841E+02   0.0102
  0.00  6.5057E+01  2.0275E+00  5.0658E+02   0.0099
  0.00  6.6345E+01  1.9816E+00  5.0392E+02   0.0096
  0.00  6.7659E+01  1.9234E+00  4.9112E+02   0.0094
  0.00  6.8998E+01  1.8502E+00  4.7021E+02   0.0091
  0.00  7.0365E+01  1.7626E+00  4.4307E+02   0.0089
  0.00  7.1758E+01  1.6572E+00  4.1207E+02   0.0087
  0.00  7.3179E+01  1.5544E+00  3.8128E+02   0.0085
  0.00  7.4628E+01  1.4420E+00  3.4886E+02   0.0083
  0.00  7.6106E+01  1.3280E+00  3.1769E+02   0.0080
  0.00  7.7613E+01  1.2195E+00  2.9464E+02   0.0077
  0.00  7.9150E+01  1.1204E+00  2.7315E+02   0.0075
  0.00  8.0718E+01  1.0295E+00  2.5345E+02   0.0072
  0.00  8.2316E+01  9.4598E-01  2.3572E+02   0.0069
  0.00  8.3946E+01  8.6914E-01  2.1937E+02   0.0067
  0.00  8.5609E+01  7.9851E-01  2.0442E+02   0.0064
  0.00  8.7304E+01  7.3363E-01  1.9087E+02   0.0062
  0.00  8.9033E+01  6.7381E-01  1.7858E+02   0.0060
  0.00  9.0796E+01  6.1897E-01  1.6654E+02   0.0057
  0.00  9.2594E+01  5.6867E-01  1.5624E+02   0.0055
  0.00  9.4427E+01  5.2250E-01  1.4615E+02   0.0053
  0.00  9.6297E+01  4.8022E-01  1.3701E+02   0.0051
  0.00  9.8204E+01  4.4144E-01  1.2855E+02   0.0049
  0.00  1.0015E+02  4.0583E-01  1.2041E+02   0.0047
  0.00  1.0213E+02  3.7332E-01  1.1437E+02   0.0045
  0.00  1.0415E+02  3.4340E-01  1.0844E+02   0.0044
  0.00  1.0622E+02  3.1587E-01  1.0262E+02   0.0042
  0.00  1.0832E+02  2.9053E-01  9.6906E+01   0.0040
  0.00  1.1047E+02  2.6723E-01  9.1296E+01   0.0039
  0.00  1.1265E+02  2.4579E-01  8.5788E+01   0.0037
  0.00  1.1488E+02  2.2606E-01  8.0377E+01   0.0036
  0.00  1.1716E+02  2.0791E-01  7.5064E+01   0.0034
  0.00  1.1948E+02  1.9122E-01  6.9844E+01   0.0033
  0.00  1.2185E+02  1.7613E-01  6.6396E+01   0.0032
  0.00  1.2426E+02  1.6229E-01  6.3485E+01   0.0030
  0.00  1.2672E+02  1.4954E-01  6.0629E+01   0.0029
  0.00  1.2923E+02  1.3778E-01  5.7827E+01   0.0028
  0.00  1.3179E+02  1.2694E-01  5.5076E+01   0.0027
  0.00  1.3440E+02  1.1695E-01  5.2375E+01   0.0026
  0.00  1.3706E+02  1.0774E-01  4.9725E+01   0.0025
  0.00  1.3977E+02  9.9246E-02  4.7123E+01   0.0024
  0.00  1.4254E+02  9.1420E-02  4.4568E+01   0.0023
  0.00  1.4536E+02  8.4206E-02  4.2059E+01   0.0022
  0.00  1.4824E+02  7.7560E-02  3.9595E+01   0.0021
  0.00  1.5118E+02  7.1433E-02  3.7175E+01   0.0020
  0.00  1.5417E+02  6.5787E-02  3.4799E+01   0.0020
  0.00  1.5722E+02  6.0585E-02  3.2464E+01   0.0019
  0.00  1.6034E+02  5.5804E-02  3.0280E+01   0.0018
  0.00  1.6351E+02  5.1487E-02  2.9032E+01   0.0017
  0.00  1.6675E+02  4.7501E-02  2.7807E+01   0.0017
  0.00  1.7005E+02  4.3823E-02  2.6606E+01   0.0016
  0.00  1.7342E+02  4.0428E-02  2.5427E+01   0.0015
  0.00  1.7685E+02  3.7294E-02  2.4270E+01   0.0015
  0.00  1.8036E+02  3.4403E-02  2.3135E+01   0.0014
  0.00  1.8393E+02  3.1734E-02  2.2021E+01   0.0014
  0.00  1.8757E+02  2.9271E-02  2.0928E+01   0.0013
  0.00  1.9128E+02  2.6999E-02  1.9855E+01   0.0013
  0.00  1.9507E+02  2.4902E-02  1.8802E+01   0.0012
  0.00  1.9893E+02  2.2967E-02  1.7768E+01   0.0012
  0.00  2.0288E+02  2.1181E-02  1.6753E+01   0.0011
  0.00  2.0689E+02  1.9533E-02  1.5756E+01   0.0011
  0.00  2.1099E+02  1.8019E-02  1.4876E+01   0.0010
  0.00  2.1517E+02  1.6640E-02  1.4317E+01   0.0010
  0.00  2.1943E+02  1.5366E-02  1.3769E+01   0.0010
  0.00  2.2377E+02  1.4189E-02  1.3232E+01   0.0009
  0.00  2.2821E+02  1.3102E-02  1.2705E+01   0.0009
  0.00  2.3272E+02  1.2098E-02  1.2188E+01   0.0009
  0.00  2.3733E+02  1.1171E-02  1.1680E+01   0.0008
  0.00  2.4203E+02  1.0314E-02  1.1183E+01   0.0008
  0.00  2.4682E+02  9.5234E-03  1.0695E+01   0.0008
  0.00  2.5171E+02  8.7928E-03  1.0216E+01   0.0007
  0.00  2.5670E+02  8.1182E-03  9.7460E+00   0.0007
  0.00  2.6178E+02  7.4950E-03  9.2850E+00   0.0007
  0.00  2.6696E+02  6.9197E-03  8.8329E+00   0.0006
  0.00  2.7225E+02  6.3882E-03  8.3891E+00   0.0006
  0.00  2.7764E+02  5.8974E-03  7.9537E+00   0.0006
  0.00  2.8314E+02  5.4442E-03  7.5265E+00   0.0006
  0.00  2.8875E+02  5.0257E-03  7.1073E+00   0.0006
  0.00  2.9446E+02  4.6392E-03  6.6958E+00   0.0005
  0.00  3.0030E+02  4.2825E-03  6.3019E+00   0.0005
  0.00  3.0624E+02  3.9575E-03  6.0979E+00   0.0005
  0.00  3.1231E+02  3.6571E-03  5.8979E+00   0.0005
  0.00  3.1849E+02  3.3795E-03  5.7018E+00   0.0005
  0.00  3.2480E+02  3.1229E-03  5.5095E+00   0.0004
  0.00  3.3123E+02  2.8858E-03  5.3208E+00   0.0004
  0.00  3.3779E+02  2.6667E-03  5.1359E+00   0.0004
  0.00  3.4448E+02  2.4642E-03  4.9545E+00   0.0004
  0.00  3.5130E+02  2.2770E-03  4.7766E+00   0.0004
  0.00  3.5826E+02  2.1040E-03  4.6021E+00   0.0004
  0.00  3.6535E+02  1.9442E-03  4.4310E+00   0.0003
  0.00  3.7259E+02  1.7965E-03  4.2632E+00   0.0003
  0.00  3.7996E+02  1.6599E-03  4.0986E+00   0.0003
  0.00  3.8749E+02  1.5338E-03  3.9372E+00   0.0003
  0.00  3.9516E+02  1.4172E-03  3.7789E+00   0.0003
  0.00  4.0299E+02  1.3095E-03  3.6236E+00   0.0003
  0.00  4.1097E+02  1.2099E-03  3.4713E+00   0.0003
  0.00  4.1911E+02  1.1179E-03  3.3220E+00   0.0003
  0.00  4.2741E+02  1.0329E-03  3.1755E+00   0.0003
  0.00  4.3587E+02  9.5430E-04  3.0318E+00   0.0002
  0.00  4.4450E+02  8.8170E-04  2.8908E+00   0.0002
  0.00  4.5330E+02  8.1461E-04  2.7526E+00   0.0002
  0.00  4.6228E+02  7.5262E-04  2.6170E+00   0.0002
  0.00  4.7143E+02  6.9534E-04  2.4840E+00   0.0002
  0.00  4.8077E+02  6.4241E-04  2.3535E+00   0.0002
  0.00  4.9029E+02  5.9349E-04  2.2255E+00   0.0002
  0.00  5.0000E+02  5.4830E-04  2.1000E+00   0.0002
