# hjd  u1coord  v1coord  u2coord  v2coord  eff_wave  eff_band  t3amp  t3amperr  t3phi  t3phierr
2458656.59493894  -5.85394720e+01  +1.52088287e+01  -2.45483837e+01  -3.89581471e+01  +2.05825222e-06  +8.50000035e-08  +8.08931293e-01  +2.38329971e-03  -3.65246800e-01  +1.05611280e-01
2458656.59493894  -5.85394720e+01  +1.52088287e+01  -2.45483837e+01  -3.89581471e+01  +2.15256478e-06  +8.50000035e-08  +8.57865613e-01  +2.31514659e-03  -2.01623630e-01  +9.29081400e-02
2458656.59493894  -5.85394720e+01  +1.52088287e+01  -2.45483837e+01  -3.89581471e+01  +2.25535678e-06  +8.50000035e-08  +8.79830299e-01  +3.25717332e-03  -2.75794310e-01  +1.27168530e-01
2458656.59493894  -5.85394720e+01  +1.52088287e+01  -2.45483837e+01  -3.89581471e+01  +2.33565152e-06  +8.50000035e-08  +8.89028532e-01  +4.57879296e-03  -2.54540220e-01  +1.74607890e-01
2458656.59494079  -5.85395609e+01  +1.52091041e+01  -4.23322038e+01  -9.23252176e+01  +1.99507758e-06  +8.50000035e-08  +6.70775556e-01  +2.97804118e-03  -5.24158000e-03  +3.37768680e-01
2458656.59494125  -8.30882241e+01  -2.37489220e+01  -1.77835703e+01  -5.33671863e+01  +2.04918433e-06  +5.28431909e-10  +6.94803486e-01  +3.83844590e-02  +9.91311640e-01  +1.67380359e+00
2458656.59494125  -8.30882241e+01  -2.37489220e+01  -1.77835703e+01  -5.33671863e+01  +2.04944854e-06  +5.28431909e-10  +6.62500713e-01  +2.37602322e-02  +1.44350697e+00  +2.79246837e+00
2458656.59494125  -8.30882241e+01  -2.37489220e+01  -1.77835703e+01  -5.33671863e+01  +2.04971275e-06  +5.28431909e-10  +6.26816730e-01  +3.27292283e-02  -4.46452965e+00  +1.89219151e+00
2458656.59494125  -8.30882241e+01  -2.37489220e+01  -1.77835703e+01  -5.33671863e+01  +2.04997696e-06  +5.28431909e-10  +6.84295207e-01  +3.39764658e-02  -4.44158606e+00  +2.16304231e+00
2458656.59494125  -8.30882241e+01  -2.37489220e+01  -1.77835703e+01  -5.33671863e+01  +2.05024116e-06  +5.28431909e-10  +6.28452683e-01  +2.48358992e-02  +2.59357360e-01  +1.42995296e+00
2458656.59494125  -8.30882241e+01  -2.37489220e+01  -1.77835703e+01  -5.33671863e+01  +2.05050537e-06  +5.28431909e-10  +6.82477601e-01  +5.14862077e-02  -5.59905369e+00  +2.08788581e+00
2458656.59494125  -8.30882241e+01  -2.37489220e+01  -1.77835703e+01  -5.33671863e+01  +2.05076958e-06  +5.28431909e-10  +6.67251570e-01  +2.20287335e-02  -1.77392790e-01  +2.49984345e+00
2458656.60275348  -8.44998455e+01  -2.20363243e+01  -1.91103359e+01  -5.29901032e+01  +2.01483635e-06  +5.28431909e-10  +7.81622386e-01  +6.87541919e-02  +7.29092710e+00  +3.04131314e+00
2458656.60275348  -8.44998455e+01  -2.20363243e+01  -1.91103359e+01  -5.29901032e+01  +2.01510056e-06  +5.28431909e-10  +7.00330269e-01  +1.98159051e-02  -1.96630056e+00  +2.46558014e+00
2458656.60275348  -8.44998455e+01  -2.20363243e+01  -1.91103359e+01  -5.29901032e+01  +2.01536477e-06  +5.28431909e-10  +5.72528841e-01  +2.75057098e-02  +1.94414390e-01  +4.47312085e+00
2458656.60275348  -8.44998455e+01  -2.20363243e+01  -1.91103359e+01  -5.29901032e+01  +2.01562898e-06  +5.28431909e-10  +8.95629631e-01  +5.88294601e-02  +5.09211444e+00  +6.59502409e+00
2458656.60275348  -8.44998455e+01  -2.20363243e+01  -1.91103359e+01  -5.29901032e+01  +2.01589319e-06  +5.28431909e-10  +6.75843235e-01  +2.56483288e-02  +8.46346820e-01  +2.17987266e+00
2458656.60275348  -8.44998455e+01  -2.20363243e+01  -1.91103359e+01  -5.29901032e+01  +2.01008038e-06  +5.28431909e-10  +7.21045924e-01  +3.74014949e-02  +2.65885995e+00  +4.49616709e+00
2458656.60275348  -8.44998455e+01  -2.20363243e+01  -1.91103359e+01  -5.29901032e+01  +2.01034459e-06  +5.28431909e-10  +6.72656173e-01  +3.54093365e-02  +1.14834925e+00  +2.88071671e+00
2458656.60275348  -8.44998455e+01  -2.20363243e+01  -1.91103359e+01  -5.29901032e+01  +2.01060880e-06  +5.28431909e-10  +6.71441571e-01  +5.51539044e-02  -2.24728292e+00  +3.53345827e+00
2458656.60275348  -8.44998455e+01  -2.20363243e+01  -1.91103359e+01  -5.29901032e+01  +2.01087300e-06  +5.28431909e-10  +7.67266312e-01  +5.63454974e-02  +5.57754997e+00  +2.87858184e+00
2458656.60275348  -8.44998455e+01  -2.20363243e+01  -1.91103359e+01  -5.29901032e+01  +2.01113721e-06  +5.28431909e-10  +5.65283080e-01  +2.75330014e-02  +2.63578949e+00  +3.53801805e+00
2458656.60275348  -8.44998455e+01  -2.20363243e+01  -1.91103359e+01  -5.29901032e+01  +2.01140142e-06  +5.28431909e-10  +7.16681269e-01  +6.99483624e-02  +2.71045658e+00  +3.94371421e+00
2458656.60275348  -8.44998455e+01  -2.20363243e+01  -1.91103359e+01  -5.29901032e+01  +2.01166563e-06  +5.28431909e-10  +6.30608275e-01  +3.19598586e-02  -3.25763942e+00  +4.38742224e+00
2458656.60275348  -8.44998455e+01  -2.20363243e+01  -1.91103359e+01  -5.29901032e+01  +2.01192984e-06  +5.28431909e-10  +6.28954065e-01  +4.65533193e-02  +5.82495452e+00  +2.53671388e+00
2458656.61829692  -8.66969817e+01  -1.85544986e+01  -2.16099788e+01  -5.21618641e+01  +2.42754163e-06  +5.28431909e-10  +8.05712707e-01  +4.38731605e-02  +5.73816690e+00  +2.25231690e+00
2458656.61829692  -8.66969817e+01  -1.85544986e+01  -2.16099788e+01  -5.21618641e+01  +2.42780584e-06  +5.28431909e-10  +7.96412725e-01  +2.89014589e-02  +4.55954830e-01  +2.88464161e+00
2458656.61829692  -8.66969817e+01  -1.85544986e+01  -2.16099788e+01  -5.21618641e+01  +2.42807005e-06  +5.28431909e-10  +8.41956092e-01  +3.82744209e-02  -2.22421098e+00  +1.52979274e+00
2458656.61829692  -8.66969817e+01  -1.85544986e+01  -2.16099788e+01  -5.21618641e+01  +2.42833426e-06  +5.28431909e-10  +7.54490457e-01  +2.63977984e-02  +3.03658758e+00  +2.45201854e+00
2458656.61829692  -8.66969817e+01  -1.85544986e+01  -2.16099788e+01  -5.21618641e+01  +2.42859846e-06  +5.28431909e-10  +7.83720350e-01  +2.67468651e-02  -2.19794081e+00  +1.24453519e+00
2458656.61829692  -8.66969817e+01  -1.85544986e+01  -2.16099788e+01  -5.21618641e+01  +2.42886267e-06  +5.28431909e-10  +8.13414629e-01  +4.20929793e-02  -1.09266375e+00  +2.59374756e+00
2458656.61829692  -8.66969817e+01  -1.85544986e+01  -2.16099788e+01  -5.21618641e+01  +2.42912688e-06  +5.28431909e-10  +7.57130664e-01  +2.83995846e-02  -2.26067150e-01  +2.47706649e+00
2458656.61829692  -8.66969817e+01  -1.85544986e+01  -2.16099788e+01  -5.21618641e+01  +2.42939109e-06  +5.28431909e-10  +7.93554880e-01  +3.97684702e-02  -9.17983290e-01  +3.40011016e+00
2458656.61829692  -8.66969817e+01  -1.85544986e+01  -2.16099788e+01  -5.21618641e+01  +2.42965530e-06  +5.28431909e-10  +8.53977347e-01  +2.76707859e-02  -8.02330390e-01  +1.76312027e+00
2458656.62719708  -2.86579407e+01  -3.67064095e+01  -2.29498411e+01  -5.16433610e+01  +2.44815055e-06  +5.28431909e-10  +8.59648826e-01  +6.42443101e-02  -3.83080171e+00  +2.59969360e+00
2458656.62719708  -2.86579407e+01  -3.67064095e+01  -2.29498411e+01  -5.16433610e+01  +2.44841476e-06  +5.28431909e-10  +8.11469460e-01  +7.19325102e-02  -2.15863279e+00  +3.98903635e+00
2458656.62719708  -2.86579407e+01  -3.67064095e+01  -2.29498411e+01  -5.16433610e+01  +2.44867897e-06  +5.28431909e-10  +8.57470302e-01  +8.42113675e-02  -1.24693169e+00  +3.40916829e+00
2458656.62719708  -2.86579407e+01  -3.67064095e+01  -2.29498411e+01  -5.16433610e+01  +2.44894318e-06  +5.28431909e-10  +9.10372765e-01  +6.25646655e-02  -1.48881210e-01  +3.31957597e+00
2458656.62719708  -2.86579407e+01  -3.67064095e+01  -2.29498411e+01  -5.16433610e+01  +2.44920739e-06  +5.28431909e-10  +9.54403282e-01  +6.55826964e-02  -1.32289510e+00  +2.52726590e+00
2458656.62719708  -2.86579407e+01  -3.67064095e+01  -2.29498411e+01  -5.16433610e+01  +2.44947159e-06  +5.28431909e-10  +8.94421170e-01  +7.58779365e-02  -4.27203476e+00  +1.18730426e+00
2458656.62719708  -2.86579407e+01  -3.67064095e+01  -2.29498411e+01  -5.16433610e+01  +2.44973580e-06  +5.28431909e-10  +9.02328246e-01  +3.51212082e-02  +1.50033229e+00  +2.81111170e+00
2458656.62719708  -2.86579407e+01  -3.67064095e+01  -2.29498411e+01  -5.16433610e+01  +2.45000001e-06  +5.28431909e-10  +8.59744524e-01  +3.19653675e-02  -9.53243590e-01  +2.76405550e+00
