2456451.3721  6.5450000000E-07  6.5600000000E-07  1.0598966186E+00  1.9365226586E-02  1  VLT
2456451.3721  6.5451758794E-07  6.5600000000E-07  1.0360447387E+00  2.5894837752E-02  1  VLT
2456451.3721  6.5453517588E-07  6.5600000000E-07  9.8477233367E-01  2.0046610474E-02  1  VLT
2456451.3721  6.5455276382E-07  6.5600000000E-07  8.4515119637E-01  5.8146194472E-02  1  VLT
2456451.3721  6.5457035176E-07  6.5600000000E-07  7.9234832965E-01  4.3332462704E-02  1  VLT
2456451.3721  6.5458793970E-07  6.5600000000E-07  8.5540770714E-01  5.2891277099E-02  1  VLT
2456451.3721  6.5460552764E-07  6.5600000000E-07  9.9893541036E-01  2.8387780059E-02  1  VLT
2456451.3721  6.5462311558E-07  6.5600000000E-07  1.0486331041E+00  2.2676881723E-02  1  VLT
2456451.3721  6.5464070352E-07  6.5600000000E-07  1.0589718376E+00  2.9189797717E-02  1  VLT
2456451.3721  6.5465829146E-07  6.5600000000E-07  1.0578819620E+00  2.7134663973E-02  1  VLT
2456451.3721  6.5467587940E-07  6.5600000000E-07  1.0591488052E+00  2.9868795449E-02  1  VLT
2456451.3721  6.5469346734E-07  6.5600000000E-07  1.0542675785E+00  3.2634971056E-02  1  VLT
2456451.3721  6.5471105528E-07  6.5600000000E-07  1.0521749568E+00  3.6665888853E-02  1  VLT
2456451.3721  6.5472864322E-07  6.5600000000E-07  1.0615153628E+00  1.9375973316E-02  1  VLT
2456451.3721  6.5474623116E-07  6.5600000000E-07  1.0600966900E+00  2.4258944457E-02  1  VLT
2456451.3721  6.5476381910E-07  6.5600000000E-07  1.0523742916E+00  3.6151715006E-02  1  VLT
2456451.3721  6.5478140704E-07  6.5600000000E-07  1.0600572963E+00  3.1942019717E-02  1  VLT
2456451.3721  6.5479899497E-07  6.5600000000E-07  1.0748831481E+00  3.1814545578E-02  1  VLT
2456451.3721  6.5481658291E-07  6.5600000000E-07  1.0859330397E+00  2.8189517145E-02  1  VLT
2456451.3721  6.5483417085E-07  6.5600000000E-07  1.0734340703E+00  2.8412287976E-02  1  VLT
2456451.3721  6.5485175879E-07  6.5600000000E-07  1.0755073484E+00  2.6917477885E-02  1  VLT
2456451.3721  6.5486934673E-07  6.5600000000E-07  1.0730777547E+00  3.3460768664E-02  1  VLT
2456451.3721  6.5488693467E-07  6.5600000000E-07  1.0894752386E+00  2.5993208607E-02  1  VLT
2456451.3721  6.5490452261E-07  6.5600000000E-07  1.0850982409E+00  2.8247662560E-02  1  VLT
2456451.3721  6.5492211055E-07  6.5600000000E-07  1.0827544418E+00  2.9141863241E-02  1  VLT
2456451.3721  6.5493969849E-07  6.5600000000E-07  1.0861322023E+00  2.8767935171E-02  1  VLT
2456451.3721  6.5495728643E-07  6.5600000000E-07  1.0874002076E+00  3.1099232663E-02  1  VLT
2456451.3721  6.5497487437E-07  6.5600000000E-07  1.0801374638E+00  3.2712072247E-02  1  VLT
2456451.3721  6.5499246231E-07  6.5600000000E-07  1.0872293057E+00  3.0189762220E-02  1  VLT
2456451.3721  6.5501005025E-07  6.5600000000E-07  1.0922090603E+00  3.4259936317E-02  1  VLT
2456451.3721  6.5502763819E-07  6.5600000000E-07  1.0962299613E+00  3.2835231306E-02  1  VLT
2456451.3721  6.5504522613E-07  6.5600000000E-07  1.0968877027E+00  3.4798308199E-02  1  VLT
2456451.3721  6.5506281407E-07  6.5600000000E-07  1.0966403067E+00  3.2859806343E-02  1  VLT
2456451.3721  6.5508040201E-07  6.5600000000E-07  1.0871668625E+00  3.0910077198E-02  1  VLT
2456451.3721  6.5509798995E-07  6.5600000000E-07  1.0377842364E+00  4.1213237241E-02  1  VLT
2456451.3721  6.5511557789E-07  6.5600000000E-07  1.0449422873E+00  3.7306810243E-02  1  VLT
2456451.3721  6.5513316583E-07  6.5600000000E-07  1.0715808587E+00  3.6099368462E-02  1  VLT
2456451.3721  6.5515075377E-07  6.5600000000E-07  1.1005660751E+00  3.4081892040E-02  1  VLT
2456451.3721  6.5516834171E-07  6.5600000000E-07  1.1140502639E+00  3.7395863704E-02  1  VLT
2456451.3721  6.5518592965E-07  6.5600000000E-07  1.1232448140E+00  3.3984918754E-02  1  VLT
2456451.3721  6.5520351759E-07  6.5600000000E-07  1.1195429284E+00  3.8791911640E-02  1  VLT
2456451.3721  6.5522110553E-07  6.5600000000E-07  1.1336429935E+00  3.4808396287E-02  1  VLT
2456451.3721  6.5523869347E-07  6.5600000000E-07  1.1250282611E+00  3.6009171411E-02  1  VLT
2456451.3721  6.5525628141E-07  6.5600000000E-07  1.1228511537E+00  3.9197130974E-02  1  VLT
2456451.3721  6.5527386935E-07  6.5600000000E-07  1.1421856582E+00  4.7531074473E-02  1  VLT
2456451.3721  6.5529145729E-07  6.5600000000E-07  1.1584583897E+00  4.8103716353E-02  1  VLT
2456451.3721  6.5530904523E-07  6.5600000000E-07  1.1516758183E+00  5.3537495787E-02  1  VLT
2456451.3721  6.5532663317E-07  6.5600000000E-07  1.1486036535E+00  4.9995926920E-02  1  VLT
2456451.3721  6.5534422111E-07  6.5600000000E-07  1.1013755155E+00  7.7274529923E-02  1  VLT
2456451.3721  6.5536180905E-07  6.5600000000E-07  1.0458407034E+00  8.0898106276E-02  1  VLT
2456451.3721  6.5537939698E-07  6.5600000000E-07  1.0614842206E+00  6.9919865289E-02  1  VLT
2456451.3721  6.5539698492E-07  6.5600000000E-07  1.1639357710E+00  6.2776587902E-02  1  VLT
2456451.3721  6.5541457286E-07  6.5600000000E-07  1.2078002232E+00  8.1170188182E-02  1  VLT
2456451.3721  6.5543216080E-07  6.5600000000E-07  1.2302326983E+00  8.9173937143E-02  1  VLT
2456451.3721  6.5544974874E-07  6.5600000000E-07  1.2446344661E+00  9.6046885262E-02  1  VLT
2456451.3721  6.5546733668E-07  6.5600000000E-07  1.2667151820E+00  1.1107710478E-01  1  VLT
2456451.3721  6.5548492462E-07  6.5600000000E-07  1.2779993409E+00  1.2182269378E-01  1  VLT
2456451.3721  6.5550251256E-07  6.5600000000E-07  1.2962273922E+00  1.2761843367E-01  1  VLT
2456451.3721  6.5552010050E-07  6.5600000000E-07  1.3140417756E+00  1.4611897932E-01  1  VLT
2456451.3721  6.5553768844E-07  6.5600000000E-07  1.2606545405E+00  1.8812407187E-01  1  VLT
2456451.3721  6.5555527638E-07  6.5600000000E-07  1.3003041544E+00  1.7603319444E-01  1  VLT
2456451.3721  6.5557286432E-07  6.5600000000E-07  1.4011064764E+00  1.6955450013E-01  1  VLT
2456451.3721  6.5559045226E-07  6.5600000000E-07  1.5436059677E+00  1.8710774958E-01  1  VLT
2456451.3721  6.5560804020E-07  6.5600000000E-07  1.5808588025E+00  2.2392287094E-01  1  VLT
2456451.3721  6.5562562814E-07  6.5600000000E-07  1.6297641507E+00  2.5128106925E-01  1  VLT
2456451.3721  6.5564321608E-07  6.5600000000E-07  1.6951812318E+00  2.6690140082E-01  1  VLT
2456451.3721  6.5566080402E-07  6.5600000000E-07  1.7965152503E+00  2.8566562325E-01  1  VLT
2456451.3721  6.5567839196E-07  6.5600000000E-07  1.8900912238E+00  3.1594587929E-01  1  VLT
2456451.3721  6.5569597990E-07  6.5600000000E-07  1.9897102629E+00  3.4427769280E-01  1  VLT
2456451.3721  6.5571356784E-07  6.5600000000E-07  2.0814040134E+00  3.7051522099E-01  1  VLT
2456451.3721  6.5573115578E-07  6.5600000000E-07  2.2116942801E+00  4.3310637796E-01  1  VLT
2456451.3721  6.5574874372E-07  6.5600000000E-07  2.3594295433E+00  4.7094706978E-01  1  VLT
2456451.3721  6.5576633166E-07  6.5600000000E-07  2.5424762149E+00  5.3865001947E-01  1  VLT
2456451.3721  6.5578391960E-07  6.5600000000E-07  2.7736137834E+00  6.0327121018E-01  1  VLT
2456451.3721  6.5580150754E-07  6.5600000000E-07  3.0229580259E+00  6.9343660320E-01  1  VLT
2456451.3721  6.5581909548E-07  6.5600000000E-07  3.3158579771E+00  7.8167115016E-01  1  VLT
2456451.3721  6.5583668342E-07  6.5600000000E-07  3.7004499615E+00  8.9875426228E-01  1  VLT
2456451.3721  6.5585427136E-07  6.5600000000E-07  4.0865801389E+00  1.0311980714E+00  1  VLT
2456451.3721  6.5587185930E-07  6.5600000000E-07  4.5370017586E+00  1.1934138292E+00  1  VLT
2456451.3721  6.5588944724E-07  6.5600000000E-07  5.0392193246E+00  1.3516578527E+00  1  VLT
2456451.3721  6.5590703518E-07  6.5600000000E-07  5.5810080573E+00  1.5563130216E+00  1  VLT
2456451.3721  6.5592462312E-07  6.5600000000E-07  6.1657977324E+00  1.8020940054E+00  1  VLT
2456451.3721  6.5594221106E-07  6.5600000000E-07  6.8207813449E+00  2.0235646839E+00  1  VLT
2456451.3721  6.5595979899E-07  6.5600000000E-07  7.3887217847E+00  2.2384118250E+00  1  VLT
2456451.3721  6.5597738693E-07  6.5600000000E-07  7.9630696627E+00  2.4402862087E+00  1  VLT
2456451.3721  6.5599497487E-07  6.5600000000E-07  8.4771139600E+00  2.5670018349E+00  1  VLT
2456451.3721  6.5601256281E-07  6.5600000000E-07  8.9030845109E+00  2.6249362387E+00  1  VLT
2456451.3721  6.5603015075E-07  6.5600000000E-07  9.2979891896E+00  2.5969460556E+00  1  VLT
2456451.3721  6.5604773869E-07  6.5600000000E-07  9.5398053397E+00  2.5336968397E+00  1  VLT
2456451.3721  6.5606532663E-07  6.5600000000E-07  9.7939126914E+00  2.3613985675E+00  1  VLT
2456451.3721  6.5608291457E-07  6.5600000000E-07  9.8779420200E+00  2.1614782731E+00  1  VLT
2456451.3721  6.5610050251E-07  6.5600000000E-07  9.8601519468E+00  1.8860466907E+00  1  VLT
2456451.3721  6.5611809045E-07  6.5600000000E-07  9.7545992028E+00  1.6434092922E+00  1  VLT
2456451.3721  6.5613567839E-07  6.5600000000E-07  9.6025822270E+00  1.4303860960E+00  1  VLT
2456451.3721  6.5615326633E-07  6.5600000000E-07  9.4509460502E+00  1.1846983801E+00  1  VLT
2456451.3721  6.5617085427E-07  6.5600000000E-07  9.3865564090E+00  9.6844280008E-01  1  VLT
2456451.3721  6.5618844221E-07  6.5600000000E-07  9.1544193430E+00  8.7076838781E-01  1  VLT
2456451.3721  6.5620603015E-07  6.5600000000E-07  8.8584340690E+00  8.0219984395E-01  1  VLT
2456451.3721  6.5622361809E-07  6.5600000000E-07  8.5516800995E+00  7.6265921569E-01  1  VLT
2456451.3721  6.5624120603E-07  6.5600000000E-07  8.2968753488E+00  7.0750709433E-01  1  VLT
2456451.3721  6.5625879397E-07  6.5600000000E-07  8.1265625632E+00  7.1960951873E-01  1  VLT
2456451.3721  6.5627638191E-07  6.5600000000E-07  7.9887130471E+00  7.1839815451E-01  1  VLT
2456451.3721  6.5629396985E-07  6.5600000000E-07  7.8478579587E+00  8.5728378660E-01  1  VLT
2456451.3721  6.5631155779E-07  6.5600000000E-07  7.7548520567E+00  1.0354531498E+00  1  VLT
2456451.3721  6.5632914573E-07  6.5600000000E-07  7.6872415381E+00  1.2909413573E+00  1  VLT
2456451.3721  6.5634673367E-07  6.5600000000E-07  7.7199701304E+00  1.5227330140E+00  1  VLT
2456451.3721  6.5636432161E-07  6.5600000000E-07  7.7764148799E+00  1.8100455477E+00  1  VLT
2456451.3721  6.5638190955E-07  6.5600000000E-07  7.8161562938E+00  2.0462178929E+00  1  VLT
2456451.3721  6.5639949749E-07  6.5600000000E-07  7.7867839522E+00  2.1911211427E+00  1  VLT
2456451.3721  6.5641708543E-07  6.5600000000E-07  7.6809195052E+00  2.3660070540E+00  1  VLT
2456451.3721  6.5643467337E-07  6.5600000000E-07  7.6998841555E+00  2.4221246597E+00  1  VLT
2456451.3721  6.5645226131E-07  6.5600000000E-07  7.5109949910E+00  2.4564360772E+00  1  VLT
2456451.3721  6.5646984925E-07  6.5600000000E-07  7.2560624514E+00  2.3912537948E+00  1  VLT
2456451.3721  6.5648743719E-07  6.5600000000E-07  6.9011154965E+00  2.2703650948E+00  1  VLT
2456451.3721  6.5650502513E-07  6.5600000000E-07  6.4962476914E+00  2.0963905572E+00  1  VLT
2456451.3721  6.5652261307E-07  6.5600000000E-07  6.0752609054E+00  1.9132752792E+00  1  VLT
2456451.3721  6.5654020101E-07  6.5600000000E-07  5.6556978826E+00  1.7178394147E+00  1  VLT
2456451.3721  6.5655778894E-07  6.5600000000E-07  5.2813993342E+00  1.5050400114E+00  1  VLT
2456451.3721  6.5657537688E-07  6.5600000000E-07  4.8823051049E+00  1.3442968926E+00  1  VLT
2456451.3721  6.5659296482E-07  6.5600000000E-07  4.4925046921E+00  1.1907260429E+00  1  VLT
2456451.3721  6.5661055276E-07  6.5600000000E-07  4.1378304046E+00  1.0404033988E+00  1  VLT
2456451.3721  6.5662814070E-07  6.5600000000E-07  3.7960018295E+00  9.2088307891E-01  1  VLT
2456451.3721  6.5664572864E-07  6.5600000000E-07  3.4872407589E+00  8.0898657754E-01  1  VLT
2456451.3721  6.5666331658E-07  6.5600000000E-07  3.1824666666E+00  7.0826202935E-01  1  VLT
2456451.3721  6.5668090452E-07  6.5600000000E-07  2.9236755275E+00  6.1430523237E-01  1  VLT
2456451.3721  6.5669849246E-07  6.5600000000E-07  2.6844462591E+00  5.3918391905E-01  1  VLT
2456451.3721  6.5671608040E-07  6.5600000000E-07  2.4549436835E+00  4.5967156703E-01  1  VLT
2456451.3721  6.5673366834E-07  6.5600000000E-07  2.2662433061E+00  3.9460230629E-01  1  VLT
2456451.3721  6.5675125628E-07  6.5600000000E-07  2.1075068703E+00  3.3449330682E-01  1  VLT
2456451.3721  6.5676884422E-07  6.5600000000E-07  1.9662283392E+00  2.8734934160E-01  1  VLT
2456451.3721  6.5678643216E-07  6.5600000000E-07  1.8554398448E+00  2.4559956661E-01  1  VLT
2456451.3721  6.5680402010E-07  6.5600000000E-07  1.7433086298E+00  2.1960239613E-01  1  VLT
2456451.3721  6.5682160804E-07  6.5600000000E-07  1.6321252078E+00  1.9272615289E-01  1  VLT
2456451.3721  6.5683919598E-07  6.5600000000E-07  1.4968187188E+00  1.5995693349E-01  1  VLT
2456451.3721  6.5685678392E-07  6.5600000000E-07  1.3325786141E+00  1.6639251073E-01  1  VLT
2456451.3721  6.5687437186E-07  6.5600000000E-07  1.2778202393E+00  1.4154055047E-01  1  VLT
2456451.3721  6.5689195980E-07  6.5600000000E-07  1.3070629887E+00  1.1177897732E-01  1  VLT
2456451.3721  6.5690954774E-07  6.5600000000E-07  1.3306317864E+00  1.0047271349E-01  1  VLT
2456451.3721  6.5692713568E-07  6.5600000000E-07  1.3195725236E+00  9.7061132621E-02  1  VLT
2456451.3721  6.5694472362E-07  6.5600000000E-07  1.2835605440E+00  9.6584626269E-02  1  VLT
2456451.3721  6.5696231156E-07  6.5600000000E-07  1.2682182045E+00  8.7922292559E-02  1  VLT
2456451.3721  6.5697989950E-07  6.5600000000E-07  1.2522650919E+00  8.3498467264E-02  1  VLT
2456451.3721  6.5699748744E-07  6.5600000000E-07  1.2381403294E+00  8.4033949361E-02  1  VLT
2456451.3721  6.5701507538E-07  6.5600000000E-07  1.2039893290E+00  7.3806026856E-02  1  VLT
2456451.3721  6.5703266332E-07  6.5600000000E-07  1.1847468208E+00  6.9749473624E-02  1  VLT
2456451.3721  6.5705025126E-07  6.5600000000E-07  1.1642790531E+00  6.7834880960E-02  1  VLT
2456451.3721  6.5706783920E-07  6.5600000000E-07  1.1575091658E+00  6.2069513452E-02  1  VLT
2456451.3721  6.5708542714E-07  6.5600000000E-07  1.1579212155E+00  6.4908632548E-02  1  VLT
2456451.3721  6.5710301508E-07  6.5600000000E-07  1.1620549816E+00  5.9080832265E-02  1  VLT
2456451.3721  6.5712060302E-07  6.5600000000E-07  1.1695948939E+00  5.1867711136E-02  1  VLT
2456451.3721  6.5713819095E-07  6.5600000000E-07  1.1591484693E+00  5.7200590339E-02  1  VLT
2456451.3721  6.5715577889E-07  6.5600000000E-07  1.1476642725E+00  5.1517604597E-02  1  VLT
2456451.3721  6.5717336683E-07  6.5600000000E-07  1.1267880334E+00  4.3329682276E-02  1  VLT
2456451.3721  6.5719095477E-07  6.5600000000E-07  1.0547384040E+00  4.4544635170E-02  1  VLT
2456451.3721  6.5720854271E-07  6.5600000000E-07  9.0876375686E-01  7.8284841414E-02  1  VLT
2456451.3721  6.5722613065E-07  6.5600000000E-07  8.7805083516E-01  6.6309565845E-02  1  VLT
2456451.3721  6.5724371859E-07  6.5600000000E-07  9.4659549752E-01  5.6027815295E-02  1  VLT
2456451.3721  6.5726130653E-07  6.5600000000E-07  1.0708409594E+00  3.3997771085E-02  1  VLT
2456451.3721  6.5727889447E-07  6.5600000000E-07  1.1104591684E+00  3.8442299870E-02  1  VLT
2456451.3721  6.5729648241E-07  6.5600000000E-07  1.1109898368E+00  4.9704686447E-02  1  VLT
2456451.3721  6.5731407035E-07  6.5600000000E-07  1.1085725913E+00  4.0757528648E-02  1  VLT
2456451.3721  6.5733165829E-07  6.5600000000E-07  1.0768369502E+00  3.1144799779E-02  1  VLT
2456451.3721  6.5734924623E-07  6.5600000000E-07  9.6210195675E-01  6.6114800620E-02  1  VLT
2456451.3721  6.5736683417E-07  6.5600000000E-07  9.2411412480E-01  5.7554880987E-02  1  VLT
2456451.3721  6.5738442211E-07  6.5600000000E-07  9.6160457723E-01  5.2841381177E-02  1  VLT
2456451.3721  6.5740201005E-07  6.5600000000E-07  1.0482773583E+00  2.7017125354E-02  1  VLT
2456451.3721  6.5741959799E-07  6.5600000000E-07  1.0143902928E+00  4.7381923807E-02  1  VLT
2456451.3721  6.5743718593E-07  6.5600000000E-07  8.8582819569E-01  6.4956430529E-02  1  VLT
2456451.3721  6.5745477387E-07  6.5600000000E-07  8.7784919303E-01  5.0401367492E-02  1  VLT
2456451.3721  6.5747236181E-07  6.5600000000E-07  9.6656130804E-01  4.4604349855E-02  1  VLT
2456451.3721  6.5748994975E-07  6.5600000000E-07  1.0533594462E+00  3.8556729366E-02  1  VLT
2456451.3721  6.5750753769E-07  6.5600000000E-07  1.0894818272E+00  3.6351287376E-02  1  VLT
2456451.3721  6.5752512563E-07  6.5600000000E-07  1.0913373936E+00  4.0170971595E-02  1  VLT
2456451.3721  6.5754271357E-07  6.5600000000E-07  1.0902405574E+00  3.4130470149E-02  1  VLT
2456451.3721  6.5756030151E-07  6.5600000000E-07  1.0728683795E+00  4.2760434421E-02  1  VLT
2456451.3721  6.5757788945E-07  6.5600000000E-07  1.0633402982E+00  4.5083479191E-02  1  VLT
2456451.3721  6.5759547739E-07  6.5600000000E-07  1.0698602428E+00  4.1314051446E-02  1  VLT
2456451.3721  6.5761306533E-07  6.5600000000E-07  1.0758783511E+00  4.3216723251E-02  1  VLT
2456451.3721  6.5763065327E-07  6.5600000000E-07  1.0788165499E+00  3.9232839630E-02  1  VLT
2456451.3721  6.5764824121E-07  6.5600000000E-07  1.0847053066E+00  3.8715534615E-02  1  VLT
2456451.3721  6.5766582915E-07  6.5600000000E-07  1.0858982307E+00  4.5142644135E-02  1  VLT
2456451.3721  6.5768341709E-07  6.5600000000E-07  1.0855141706E+00  4.3241084996E-02  1  VLT
2456451.3721  6.5770100503E-07  6.5600000000E-07  1.0833653892E+00  3.9103752624E-02  1  VLT
2456451.3721  6.5771859296E-07  6.5600000000E-07  1.0839077397E+00  4.0558196581E-02  1  VLT
2456451.3721  6.5773618090E-07  6.5600000000E-07  1.0774418487E+00  4.1430776087E-02  1  VLT
2456451.3721  6.5775376884E-07  6.5600000000E-07  1.0768427056E+00  3.9767039880E-02  1  VLT
2456451.3721  6.5777135678E-07  6.5600000000E-07  1.0832765678E+00  3.5306076030E-02  1  VLT
2456451.3721  6.5778894472E-07  6.5600000000E-07  1.0826867234E+00  3.6357753961E-02  1  VLT
2456451.3721  6.5780653266E-07  6.5600000000E-07  1.0710859627E+00  3.8830124864E-02  1  VLT
2456451.3721  6.5782412060E-07  6.5600000000E-07  1.0689809805E+00  4.0311474192E-02  1  VLT
2456451.3721  6.5784170854E-07  6.5600000000E-07  1.0668612885E+00  3.6754122293E-02  1  VLT
2456451.3721  6.5785929648E-07  6.5600000000E-07  1.0694936048E+00  3.3538060483E-02  1  VLT
2456451.3721  6.5787688442E-07  6.5600000000E-07  1.0624657929E+00  4.0546826577E-02  1  VLT
2456451.3721  6.5789447236E-07  6.5600000000E-07  1.0733094391E+00  3.8848320539E-02  1  VLT
2456451.3721  6.5791206030E-07  6.5600000000E-07  1.0702457127E+00  3.9396117305E-02  1  VLT
2456451.3721  6.5792964824E-07  6.5600000000E-07  1.0739176506E+00  3.9235604653E-02  1  VLT
2456451.3721  6.5794723618E-07  6.5600000000E-07  1.0652934523E+00  3.4782237735E-02  1  VLT
2456451.3721  6.5796482412E-07  6.5600000000E-07  1.0481150480E+00  4.1088092448E-02  1  VLT
2456451.3721  6.5798241206E-07  6.5600000000E-07  1.0361387710E+00  3.9352513713E-02  1  VLT
2456451.3721  6.5800000000E-07  6.5600000000E-07  1.0531810823E+00  2.7457211967E-02  1  VLT
