2456451.3721  6.5450000000E-07  6.5600000000E-07  9.9615313791E-01  1.9224003337E-01  1  VLT_combined
2456451.3721  6.5451758794E-07  6.5600000000E-07  9.8193644299E-01  1.8939946013E-01  1  VLT_combined
2456451.3721  6.5453517588E-07  6.5600000000E-07  9.8000182757E-01  1.9003559633E-01  1  VLT_combined
2456451.3721  6.5455276382E-07  6.5600000000E-07  9.6215820786E-01  2.4362560640E-01  1  VLT_combined
2456451.3721  6.5457035176E-07  6.5600000000E-07  9.4176560759E-01  2.5691151332E-01  1  VLT_combined
2456451.3721  6.5458793970E-07  6.5600000000E-07  9.2956980528E-01  2.4508993790E-01  1  VLT_combined
2456451.3721  6.5460552764E-07  6.5600000000E-07  9.9283740645E-01  1.9178668309E-01  1  VLT_combined
2456451.3721  6.5462311558E-07  6.5600000000E-07  9.9223205586E-01  2.0062072791E-01  1  VLT_combined
2456451.3721  6.5464070352E-07  6.5600000000E-07  1.0131681722E+00  1.8731996029E-01  1  VLT_combined
2456451.3721  6.5465829146E-07  6.5600000000E-07  1.0105771333E+00  1.8528707422E-01  1  VLT_combined
2456451.3721  6.5467587940E-07  6.5600000000E-07  1.0198584778E+00  1.8747404278E-01  1  VLT_combined
2456451.3721  6.5469346734E-07  6.5600000000E-07  1.0169656806E+00  1.8472758867E-01  1  VLT_combined
2456451.3721  6.5471105528E-07  6.5600000000E-07  1.0124063501E+00  1.8661456612E-01  1  VLT_combined
2456451.3721  6.5472864322E-07  6.5600000000E-07  1.0097750315E+00  1.8654304018E-01  1  VLT_combined
2456451.3721  6.5474623116E-07  6.5600000000E-07  1.0021927593E+00  1.8907456654E-01  1  VLT_combined
2456451.3721  6.5476381910E-07  6.5600000000E-07  9.4946432059E-01  2.0609365529E-01  1  VLT_combined
2456451.3721  6.5478140704E-07  6.5600000000E-07  8.3089529843E-01  2.7425749372E-01  1  VLT_combined
2456451.3721  6.5479899497E-07  6.5600000000E-07  8.2347889363E-01  2.8737635821E-01  1  VLT_combined
2456451.3721  6.5481658291E-07  6.5600000000E-07  9.2307663941E-01  2.3763274434E-01  1  VLT_combined
2456451.3721  6.5483417085E-07  6.5600000000E-07  9.9784409760E-01  1.9516683325E-01  1  VLT_combined
2456451.3721  6.5485175879E-07  6.5600000000E-07  1.0184405017E+00  1.9006854512E-01  1  VLT_combined
2456451.3721  6.5486934673E-07  6.5600000000E-07  1.0278621206E+00  1.8676724893E-01  1  VLT_combined
2456451.3721  6.5488693467E-07  6.5600000000E-07  1.0288445521E+00  1.8721510481E-01  1  VLT_combined
2456451.3721  6.5490452261E-07  6.5600000000E-07  1.0268752232E+00  1.8905063788E-01  1  VLT_combined
2456451.3721  6.5492211055E-07  6.5600000000E-07  1.0225072969E+00  1.8638724854E-01  1  VLT_combined
2456451.3721  6.5493969849E-07  6.5600000000E-07  1.0217126887E+00  1.8881734197E-01  1  VLT_combined
2456451.3721  6.5495728643E-07  6.5600000000E-07  1.0248623578E+00  1.9048388173E-01  1  VLT_combined
2456451.3721  6.5497487437E-07  6.5600000000E-07  1.0170219181E+00  1.9182014091E-01  1  VLT_combined
2456451.3721  6.5499246231E-07  6.5600000000E-07  1.0128809239E+00  1.9184924726E-01  1  VLT_combined
2456451.3721  6.5501005025E-07  6.5600000000E-07  1.0296904150E+00  1.9244209357E-01  1  VLT_combined
2456451.3721  6.5502763819E-07  6.5600000000E-07  1.0447978733E+00  1.8789250213E-01  1  VLT_combined
2456451.3721  6.5504522613E-07  6.5600000000E-07  1.0365845121E+00  1.9125820962E-01  1  VLT_combined
2456451.3721  6.5506281407E-07  6.5600000000E-07  1.0182925119E+00  2.3188442039E-01  1  VLT_combined
2456451.3721  6.5508040201E-07  6.5600000000E-07  1.0348155837E+00  1.8605574622E-01  1  VLT_combined
2456451.3721  6.5509798995E-07  6.5600000000E-07  1.0275726370E+00  1.8849476817E-01  1  VLT_combined
2456451.3721  6.5511557789E-07  6.5600000000E-07  1.0345684473E+00  1.8652123490E-01  1  VLT_combined
2456451.3721  6.5513316583E-07  6.5600000000E-07  1.0393746520E+00  1.8424620978E-01  1  VLT_combined
2456451.3721  6.5515075377E-07  6.5600000000E-07  1.0464825277E+00  1.8786840592E-01  1  VLT_combined
2456451.3721  6.5516834171E-07  6.5600000000E-07  1.0481726126E+00  1.8987290404E-01  1  VLT_combined
2456451.3721  6.5518592965E-07  6.5600000000E-07  1.0512722283E+00  1.9361291904E-01  1  VLT_combined
2456451.3721  6.5520351759E-07  6.5600000000E-07  1.0543944401E+00  1.9361224569E-01  1  VLT_combined
2456451.3721  6.5522110553E-07  6.5600000000E-07  1.0595204498E+00  1.9226150220E-01  1  VLT_combined
2456451.3721  6.5523869347E-07  6.5600000000E-07  1.0663417467E+00  1.8935179711E-01  1  VLT_combined
2456451.3721  6.5525628141E-07  6.5600000000E-07  1.0722221468E+00  1.8838391541E-01  1  VLT_combined
2456451.3721  6.5527386935E-07  6.5600000000E-07  1.0712416170E+00  1.9223772434E-01  1  VLT_combined
2456451.3721  6.5529145729E-07  6.5600000000E-07  1.0720801756E+00  1.9989483985E-01  1  VLT_combined
2456451.3721  6.5530904523E-07  6.5600000000E-07  1.0630034744E+00  2.0085196781E-01  1  VLT_combined
2456451.3721  6.5532663317E-07  6.5600000000E-07  1.0357636797E+00  2.1113162811E-01  1  VLT_combined
2456451.3721  6.5534422111E-07  6.5600000000E-07  1.0225133804E+00  2.0293565914E-01  1  VLT_combined
2456451.3721  6.5536180905E-07  6.5600000000E-07  1.0385057046E+00  1.9579563666E-01  1  VLT_combined
2456451.3721  6.5537939698E-07  6.5600000000E-07  1.0625693173E+00  1.9898795822E-01  1  VLT_combined
2456451.3721  6.5539698492E-07  6.5600000000E-07  1.0977217413E+00  1.9505852216E-01  1  VLT_combined
2456451.3721  6.5541457286E-07  6.5600000000E-07  1.1078525608E+00  2.0775175708E-01  1  VLT_combined
2456451.3721  6.5543216080E-07  6.5600000000E-07  1.1141085616E+00  2.1813336737E-01  1  VLT_combined
2456451.3721  6.5544974874E-07  6.5600000000E-07  1.1245637410E+00  2.2304168448E-01  1  VLT_combined
2456451.3721  6.5546733668E-07  6.5600000000E-07  1.1228925191E+00  2.4575146582E-01  1  VLT_combined
2456451.3721  6.5548492462E-07  6.5600000000E-07  1.1159379788E+00  2.4769938214E-01  1  VLT_combined
2456451.3721  6.5550251256E-07  6.5600000000E-07  1.1531153080E+00  2.4223038696E-01  1  VLT_combined
2456451.3721  6.5552010050E-07  6.5600000000E-07  1.1676562458E+00  2.4993186652E-01  1  VLT_combined
2456451.3721  6.5553768844E-07  6.5600000000E-07  1.1490524881E+00  2.5427167692E-01  1  VLT_combined
2456451.3721  6.5555527638E-07  6.5600000000E-07  1.1657630056E+00  2.5683596871E-01  1  VLT_combined
2456451.3721  6.5557286432E-07  6.5600000000E-07  1.1255856888E+00  3.1156257149E-01  1  VLT_combined
2456451.3721  6.5559045226E-07  6.5600000000E-07  1.1477979011E+00  3.7795202268E-01  1  VLT_combined
2456451.3721  6.5560804020E-07  6.5600000000E-07  1.1784962135E+00  3.8608279228E-01  1  VLT_combined
2456451.3721  6.5562562814E-07  6.5600000000E-07  1.2859723641E+00  3.6346170415E-01  1  VLT_combined
2456451.3721  6.5564321608E-07  6.5600000000E-07  1.3175022554E+00  3.8132217156E-01  1  VLT_combined
2456451.3721  6.5566080402E-07  6.5600000000E-07  1.3646660452E+00  4.1254113960E-01  1  VLT_combined
2456451.3721  6.5567839196E-07  6.5600000000E-07  1.4073434134E+00  4.4081853405E-01  1  VLT_combined
2456451.3721  6.5569597990E-07  6.5600000000E-07  1.4292855989E+00  4.8455568510E-01  1  VLT_combined
2456451.3721  6.5571356784E-07  6.5600000000E-07  1.4686809173E+00  5.1351866633E-01  1  VLT_combined
2456451.3721  6.5573115578E-07  6.5600000000E-07  1.5253997210E+00  5.6137052359E-01  1  VLT_combined
2456451.3721  6.5574874372E-07  6.5600000000E-07  1.5721053106E+00  6.1455639222E-01  1  VLT_combined
2456451.3721  6.5576633166E-07  6.5600000000E-07  1.5890076557E+00  7.0912436698E-01  1  VLT_combined
2456451.3721  6.5578391960E-07  6.5600000000E-07  1.6892518679E+00  7.8609849199E-01  1  VLT_combined
2456451.3721  6.5580150754E-07  6.5600000000E-07  1.8709299827E+00  8.3344203347E-01  1  VLT_combined
2456451.3721  6.5581909548E-07  6.5600000000E-07  2.0397622911E+00  9.0749152246E-01  1  VLT_combined
2456451.3721  6.5583668342E-07  6.5600000000E-07  2.1774228809E+00  1.0525398972E+00  1  VLT_combined
2456451.3721  6.5585427136E-07  6.5600000000E-07  2.3424714320E+00  1.1790315737E+00  1  VLT_combined
2456451.3721  6.5587185930E-07  6.5600000000E-07  2.5668248631E+00  1.3141763759E+00  1  VLT_combined
2456451.3721  6.5588944724E-07  6.5600000000E-07  2.8143862708E+00  1.4612079497E+00  1  VLT_combined
2456451.3721  6.5590703518E-07  6.5600000000E-07  3.0696997732E+00  1.6340250736E+00  1  VLT_combined
2456451.3721  6.5592462312E-07  6.5600000000E-07  3.3560866380E+00  1.8231439845E+00  1  VLT_combined
2456451.3721  6.5594221106E-07  6.5600000000E-07  3.6418369757E+00  2.0406278678E+00  1  VLT_combined
2456451.3721  6.5595979899E-07  6.5600000000E-07  4.0091360291E+00  2.1800059702E+00  1  VLT_combined
2456451.3721  6.5597738693E-07  6.5600000000E-07  4.3624660952E+00  2.3262950528E+00  1  VLT_combined
2456451.3721  6.5599497487E-07  6.5600000000E-07  4.7421190439E+00  2.4179501550E+00  1  VLT_combined
2456451.3721  6.5601256281E-07  6.5600000000E-07  5.1108351509E+00  2.4678241326E+00  1  VLT_combined
2456451.3721  6.5603015075E-07  6.5600000000E-07  5.5186740150E+00  2.4547957860E+00  1  VLT_combined
2456451.3721  6.5604773869E-07  6.5600000000E-07  5.8813844228E+00  2.3901694681E+00  1  VLT_combined
2456451.3721  6.5606532663E-07  6.5600000000E-07  6.2929343734E+00  2.3114086525E+00  1  VLT_combined
2456451.3721  6.5608291457E-07  6.5600000000E-07  6.6589532681E+00  2.1727005715E+00  1  VLT_combined
2456451.3721  6.5610050251E-07  6.5600000000E-07  6.9476928023E+00  2.0297951341E+00  1  VLT_combined
2456451.3721  6.5611809045E-07  6.5600000000E-07  7.1717850413E+00  1.8994286930E+00  1  VLT_combined
2456451.3721  6.5613567839E-07  6.5600000000E-07  7.3510312120E+00  1.7960955502E+00  1  VLT_combined
2456451.3721  6.5615326633E-07  6.5600000000E-07  7.5295106202E+00  1.6692887899E+00  1  VLT_combined
2456451.3721  6.5617085427E-07  6.5600000000E-07  7.6784051392E+00  1.4961564516E+00  1  VLT_combined
2456451.3721  6.5618844221E-07  6.5600000000E-07  7.7019596021E+00  1.2812273075E+00  1  VLT_combined
2456451.3721  6.5620603015E-07  6.5600000000E-07  7.6247128405E+00  1.1574579429E+00  1  VLT_combined
2456451.3721  6.5622361809E-07  6.5600000000E-07  7.5135516763E+00  1.2407034382E+00  1  VLT_combined
2456451.3721  6.5624120603E-07  6.5600000000E-07  7.3604226100E+00  1.3748471744E+00  1  VLT_combined
2456451.3721  6.5625879397E-07  6.5600000000E-07  7.2318066696E+00  1.4945527615E+00  1  VLT_combined
2456451.3721  6.5627638191E-07  6.5600000000E-07  7.0528805260E+00  1.5558310106E+00  1  VLT_combined
2456451.3721  6.5629396985E-07  6.5600000000E-07  7.0538292734E+00  1.5192993846E+00  1  VLT_combined
2456451.3721  6.5631155779E-07  6.5600000000E-07  6.9759452427E+00  1.3583649258E+00  1  VLT_combined
2456451.3721  6.5632914573E-07  6.5600000000E-07  7.0276510431E+00  1.3180321240E+00  1  VLT_combined
2456451.3721  6.5634673367E-07  6.5600000000E-07  7.0843102466E+00  1.2330301335E+00  1  VLT_combined
2456451.3721  6.5636432161E-07  6.5600000000E-07  7.1769101414E+00  1.2448566105E+00  1  VLT_combined
2456451.3721  6.5638190955E-07  6.5600000000E-07  7.2909334235E+00  1.2905198725E+00  1  VLT_combined
2456451.3721  6.5639949749E-07  6.5600000000E-07  7.3983031752E+00  1.3079055247E+00  1  VLT_combined
2456451.3721  6.5641708543E-07  6.5600000000E-07  7.4708449354E+00  1.3221448074E+00  1  VLT_combined
2456451.3721  6.5643467337E-07  6.5600000000E-07  7.5240561342E+00  1.3191874192E+00  1  VLT_combined
2456451.3721  6.5645226131E-07  6.5600000000E-07  7.5358000963E+00  1.3297993294E+00  1  VLT_combined
2456451.3721  6.5646984925E-07  6.5600000000E-07  7.4870916974E+00  1.3213074338E+00  1  VLT_combined
2456451.3721  6.5648743719E-07  6.5600000000E-07  7.3967935612E+00  1.3391881505E+00  1  VLT_combined
2456451.3721  6.5650502513E-07  6.5600000000E-07  7.2043024917E+00  1.3373154196E+00  1  VLT_combined
2456451.3721  6.5652261307E-07  6.5600000000E-07  6.9708296364E+00  1.3478672786E+00  1  VLT_combined
2456451.3721  6.5654020101E-07  6.5600000000E-07  6.8133957125E+00  1.3907477711E+00  1  VLT_combined
2456451.3721  6.5655778894E-07  6.5600000000E-07  6.7032280083E+00  1.4734290114E+00  1  VLT_combined
2456451.3721  6.5657537688E-07  6.5600000000E-07  6.6078826981E+00  1.5724757780E+00  1  VLT_combined
2456451.3721  6.5659296482E-07  6.5600000000E-07  6.6275172598E+00  1.7673602428E+00  1  VLT_combined
2456451.3721  6.5661055276E-07  6.5600000000E-07  6.6093093395E+00  1.9449065853E+00  1  VLT_combined
2456451.3721  6.5662814070E-07  6.5600000000E-07  6.6150359993E+00  2.1190409233E+00  1  VLT_combined
2456451.3721  6.5664572864E-07  6.5600000000E-07  6.5407904669E+00  2.2225842926E+00  1  VLT_combined
2456451.3721  6.5666331658E-07  6.5600000000E-07  6.7309008441E+00  2.5173582759E+00  1  VLT_combined
2456451.3721  6.5668090452E-07  6.5600000000E-07  6.7570547834E+00  2.6843531843E+00  1  VLT_combined
2456451.3721  6.5669849246E-07  6.5600000000E-07  6.7336125981E+00  2.8137266540E+00  1  VLT_combined
2456451.3721  6.5671608040E-07  6.5600000000E-07  6.6321638199E+00  2.9034449827E+00  1  VLT_combined
2456451.3721  6.5673366834E-07  6.5600000000E-07  6.4653512515E+00  2.9354314688E+00  1  VLT_combined
2456451.3721  6.5675125628E-07  6.5600000000E-07  6.2320363968E+00  2.9115139985E+00  1  VLT_combined
2456451.3721  6.5676884422E-07  6.5600000000E-07  5.9242947429E+00  2.8184308765E+00  1  VLT_combined
2456451.3721  6.5678643216E-07  6.5600000000E-07  5.5524533923E+00  2.6569214782E+00  1  VLT_combined
2456451.3721  6.5680402010E-07  6.5600000000E-07  5.1742701937E+00  2.4895441367E+00  1  VLT_combined
2456451.3721  6.5682160804E-07  6.5600000000E-07  4.7627431896E+00  2.2873240966E+00  1  VLT_combined
2456451.3721  6.5683919598E-07  6.5600000000E-07  4.3519851281E+00  2.0992375041E+00  1  VLT_combined
2456451.3721  6.5685678392E-07  6.5600000000E-07  3.9284710129E+00  1.9074506692E+00  1  VLT_combined
2456451.3721  6.5687437186E-07  6.5600000000E-07  3.5822725670E+00  1.6992812575E+00  1  VLT_combined
2456451.3721  6.5689195980E-07  6.5600000000E-07  3.2777392737E+00  1.4808791006E+00  1  VLT_combined
2456451.3721  6.5690954774E-07  6.5600000000E-07  3.0107760284E+00  1.2925879825E+00  1  VLT_combined
2456451.3721  6.5692713568E-07  6.5600000000E-07  2.7473079053E+00  1.1250742723E+00  1  VLT_combined
2456451.3721  6.5694472362E-07  6.5600000000E-07  2.5165473742E+00  9.9525845125E-01  1  VLT_combined
2456451.3721  6.5696231156E-07  6.5600000000E-07  2.3160406565E+00  8.7263700468E-01  1  VLT_combined
2456451.3721  6.5697989950E-07  6.5600000000E-07  2.1468111846E+00  7.7902727498E-01  1  VLT_combined
2456451.3721  6.5699748744E-07  6.5600000000E-07  1.9978366755E+00  6.8827874611E-01  1  VLT_combined
2456451.3721  6.5701507538E-07  6.5600000000E-07  1.8549124154E+00  6.1859726453E-01  1  VLT_combined
2456451.3721  6.5703266332E-07  6.5600000000E-07  1.7349262709E+00  5.5268570852E-01  1  VLT_combined
2456451.3721  6.5705025126E-07  6.5600000000E-07  1.6257999177E+00  4.9809543612E-01  1  VLT_combined
2456451.3721  6.5706783920E-07  6.5600000000E-07  1.4811143835E+00  4.2173096155E-01  1  VLT_combined
2456451.3721  6.5708542714E-07  6.5600000000E-07  1.3495478042E+00  3.5247391812E-01  1  VLT_combined
2456451.3721  6.5710301508E-07  6.5600000000E-07  1.3049008530E+00  3.2286858493E-01  1  VLT_combined
2456451.3721  6.5712060302E-07  6.5600000000E-07  1.3290329012E+00  3.1476095538E-01  1  VLT_combined
2456451.3721  6.5713819095E-07  6.5600000000E-07  1.3205560403E+00  3.1302400224E-01  1  VLT_combined
2456451.3721  6.5715577889E-07  6.5600000000E-07  1.2864972727E+00  2.9787111926E-01  1  VLT_combined
2456451.3721  6.5717336683E-07  6.5600000000E-07  1.2498330401E+00  2.8317796770E-01  1  VLT_combined
2456451.3721  6.5719095477E-07  6.5600000000E-07  1.2105947179E+00  2.9678312903E-01  1  VLT_combined
2456451.3721  6.5720854271E-07  6.5600000000E-07  1.1539253134E+00  3.3865785356E-01  1  VLT_combined
2456451.3721  6.5722613065E-07  6.5600000000E-07  1.1277297932E+00  3.3767916867E-01  1  VLT_combined
2456451.3721  6.5724371859E-07  6.5600000000E-07  1.1201148849E+00  2.9567253671E-01  1  VLT_combined
2456451.3721  6.5726130653E-07  6.5600000000E-07  1.1293358593E+00  2.3935018843E-01  1  VLT_combined
2456451.3721  6.5727889447E-07  6.5600000000E-07  1.1315701072E+00  2.2540040709E-01  1  VLT_combined
2456451.3721  6.5729648241E-07  6.5600000000E-07  1.1217818819E+00  2.1587803263E-01  1  VLT_combined
2456451.3721  6.5731407035E-07  6.5600000000E-07  1.1243263017E+00  2.1950035677E-01  1  VLT_combined
2456451.3721  6.5733165829E-07  6.5600000000E-07  1.1120495860E+00  2.2361280622E-01  1  VLT_combined
2456451.3721  6.5734924623E-07  6.5600000000E-07  1.0705485303E+00  2.5506872195E-01  1  VLT_combined
2456451.3721  6.5736683417E-07  6.5600000000E-07  1.0593446796E+00  2.6710472661E-01  1  VLT_combined
2456451.3721  6.5738442211E-07  6.5600000000E-07  1.0550034601E+00  2.4369903096E-01  1  VLT_combined
2456451.3721  6.5740201005E-07  6.5600000000E-07  1.0629871775E+00  2.1357796868E-01  1  VLT_combined
2456451.3721  6.5741959799E-07  6.5600000000E-07  9.9918732477E-01  1.9867951394E-01  1  VLT_combined
2456451.3721  6.5743718593E-07  6.5600000000E-07  8.4660060158E-01  1.8626541894E-01  1  VLT_combined
2456451.3721  6.5745477387E-07  6.5600000000E-07  8.4404706571E-01  1.9471129804E-01  1  VLT_combined
2456451.3721  6.5747236181E-07  6.5600000000E-07  9.4670609420E-01  1.9648889584E-01  1  VLT_combined
2456451.3721  6.5748994975E-07  6.5600000000E-07  1.0472327074E+00  2.0344248733E-01  1  VLT_combined
2456451.3721  6.5750753769E-07  6.5600000000E-07  1.0670516671E+00  1.9640719692E-01  1  VLT_combined
2456451.3721  6.5752512563E-07  6.5600000000E-07  1.0634739823E+00  1.9309623991E-01  1  VLT_combined
2456451.3721  6.5754271357E-07  6.5600000000E-07  1.0472121403E+00  1.8832243526E-01  1  VLT_combined
2456451.3721  6.5756030151E-07  6.5600000000E-07  1.0199551027E+00  1.8415284302E-01  1  VLT_combined
2456451.3721  6.5757788945E-07  6.5600000000E-07  9.2581942627E-01  2.1284984269E-01  1  VLT_combined
2456451.3721  6.5759547739E-07  6.5600000000E-07  9.1066682087E-01  2.2720993509E-01  1  VLT_combined
2456451.3721  6.5761306533E-07  6.5600000000E-07  9.6601055382E-01  2.0421274184E-01  1  VLT_combined
2456451.3721  6.5763065327E-07  6.5600000000E-07  1.0296294619E+00  1.8873952172E-01  1  VLT_combined
2456451.3721  6.5764824121E-07  6.5600000000E-07  9.6334902080E-01  2.0485763311E-01  1  VLT_combined
2456451.3721  6.5766582915E-07  6.5600000000E-07  8.7829474422E-01  2.4961034620E-01  1  VLT_combined
2456451.3721  6.5768341709E-07  6.5600000000E-07  8.6714168911E-01  2.6776999330E-01  1  VLT_combined
2456451.3721  6.5770100503E-07  6.5600000000E-07  9.7927588973E-01  1.9613570839E-01  1  VLT_combined
2456451.3721  6.5771859296E-07  6.5600000000E-07  1.0063960527E+00  1.9606508389E-01  1  VLT_combined
2456451.3721  6.5773618090E-07  6.5600000000E-07  1.0322431083E+00  1.8786494183E-01  1  VLT_combined
2456451.3721  6.5775376884E-07  6.5600000000E-07  1.0290351834E+00  1.8831271190E-01  1  VLT_combined
2456451.3721  6.5777135678E-07  6.5600000000E-07  1.0279695731E+00  1.8587578214E-01  1  VLT_combined
2456451.3721  6.5778894472E-07  6.5600000000E-07  1.0165076537E+00  1.8810348213E-01  1  VLT_combined
2456451.3721  6.5780653266E-07  6.5600000000E-07  1.0108429555E+00  1.8728915497E-01  1  VLT_combined
2456451.3721  6.5782412060E-07  6.5600000000E-07  1.0107085978E+00  1.8438607954E-01  1  VLT_combined
2456451.3721  6.5784170854E-07  6.5600000000E-07  1.0136135665E+00  1.8445564778E-01  1  VLT_combined
2456451.3721  6.5785929648E-07  6.5600000000E-07  1.0179986391E+00  1.8657911008E-01  1  VLT_combined
2456451.3721  6.5787688442E-07  6.5600000000E-07  1.0169592881E+00  1.8732356574E-01  1  VLT_combined
2456451.3721  6.5789447236E-07  6.5600000000E-07  1.0220888719E+00  1.8986411052E-01  1  VLT_combined
2456451.3721  6.5791206030E-07  6.5600000000E-07  1.0211810165E+00  1.8750596756E-01  1  VLT_combined
2456451.3721  6.5792964824E-07  6.5600000000E-07  1.0181414218E+00  1.8665940973E-01  1  VLT_combined
2456451.3721  6.5794723618E-07  6.5600000000E-07  1.0112549350E+00  1.8788226075E-01  1  VLT_combined
2456451.3721  6.5796482412E-07  6.5600000000E-07  1.0093792506E+00  1.8569350367E-01  1  VLT_combined
2456451.3721  6.5798241206E-07  6.5600000000E-07  1.0040666782E+00  1.8627017628E-01  1  VLT_combined
2456451.3721  6.5800000000E-07  6.5600000000E-07  1.0066750351E+00  1.8658967302E-01  1  VLT_combined
