# hjd ucoord vcoord vis2data vis2err eff_wave			
2458656.6801	-1.1642917E+02	-5.2333336E+01	6.8231616E-01	2.8529010E-02	1.00000000E-05
2458656.6563	-1.1535625E+02	-5.9552621E+01	5.8919096E-01	3.4318597E-03	1.00174256E-05
2458656.6645	-1.1602013E+02	-5.7076328E+01	6.4682523E-01	2.5186032E-03	1.00134553E-05
2458656.6645	-1.1602013E+02	-5.7076315E+01	6.4403471E-01	3.8828446E-03	1.00436780E-05
2458656.6801	-1.1642917E+02	-5.2333494E+01	6.5895575E-01	2.0335078E-03	1.00375720E-05
2458656.6876	-1.1622617E+02	-5.0057277E+01	6.4417918E-01	2.0976174E-03	1.00335129E-05
2458656.7056	-1.1468921E+02	-4.4646936E+01	5.3941581E-01	6.3326846E-03	1.00048849E-05
2458656.6563	-1.1535625E+02	-5.9552621E+01	6.0484803E-01	4.7257601E-03	1.00488504E-05
2458656.6563	-1.1535625E+02	-5.9552621E+01	6.0778982E-01	2.4428574E-03	1.00873561E-05
2458656.6645	-1.1602013E+02	-5.7076315E+01	6.6712965E-01	1.5555164E-03	1.00991377E-05
2458656.6801	-1.1642917E+02	-5.2333336E+01	6.7745752E-01	1.7031511E-03	1.01054596E-05
2458656.6855	-1.1628319E+02	-5.0696583E+01	6.6508325E-01	1.4347042E-03	1.01066812E-05
2458656.6876	-1.1622622E+02	-5.0057598E+01	6.5734140E-01	2.8166737E-03	1.01305836E-05
2458656.7056	-1.1468919E+02	-4.4646894E+01	5.6595589E-01	3.2945501E-03	1.00482851E-05
2458656.7134	-1.1355931E+02	-4.2317390E+01	6.1570335E-01	3.0244164E-03	1.00214151E-05
2458656.6272	-1.1053195E+02	-6.8169993E+01	6.3221881E-01	7.2086192E-03	1.00014367E-05
2458656.6563	-1.1535625E+02	-5.9552621E+01	5.9982195E-01	1.6434103E-03	1.01523620E-05
2458656.6645	-1.1602013E+02	-5.7076323E+01	6.5742900E-01	1.7656652E-03	1.01621749E-05
2458656.6645	-1.1602013E+02	-5.7076315E+01	6.7302252E-01	2.1285431E-03	1.02022987E-05
2458656.6801	-1.1642917E+02	-5.2333336E+01	6.8009473E-01	1.4805369E-03	1.01941131E-05
2458656.6876	-1.1622617E+02	-5.0057327E+01	6.6815823E-01	1.2812719E-03	1.01857434E-05
2458656.7056	-1.1468919E+02	-4.4646895E+01	5.8280087E-01	2.1136310E-03	1.01266896E-05
2458656.7134	-1.1355932E+02	-4.2317413E+01	6.4923303E-01	2.0718313E-03	1.00827584E-05
2458656.6272	-1.1053195E+02	-6.8169992E+01	6.4448273E-01	1.6864990E-03	1.00428742E-05
2458656.6563	-1.1535625E+02	-5.9552621E+01	6.0868121E-01	3.1713022E-03	1.02043101E-05
2458656.6563	-1.1535625E+02	-5.9552621E+01	6.1900209E-01	1.9112620E-03	1.02459769E-05
2458656.6645	-1.1602013E+02	-5.7076315E+01	6.7971984E-01	1.2854257E-03	1.02603447E-05
2458656.6801	-1.1642917E+02	-5.2333336E+01	6.8334531E-01	1.3283994E-03	1.02761493E-05
2458656.6876	-1.1622770E+02	-5.0074209E+01	6.7396119E-01	1.2859529E-03	1.02661841E-05
2458656.6876	-1.1622622E+02	-5.0057598E+01	6.7350357E-01	4.1658770E-03	1.03074712E-05
2458656.7056	-1.1468921E+02	-4.4646936E+01	6.0153213E-01	4.9382108E-03	1.01774463E-05
2458656.7086	-1.1424509E+02	-4.3731275E+01	6.3049972E-01	1.5746010E-03	1.01884136E-05
2458656.7134	-1.1355932E+02	-4.2317413E+01	6.5759262E-01	2.5266082E-03	1.01827584E-05
2458656.6183	-1.0830696E+02	-7.0716363E+01	6.3679588E-01	5.6758410E-03	1.00020114E-05
2458656.6183	-1.0830696E+02	-7.0716363E+01	6.3124430E-01	1.5792384E-03	1.00394242E-05
2458656.6272	-1.1053195E+02	-6.8169993E+01	6.5790469E-01	3.1467875E-03	1.00905171E-05
2458656.6272	-1.1053195E+02	-6.8169992E+01	6.5502632E-01	1.2109554E-03	1.01317518E-05
2458656.6563	-1.1535625E+02	-5.9552621E+01	6.2692857E-01	1.2405508E-03	1.03186419E-05
2458656.6645	-1.1602013E+02	-5.7076322E+01	6.6993974E-01	1.1971352E-03	1.03296204E-05
2458656.6645	-1.1602013E+02	-5.7076315E+01	6.9088909E-01	2.2325670E-03	1.03724136E-05
2458656.6801	-1.1642917E+02	-5.2333473E+01	7.0248435E-01	8.9612064E-04	1.03616892E-05
2458656.6876	-1.1622618E+02	-5.0057345E+01	6.7741895E-01	1.0666530E-03	1.03536433E-05
2458656.7056	-1.1468921E+02	-4.4646936E+01	6.1914813E-01	1.9268911E-03	1.02910625E-05
2458656.7134	-1.1355932E+02	-4.2317413E+01	6.7514511E-01	1.6340334E-03	1.02459768E-05
2458656.6183	-1.0830696E+02	-7.0716363E+01	6.4427865E-01	1.3611255E-03	1.01025860E-05
2458656.6183	-1.0830696E+02	-7.0716363E+01	6.3897690E-01	1.6656197E-03	1.01446169E-05
2458656.6272	-1.1053195E+02	-6.8169993E+01	6.5816730E-01	1.4276592E-03	1.01997125E-05
2458656.6272	-1.1053195E+02	-6.8169993E+01	6.6533589E-01	2.6677956E-03	1.02425286E-05
2458656.6563	-1.1535625E+02	-5.9552621E+01	6.2294974E-01	3.9370072E-03	1.03715516E-05
2458656.6563	-1.1535625E+02	-5.9552621E+01	6.3838538E-01	2.0328998E-03	1.04163792E-05
2458656.6645	-1.1602013E+02	-5.7076315E+01	7.0058493E-01	1.5048690E-03	1.04333332E-05
2458656.6801	-1.1642917E+02	-5.2333336E+01	7.0807006E-01	1.4274155E-03	1.04499999E-05
2458656.6876	-1.1622622E+02	-5.0057598E+01	6.9468096E-01	1.3492461E-03	1.04419539E-05
2458656.7056	-1.1468919E+02	-4.4646893E+01	6.2144256E-01	1.4389255E-03	1.03714146E-05
2458656.7123	-1.1371890E+02	-4.2646432E+01	6.6303842E-01	1.1794382E-03	1.03443543E-05
2458656.6028	-1.0361018E+02	-7.5026427E+01	6.0102584E-01	1.6856722E-03	1.00116233E-05
2458656.6028	-1.0361018E+02	-7.5026428E+01	6.0628340E-01	3.0919840E-03	1.00353446E-05
2458656.6183	-1.0830696E+02	-7.0716363E+01	6.3664675E-01	1.1143599E-03	1.02022987E-05
2458656.6272	-1.1053195E+02	-6.8169993E+01	6.5632665E-01	1.1583345E-03	1.02954021E-05
2458656.6563	-1.1535625E+02	-5.9552621E+01	6.4459370E-01	2.6003515E-03	1.04971155E-05
2458656.6645	-1.1602013E+02	-5.7076315E+01	7.1455127E-01	2.0771622E-03	1.05094087E-05
2458656.6645	-1.1602013E+02	-5.7076315E+01	7.2276467E-01	2.6867968E-03	1.05557470E-05
2458656.6801	-1.1642917E+02	-5.2333336E+01	7.3251537E-01	4.0524351E-03	1.05056077E-05
2458656.6819	-1.1638206E+02	-5.1805163E+01	7.1751544E-01	1.1940676E-03	1.05398306E-05
2458656.6876	-1.1622617E+02	-5.0057285E+01	7.1366122E-01	1.5069062E-03	1.05456628E-05
2458656.7067	-1.1452431E+02	-4.4306952E+01	6.4170556E-01	1.9469228E-03	1.04564863E-05
2458656.7134	-1.1355932E+02	-4.2317413E+01	6.6401280E-01	1.7695161E-03	1.04295975E-05
2458656.5949	-1.0087179E+02	-7.7116109E+01	5.9179033E-01	1.8804009E-03	1.00082284E-05
2458656.6028	-1.0361018E+02	-7.5026428E+01	6.0635080E-01	9.1676926E-04	1.00910228E-05
2458656.6183	-1.0830696E+02	-7.0716363E+01	6.4189208E-01	2.2677934E-03	1.02543102E-05
2458656.6183	-1.0830696E+02	-7.0716363E+01	6.4354901E-01	1.0597120E-03	1.02995201E-05
2458656.6272	-1.1053195E+02	-6.8169991E+01	6.7244331E-01	1.1296792E-03	1.03593974E-05
2458656.6272	-1.1053195E+02	-6.8169993E+01	6.7509828E-01	1.5633923E-03	1.04057470E-05
2458656.6563	-1.1535625E+02	-5.9552621E+01	6.4047511E-01	6.2468350E-03	1.05514367E-05
2458656.6563	-1.1535625E+02	-5.9552621E+01	6.2807914E-01	1.3876594E-03	1.05995528E-05
2458656.6645	-1.1602013E+02	-5.7076319E+01	7.1440019E-01	1.1857395E-03	1.06195786E-05
2458656.6801	-1.1642917E+02	-5.2333336E+01	7.1793660E-01	1.5169277E-03	1.06374650E-05
2458656.6876	-1.1622622E+02	-5.0057598E+01	7.0876650E-01	1.5048256E-03	1.06285029E-05
2458656.7056	-1.1468920E+02	-4.4646902E+01	6.3570837E-01	1.3187585E-03	1.05633015E-05
2458656.7134	-1.1355932E+02	-4.2317413E+01	6.6901391E-01	2.1523977E-03	1.05154400E-05
2458656.5949	-1.0087179E+02	-7.7116108E+01	5.9668547E-01	4.1455375E-03	1.00224136E-05
2458656.5949	-1.0087179E+02	-7.7116108E+01	6.1437545E-01	1.3631153E-03	1.00661536E-05
2458656.6028	-1.0361018E+02	-7.5026428E+01	5.7715445E-01	3.5457971E-03	1.01382183E-05
2458656.6028	-1.0361018E+02	-7.5026427E+01	6.1964336E-01	7.6209084E-04	1.01830910E-05
2458656.6183	-1.0830696E+02	-7.0716363E+01	6.5108873E-01	7.4241062E-04	1.03702610E-05
2458656.6183	-1.0830696E+02	-7.0716363E+01	6.5666447E-01	1.7484585E-03	1.04175286E-05
2458656.6272	-1.1053195E+02	-6.8169993E+01	6.8577322E-01	1.5395972E-03	1.04798109E-05
2458656.6563	-1.1535625E+02	-5.9552621E+01	6.3090244E-01	2.7222816E-03	1.06904856E-05
2458656.6645	-1.1602013E+02	-5.7076315E+01	7.2002521E-01	1.8419761E-03	1.07037355E-05
2458656.6645	-1.1602013E+02	-5.7076326E+01	7.1501196E-01	1.9977587E-03	1.07542655E-05
2458656.6801	-1.1642917E+02	-5.2333336E+01	7.2442776E-01	2.1094713E-03	1.07086206E-05
2458656.6839	-1.1632719E+02	-5.1189909E+01	7.1966049E-01	1.2236427E-03	1.07328421E-05
2458656.6876	-1.1622614E+02	-5.0057089E+01	7.1302775E-01	1.7040489E-03	1.07571127E-05
2458656.7056	-1.1468921E+02	-4.4646936E+01	6.4317665E-01	3.7927626E-03	1.06314092E-05
2458656.7102	-1.1402134E+02	-4.3269964E+01	6.6055962E-01	1.2850732E-03	1.06360377E-05
2458656.7134	-1.1355932E+02	-4.2317413E+01	6.8723480E-01	4.6816296E-03	1.06543102E-05
2458656.5949	-1.0087179E+02	-7.7116108E+01	6.0973078E-01	1.6950943E-03	1.01236796E-05
2458656.5949	-1.0087179E+02	-7.7116108E+01	6.1259930E-01	1.0039223E-03	1.01695873E-05
2458656.6028	-1.0361018E+02	-7.5026428E+01	6.3054954E-01	1.0933045E-03	1.02465515E-05
2458656.6028	-1.0361018E+02	-7.5026428E+01	6.0919247E-01	9.7307514E-04	1.02933907E-05
2458656.6183	-1.0830696E+02	-7.0716363E+01	6.6626033E-01	1.2071355E-03	1.04792379E-05
2458656.6272	-1.1053195E+02	-6.8169993E+01	6.6332543E-01	7.2209002E-03	1.05307470E-05
2458656.6272	-1.1053195E+02	-6.8169992E+01	6.8675336E-01	1.1764911E-03	1.05807258E-05
2458656.6563	-1.1535625E+02	-5.9552621E+01	6.3378317E-01	9.2011083E-03	1.07459770E-05
2458656.6563	-1.1535625E+02	-5.9552621E+01	6.1331015E-01	2.3024567E-03	1.07979927E-05
2458656.6645	-1.1602013E+02	-5.7076315E+01	7.1338115E-01	1.5434293E-03	1.08219089E-05
2458656.6801	-1.1642917E+02	-5.2333336E+01	7.1845730E-01	1.6280701E-03	1.08405172E-05
2458656.6876	-1.1622622E+02	-5.0057598E+01	7.1527569E-01	1.5820759E-03	1.08313218E-05
2458656.7056	-1.1468920E+02	-4.4646905E+01	6.3749372E-01	1.7242829E-03	1.07631559E-05
2458656.7134	-1.1355932E+02	-4.2317403E+01	6.7710086E-01	1.3969375E-03	1.07141054E-05
2458656.5949	-1.0087179E+02	-7.7116108E+01	6.1498884E-01	1.0390388E-03	1.02310343E-05
2458656.5949	-1.0087179E+02	-7.7116108E+01	6.2201100E-01	1.7864772E-03	1.02787355E-05
2458656.6028	-1.0361018E+02	-7.5026427E+01	6.2755989E-01	6.4059390E-04	1.03594656E-05
2458656.6028	-1.0361018E+02	-7.5026428E+01	6.2413112E-01	1.8529833E-03	1.04086206E-05
2458656.6183	-1.0830696E+02	-7.0716363E+01	6.5828460E-01	2.4985470E-03	1.05416665E-05
2458656.6183	-1.0830696E+02	-7.0716363E+01	6.6285771E-01	1.1468760E-03	1.05927003E-05
2458656.6272	-1.1053195E+02	-6.8169993E+01	6.8616386E-01	1.7888814E-03	1.06631362E-05
2458656.6272	-1.1053195E+02	-6.8169993E+01	6.8576426E-01	2.3426811E-03	1.07155172E-05
2458656.6563	-1.1535625E+02	-5.9552621E+01	5.9780645E-01	3.3348809E-03	1.08997602E-05
2458656.6645	-1.1602013E+02	-5.7076315E+01	7.0407010E-01	2.2755708E-03	1.09146551E-05
2458656.6645	-1.1602013E+02	-5.7076315E+01	7.1521010E-01	3.8845521E-03	1.09692528E-05
2458656.6801	-1.1642917E+02	-5.2333336E+01	7.1222115E-01	2.4449127E-03	1.09295977E-05
2458656.6857	-1.1627935E+02	-5.0653392E+01	7.1591176E-01	1.8177888E-03	1.09466355E-05
2458656.6876	-1.1622622E+02	-5.0057598E+01	7.1996716E-01	8.2577494E-03	1.09885056E-05
2458656.7056	-1.1468921E+02	-4.4646936E+01	6.4433558E-01	2.3842670E-03	1.08681034E-05
2458656.7132	-1.1358311E+02	-4.2366456E+01	6.9315199E-01	1.8200963E-03	1.08202933E-05
2458656.5949	-1.0087179E+02	-7.7116108E+01	6.2694490E-01	6.7699415E-04	1.03407012E-05
2458656.6028	-1.0361018E+02	-7.5026428E+01	6.3591062E-01	9.9052112E-04	1.04663011E-05
2458656.6183	-1.0830696E+02	-7.0716363E+01	6.6035821E-01	1.2669810E-03	1.06730243E-05
2458656.6183	-1.0830696E+02	-7.0716363E+01	6.6651327E-01	2.4633169E-03	1.07261493E-05
2458656.6272	-1.1053195E+02	-6.8169992E+01	6.8842653E-01	1.2917402E-03	1.07871693E-05
2458656.6563	-1.1535625E+02	-5.9552621E+01	6.0997801E-01	1.5590650E-02	1.09563216E-05
2458656.6563	-1.1535625E+02	-5.9552621E+01	5.8434683E-01	5.8093086E-03	1.09798850E-05
2458656.6645	-1.1602013E+02	-5.7076315E+01	7.1823218E-01	6.1140706E-03	1.09925287E-05
2458656.6876	-1.1622622E+02	-5.0057598E+01	7.2522180E-01	1.0038589E-02	1.09974139E-05
2458656.7090	-1.1419548E+02	-4.3628993E+01	6.4279497E-01	2.2070352E-03	1.09354752E-05
2458656.7134	-1.1355932E+02	-4.2317413E+01	6.6566634E-01	3.7071338E-03	1.09574712E-05
2458656.5949	-1.0087179E+02	-7.7116108E+01	6.3001658E-01	4.1115449E-03	1.03928160E-05
2458656.5949	-1.0087179E+02	-7.7116108E+01	6.2821999E-01	1.0649789E-03	1.04450477E-05
2458656.6028	-1.0361018E+02	-7.5026428E+01	6.3278531E-01	1.8011288E-03	1.05304597E-05
2458656.6028	-1.0361018E+02	-7.5026427E+01	6.3564317E-01	8.8630155E-04	1.05835756E-05
2458656.6183	-1.0830696E+02	-7.0716363E+01	6.6198779E-01	1.1628876E-03	1.07931777E-05
2458656.6272	-1.1053195E+02	-6.8169993E+01	6.7984990E-01	2.8659355E-03	1.08576802E-05
2458656.6272	-1.1053195E+02	-6.8169993E+01	6.6877918E-01	1.9843572E-03	1.09149425E-05
2458656.7134	-1.1355932E+02	-4.2317413E+01	6.5015830E-01	5.4635677E-03	1.09922413E-05
2458656.5949	-1.0087179E+02	-7.7116108E+01	6.3298285E-01	1.9395800E-03	1.05144548E-05
2458656.5949	-1.0087179E+02	-7.7116108E+01	6.4310471E-01	1.0409219E-03	1.05678941E-05
2458656.6028	-1.0361018E+02	-7.5026428E+01	6.3831345E-01	1.3134893E-03	1.06585427E-05
2458656.6028	-1.0361018E+02	-7.5026428E+01	6.2725279E-01	1.3522192E-03	1.07143677E-05
2458656.6183	-1.0830696E+02	-7.0716363E+01	6.6635373E-01	2.3314313E-03	1.08675101E-05
2458656.6183	-1.0830696E+02	-7.0716363E+01	6.5593490E-01	1.6926990E-03	1.09255747E-05
2458656.6272	-1.1053195E+02	-6.8169993E+01	6.8255024E-01	3.2770419E-03	1.09781609E-05
2458656.5949	-1.0087179E+02	-7.7116108E+01	6.3938646E-01	1.2686348E-03	1.06398042E-05
2458656.5949	-1.0087179E+02	-7.7116108E+01	6.4209785E-01	1.5896929E-03	1.06968390E-05
2458656.6028	-1.0361018E+02	-7.5026428E+01	6.2191124E-01	7.7534965E-04	1.07937580E-05
2458656.6028	-1.0361018E+02	-7.5026428E+01	6.1797642E-01	1.0999159E-02	1.08522987E-05
2458656.6183	-1.0830696E+02	-7.0716363E+01	6.5547039E-01	3.2186054E-03	1.09830459E-05
2458656.6183	-8.6696982E+01	-1.8554499E+01	6.8704213E-01	6.1731379E-03	1.00031608E-05
2458656.6272	-8.7582106E+01	-1.6526632E+01	6.8356436E-01	2.0572063E-03	1.00250273E-05
2458656.6563	-8.8545749E+01	-9.8075560E+00	6.6369439E-01	1.9917895E-03	1.00491368E-05
2458656.6645	-8.8280119E+01	-7.9150931E+00	7.1330420E-01	1.7344932E-03	1.00424834E-05
2458656.6800	-8.7133447E+01	-4.3582659E+00	7.0339063E-01	2.4800531E-03	1.00140207E-05
2458656.5949	-1.0087179E+02	-7.7116108E+01	6.3841368E-01	8.7145364E-04	1.07737432E-05
2458656.5949	-1.0087179E+02	-7.7116108E+01	6.6034322E-01	9.4488443E-03	1.08333333E-05
2458656.6028	-1.0361018E+02	-7.5026428E+01	6.1580783E-01	1.0310015E-03	1.09139381E-05
2458656.6183	-8.6696982E+01	-1.8554499E+01	7.0121880E-01	1.5029466E-03	1.00571893E-05
2458656.6272	-8.7582106E+01	-1.6526632E+01	6.9120927E-01	1.3153210E-03	1.01027194E-05
2458656.6563	-8.8545749E+01	-9.8075560E+00	6.8134504E-01	1.3835110E-03	1.01513344E-05
2458656.6645	-8.8280119E+01	-7.9150926E+00	7.1873345E-01	1.1682006E-03	1.01378297E-05
2458656.6800	-8.7133446E+01	-4.3582631E+00	7.0451328E-01	1.4976830E-03	1.00797461E-05
2458656.6876	-8.6268758E+01	-2.6399219E+00	7.1950552E-01	1.7169084E-03	1.00426865E-05
2458656.5949	-1.0087179E+02	-7.7116108E+01	6.2134313E-01	1.1117465E-03	1.08965275E-05
2458656.6028	-1.0361018E+02	-7.5026428E+01	6.1771420E-01	2.5910903E-03	1.09876437E-05
2458656.5949	-8.3088216E+01	-2.3748931E+01	6.0745968E-01	2.2366204E-03	1.00130460E-05
2458656.6028	-8.4499845E+01	-2.2036324E+01	6.7654307E-01	1.4494994E-03	1.00498702E-05
2458656.6183	-8.6696982E+01	-1.8554499E+01	7.0584693E-01	1.1894293E-03	1.01622480E-05
2458656.6272	-8.7582106E+01	-1.6526632E+01	6.9936759E-01	1.1425772E-03	1.02077584E-05
2458656.6563	-8.8545750E+01	-9.8075556E+00	6.9728708E-01	1.1456112E-03	1.02577083E-05
2458656.6645	-8.8280119E+01	-7.9150900E+00	7.2602150E-01	9.7925370E-04	1.02438422E-05
2458656.6800	-8.7133446E+01	-4.3582639E+00	7.1192705E-01	1.0661516E-03	1.01841332E-05
2458656.6876	-8.6268778E+01	-2.6399575E+00	7.3325202E-01	1.1437907E-03	1.01398361E-05
2458656.7056	-8.3444765E+01	1.3363800E+00	6.3343623E-01	3.8999354E-03	1.00222715E-05
2458656.5949	-1.0087179E+02	-7.7116108E+01	6.3586290E-01	2.6592942E-03	1.09772988E-05
2458656.5949	-1.0087179E+02	-7.7116108E+01	6.0527332E-01	8.3743932E-03	1.09985633E-05
2458656.5949	-8.3088224E+01	-2.3748922E+01	6.3924310E-01	1.5903491E-03	1.00800325E-05
2458656.6028	-8.4499845E+01	-2.2036324E+01	6.9863272E-01	1.0379563E-03	1.01550613E-05
2458656.6183	-8.6696982E+01	-1.8554499E+01	7.1645268E-01	9.7944152E-04	1.02718389E-05
2458656.6272	-8.7582106E+01	-1.6526632E+01	7.0604646E-01	8.7160267E-04	1.03185685E-05
2458656.6563	-8.8545749E+01	-9.8075560E+00	7.0845821E-01	8.9760680E-04	1.03623062E-05
2458656.6636	-8.8310678E+01	-8.1328093E+00	7.3007321E-01	7.6661972E-04	1.03631096E-05
2458656.6800	-8.7133446E+01	-4.3582631E+00	7.2034587E-01	9.8457151E-04	1.02950092E-05
2458656.6876	-8.6268866E+01	-2.6401103E+00	7.4520038E-01	8.9861316E-04	1.02490311E-05
2458656.7064	-8.3286548E+01	1.5066797E+00	6.4192447E-01	1.9500888E-03	1.00957760E-05
2458656.7134	-8.1877369E+01	3.0235003E+00	6.8956577E-01	2.6961484E-03	1.00277034E-05
2458656.5949	-8.3088217E+01	-2.3748930E+01	6.4308896E-01	1.7116739E-03	1.01485611E-05
2458656.5969	-8.3433777E+01	-2.3329692E+01	6.7767002E-01	1.1222087E-03	1.02095335E-05
2458656.6028	-8.4499846E+01	-2.2036324E+01	7.1529961E-01	1.0257687E-03	1.02804596E-05
2458656.6183	-8.6696982E+01	-1.8554499E+01	7.2065982E-01	9.3963299E-04	1.03737247E-05
2458656.6252	-8.7383944E+01	-1.6980632E+01	7.0756058E-01	1.1355158E-03	1.04227225E-05
2458656.6272	-8.7582106E+01	-1.6526632E+01	7.3044738E-01	3.0900791E-03	1.04795976E-05
2458656.6604	-8.8412934E+01	-8.8613228E+00	7.3954499E-01	8.8611403E-04	1.04801723E-05
2458656.6800	-8.7133446E+01	-4.3582638E+00	7.2322327E-01	8.7365879E-04	1.04103565E-05
2458656.6876	-8.6268787E+01	-2.6399724E+00	7.4397836E-01	7.7883985E-04	1.03634573E-05
2458656.7095	-8.2665117E+01	2.1755791E+00	6.8704396E-01	1.1012474E-03	1.01673389E-05
2458656.5949	-8.3088222E+01	-2.3748924E+01	6.9278941E-01	8.3304038E-04	1.03065490E-05
2458656.6028	-8.4499845E+01	-2.2036324E+01	7.2445219E-01	7.4591310E-04	1.03847199E-05
2458656.6183	-8.6696982E+01	-1.8554499E+01	7.4293448E-01	1.3529055E-03	1.05076833E-05
2458656.6272	-8.7582106E+01	-1.6526632E+01	7.2018634E-01	1.0872785E-03	1.05576574E-05
2458656.6589	-8.8462431E+01	-9.2139578E+00	7.3776282E-01	9.6931263E-04	1.05952534E-05
2458656.6645	-8.8280119E+01	-7.9150900E+00	7.5604170E-01	1.7767711E-03	1.06247125E-05
2458656.6800	-8.7133446E+01	-4.3582638E+00	7.4438254E-01	1.1755664E-03	1.05323903E-05
2458656.6876	-8.6268866E+01	-2.6401103E+00	7.6161732E-01	1.1731365E-03	1.04841926E-05
2458656.7094	-8.2670577E+01	2.1697025E+00	7.0290552E-01	9.3193720E-04	1.02830664E-05
2458656.5949	-8.3088224E+01	-2.3748922E+01	7.0816137E-01	1.1154074E-03	1.04287164E-05
2458656.6028	-8.4499846E+01	-2.2036324E+01	7.5214099E-01	1.1508063E-03	1.05095433E-05
2458656.6183	-8.6696982E+01	-1.8554499E+01	7.4637022E-01	1.1873414E-03	1.06343818E-05
2458656.6272	-8.7582106E+01	-1.6526632E+01	7.2865941E-01	1.3966347E-03	1.06856599E-05
2458656.6563	-8.8545750E+01	-9.8075559E+00	7.4033019E-01	1.4908133E-03	1.07410688E-05
2458656.6645	-8.8280119E+01	-7.9150920E+00	7.7261865E-01	1.2925615E-03	1.07260616E-05
2458656.6800	-8.7133446E+01	-4.3582631E+00	7.4628452E-01	1.3448606E-03	1.06598590E-05
2458656.6876	-8.6268795E+01	-2.6399858E+00	7.6337460E-01	1.0447342E-03	1.06104848E-05
2458656.7094	-8.2668388E+01	2.1720576E+00	7.1757495E-01	9.4792946E-04	1.04042691E-05
2458656.5949	-8.3088222E+01	-2.3748924E+01	7.2313447E-01	1.2646576E-03	1.05415256E-05
2458656.6013	-8.4229326E+01	-2.2364523E+01	7.3642781E-01	1.0124175E-03	1.06329694E-05
2458656.6183	-8.6696982E+01	-1.8554499E+01	7.5645592E-01	1.3753683E-03	1.07686894E-05
2458656.6272	-8.7582106E+01	-1.6526632E+01	7.3991195E-01	1.5364539E-03	1.08202356E-05
2458656.6563	-8.8545750E+01	-9.8075556E+00	7.3435463E-01	2.3360539E-03	1.08780374E-05
2458656.6645	-8.8280119E+01	-7.9150900E+00	7.8187213E-01	1.8899785E-03	1.08626413E-05
2458656.6800	-8.7133446E+01	-4.3582637E+00	7.6606141E-01	1.5173105E-03	1.07943730E-05
2458656.6876	-8.6268797E+01	-2.6399905E+00	7.7593421E-01	1.2851517E-03	1.07447696E-05
2458656.7095	-8.2662813E+01	2.1780602E+00	7.2388237E-01	1.2070289E-03	1.05315388E-05
2458656.5955	-8.3180877E+01	-2.3636514E+01	7.0797625E-01	1.1976837E-03	1.06941179E-05
2458656.6028	-8.4499845E+01	-2.2036324E+01	7.4522502E-01	1.2438527E-03	1.07825182E-05
2458656.6183	-8.6696982E+01	-1.8554499E+01	7.5846565E-01	2.1902019E-03	1.09110321E-05
2458656.6272	-8.7582106E+01	-1.6526632E+01	7.1627907E-01	2.9826266E-03	1.09455708E-05
2458656.6563	-8.8545750E+01	-9.8075556E+00	7.1977678E-01	5.9875860E-03	1.09744916E-05
2458656.6645	-8.8280119E+01	-7.9150900E+00	7.7252269E-01	4.0940792E-03	1.09666520E-05
2458656.6800	-8.7133446E+01	-4.3582631E+00	7.7154914E-01	2.4938828E-03	1.09325345E-05
2458656.6876	-8.6268866E+01	-2.6401103E+00	7.6929453E-01	2.1021655E-03	1.08852252E-05
2458656.7094	-8.2669338E+01	2.1710359E+00	7.3152072E-01	1.1061945E-03	1.06668451E-05
2458656.5949	-8.3088224E+01	-2.3748922E+01	6.9499591E-01	1.6649877E-03	1.08366045E-05
2458656.6028	-8.4499846E+01	-2.2036324E+01	7.4975846E-01	1.9351267E-03	1.09244007E-05
2458656.6183	-8.6696982E+01	-1.8554499E+01	7.5252321E-01	1.0058446E-02	1.09922413E-05
2458656.6876	-8.6268866E+01	-2.6401103E+00	7.5533937E-01	6.1812568E-03	1.09791647E-05
2458656.7095	-8.2665736E+01	2.1749130E+00	7.3285787E-01	1.3787965E-03	1.08098111E-05
2458656.5949	-8.3088224E+01	-2.3748922E+01	6.9432028E-01	3.2769653E-03	1.09553774E-05
2458656.6028	-8.4499846E+01	-2.2036324E+01	8.0295836E-01	2.7401936E-02	1.10000000E-05
2458656.7110	-8.2349253E+01	2.5155713E+00	7.4373945E-01	2.4007405E-03	1.09273093E-05
2458656.7111	-6.5099384E+01	-7.5253370E+01	6.6524408E-01	4.5818123E-03	1.00058125E-05
2458656.7134	-6.5239149E+01	-7.4869888E+01	6.8160293E-01	7.5155174E-03	1.00258619E-05
2458656.7134	-8.1877379E+01	3.0234909E+00	7.3371539E-01	1.3740675E-02	1.09943312E-05
2458656.6878	-6.3069562E+01	-7.9162816E+01	7.2190154E-01	2.4399156E-03	1.00132209E-05
2458656.7058	-6.4768999E+01	-7.6159868E+01	6.5285656E-01	3.9805763E-03	1.00468996E-05
2458656.7106	-6.5066891E+01	-7.5342527E+01	6.7027026E-01	1.8689798E-03	1.00967160E-05
2458656.7134	-6.5239150E+01	-7.4869886E+01	7.0317170E-01	2.0019389E-03	1.01545168E-05
2458656.6804	-6.2135319E+01	-8.0367426E+01	7.1859974E-01	1.5839150E-03	1.00486415E-05
2458656.6878	-6.3064631E+01	-7.9169174E+01	7.2920907E-01	1.2615961E-03	1.00875691E-05
2458656.6878	-6.3069562E+01	-7.9162816E+01	7.3054223E-01	1.9082446E-03	1.01564279E-05
2458656.7058	-6.4768992E+01	-7.6159884E+01	6.6238365E-01	2.6682797E-03	1.01767652E-05
2458656.7096	-6.5007423E+01	-7.5505695E+01	6.9935262E-01	1.3539816E-03	1.02335247E-05
2458656.7134	-6.5239149E+01	-7.4869888E+01	7.1590020E-01	1.8350672E-03	1.02913791E-05
2458656.6645	-5.9674416E+01	-8.2900590E+01	7.1494454E-01	2.6041598E-03	1.00081457E-05
2458656.6645	-5.9674417E+01	-8.2900590E+01	7.1398174E-01	2.5264800E-03	1.00439653E-05
2458656.6801	-6.2097741E+01	-8.0415879E+01	7.3265162E-01	1.0138936E-03	1.01571428E-05
2458656.6857	-6.2800590E+01	-7.9509629E+01	7.3400331E-01	9.0425625E-04	1.02206356E-05
2458656.6878	-6.3069564E+01	-7.9162814E+01	7.3742682E-01	1.2272263E-03	1.02922412E-05
2458656.7058	-6.4769028E+01	-7.6159799E+01	6.9092945E-01	3.3485613E-03	1.03138852E-05
2458656.7087	-6.4948543E+01	-7.5667243E+01	7.0819861E-01	1.0249751E-03	1.03791624E-05
2458656.7134	-6.5239149E+01	-7.4869888E+01	7.0785108E-01	1.8074586E-03	1.04363959E-05
2458656.6028	-5.8856252E+01	1.6408747E+01	7.3230389E-01	2.5817311E-03	1.00057245E-05
2458656.6183	-5.9061643E+01	1.8806936E+01	7.2621638E-01	2.5852925E-03	1.00128907E-05
2458656.6272	-5.8924165E+01	2.0179774E+01	7.6066052E-01	2.9468827E-03	1.00081457E-05
2458656.6563	-5.8170824E+01	-8.4161850E+01	6.3964716E-01	2.2713530E-03	1.00408845E-05
2458656.6616	-5.9141228E+01	-8.3347845E+01	6.8686885E-01	1.4639702E-03	1.00973953E-05
2458656.6645	-5.9674417E+01	-8.2900590E+01	7.2080286E-01	9.9617439E-04	1.01748516E-05
2458656.6801	-6.2097788E+01	-8.0415824E+01	7.3353350E-01	1.0316893E-03	1.02931033E-05
2458656.6838	-6.2558271E+01	-7.9822073E+01	7.4631866E-01	6.9114149E-04	1.03646113E-05
2458656.6878	-6.3069564E+01	-7.9162814E+01	7.5151077E-01	1.1452145E-03	1.04366915E-05
2458656.7058	-6.4769028E+01	-7.6159799E+01	6.9873934E-01	5.2111955E-03	1.04605406E-05
2458656.7078	-6.4893252E+01	-7.5818951E+01	7.2403579E-01	1.5178915E-03	1.05345539E-05
2458656.7134	-6.5239149E+01	-7.4869887E+01	7.3035622E-01	1.1136450E-03	1.05914331E-05
2458656.5949	-5.8539572E+01	1.5209109E+01	7.3805634E-01	1.5652157E-03	1.01109194E-05
2458656.6000	-5.8744623E+01	1.5985875E+01	7.4543121E-01	8.2582636E-04	1.00708583E-05
2458656.6183	-5.9061643E+01	1.8806936E+01	7.4163804E-01	1.2176247E-03	1.01025724E-05
2458656.6272	-5.8924165E+01	2.0179777E+01	7.6245316E-01	1.2604509E-03	1.00923215E-05
2458656.6563	-5.7185424E+01	2.4609228E+01	7.0084541E-01	2.6664628E-03	1.00177101E-05
2458656.6563	-5.8170824E+01	-8.4161850E+01	6.4206586E-01	1.6647414E-03	1.01514155E-05
2458656.6572	-5.8342120E+01	-8.4018162E+01	6.5480744E-01	1.5536506E-03	1.02319400E-05
2458656.6645	-5.9674417E+01	-8.2900590E+01	7.2114091E-01	7.3021743E-04	1.02959693E-05
2458656.6645	-5.9674417E+01	-8.2900590E+01	7.4089291E-01	1.4654566E-03	1.03732757E-05
2458656.6801	-6.2097788E+01	-8.0415824E+01	7.6153731E-01	1.6456505E-03	1.04369078E-05
2458656.6819	-6.2328285E+01	-8.0118617E+01	7.7499820E-01	9.3010068E-04	1.05187689E-05
2458656.6878	-6.3069564E+01	-7.9162814E+01	7.8373214E-01	1.0299645E-03	1.05910342E-05
2458656.7058	-6.4769028E+01	-7.6159799E+01	6.7849815E-01	2.5235689E-02	1.06155171E-05
2458656.7071	-6.4850325E+01	-7.5936732E+01	7.3225085E-01	1.6803499E-03	1.06882765E-05
2458656.7123	-6.5169787E+01	-7.5060202E+01	7.5456070E-01	1.6211296E-03	1.07610066E-05
2458656.5949	-5.8539572E+01	1.5209109E+01	7.5201698E-01	8.0296055E-04	1.02211966E-05
2458656.6028	-5.8856252E+01	1.6408747E+01	7.7863900E-01	8.4134713E-04	1.02449497E-05
2458656.6201	-5.9034535E+01	1.9077637E+01	7.7071424E-01	8.8641509E-04	1.02709485E-05
2458656.6272	-5.8924165E+01	2.0179777E+01	7.7491432E-01	1.2963449E-03	1.02301722E-05
2458656.6563	-5.7185425E+01	2.4609228E+01	7.3182444E-01	1.1139760E-03	1.01154499E-05
2458656.6645	-5.6345717E+01	2.5824274E+01	7.7556679E-01	1.3571901E-03	1.00639140E-05
2458656.6563	-5.8170824E+01	-8.4161850E+01	6.5289941E-01	2.8731397E-03	1.02893677E-05
2458656.6563	-5.8170824E+01	-8.4161850E+01	6.5723108E-01	1.1302446E-03	1.03662053E-05
2458656.6630	-5.9395974E+01	-8.3134157E+01	7.3361212E-01	1.1224898E-03	1.04359726E-05
2458656.6645	-5.9674417E+01	-8.2900590E+01	7.7480248E-01	1.4442223E-03	1.05249999E-05
2458656.6801	-6.2097788E+01	-8.0415824E+01	7.7232642E-01	3.0024657E-03	1.05908045E-05
2458656.6802	-6.2113152E+01	-8.0396014E+01	7.8171067E-01	1.0407591E-03	1.06699740E-05
2458656.6866	-6.2917595E+01	-7.9358760E+01	7.8434423E-01	9.3895933E-04	1.07398637E-05
2458656.6878	-6.3069564E+01	-7.9162814E+01	7.8827254E-01	2.8569611E-03	1.08298850E-05
2458656.7063	-6.4800617E+01	-7.6073126E+01	7.6171728E-01	3.5541069E-03	1.08607105E-05
2458656.7115	-6.5121619E+01	-7.5192366E+01	7.7758768E-01	2.5888869E-03	1.09303442E-05
2458656.5972	-5.8631439E+01	1.5557117E+01	7.8870604E-01	6.9005703E-04	1.04108276E-05
2458656.6050	-5.8885452E+01	1.6749694E+01	7.8996112E-01	8.1764626E-04	1.03955026E-05
2458656.6232	-5.8985433E+01	1.9567968E+01	7.8941280E-01	6.8958014E-04	1.04168358E-05
2458656.6563	-5.7185424E+01	2.4609228E+01	7.5867030E-01	1.6898662E-03	1.03458042E-05
2458656.6604	-5.6765570E+01	2.5216752E+01	7.6868257E-01	8.4374495E-04	1.02456240E-05
2458656.6645	-5.6345720E+01	2.5824270E+01	7.9085972E-01	1.9286311E-03	1.01471669E-05
2458656.6800	-5.4345596E+01	2.8068696E+01	7.6824877E-01	1.4500764E-03	1.00659649E-05
2458656.6876	-5.3176643E+01	2.9134333E+01	7.6480681E-01	2.2171442E-03	1.00177640E-05
2458656.6272	-5.1607783E+01	-8.8349770E+01	6.7975111E-01	1.8394548E-03	1.00365834E-05
2458656.6563	-5.8170824E+01	-8.4161850E+01	6.8229207E-01	2.2237196E-03	1.05000717E-05
2458656.6591	-5.8688340E+01	-8.3727742E+01	7.2196409E-01	9.1358585E-04	1.05923619E-05
2458656.6645	-5.9674417E+01	-8.2900590E+01	7.8404653E-01	1.0888049E-03	1.06813217E-05
2458656.6645	-5.9674416E+01	-8.2900591E+01	7.5579533E-01	2.3881681E-03	1.07560981E-05
2458656.6801	-6.2097788E+01	-8.0415824E+01	7.7932397E-01	1.5102926E-03	1.08307471E-05
2458656.6848	-6.2695586E+01	-7.9645022E+01	7.8172019E-01	1.6283791E-03	1.09174893E-05
2458656.6878	-6.3069564E+01	-7.9162814E+01	8.1907770E-01	6.1964459E-03	1.09853448E-05
2458656.7058	-6.4769028E+01	-7.6159799E+01	7.8766823E-01	2.1588750E-02	1.09942529E-05
2458656.5989	-5.8698638E+01	1.5811675E+01	8.0235041E-01	6.5641365E-04	1.05842621E-05
2458656.6183	-5.9061643E+01	1.8806936E+01	7.9154637E-01	1.0566174E-03	1.06142557E-05
2458656.6272	-5.8924165E+01	2.0179777E+01	8.0303186E-01	1.1710617E-03	1.06030365E-05
2458656.6563	-5.7185425E+01	2.4609228E+01	7.6825397E-01	1.2706864E-03	1.04573297E-05
2458656.6645	-5.6345717E+01	2.5824274E+01	7.9239121E-01	8.6054611E-04	1.03869165E-05
2458656.6800	-5.4345595E+01	2.8068696E+01	7.8096054E-01	1.1731700E-03	1.02509488E-05
2458656.6856	-5.3490962E+01	2.8847806E+01	7.8463976E-01	8.1995727E-04	1.01352751E-05
2458656.6876	-5.3176964E+01	2.9134061E+01	7.9125265E-01	9.9094125E-03	1.00390803E-05
2458656.6183	-4.9245317E+01	-8.9523299E+01	6.4138735E-01	1.9257003E-03	1.00214151E-05
2458656.6272	-5.1607782E+01	-8.8349771E+01	6.9052087E-01	3.3026576E-03	1.00816090E-05
2458656.6272	-5.1607783E+01	-8.8349770E+01	6.9272320E-01	1.0289122E-03	1.01414180E-05
2458656.6272	-5.1607782E+01	-8.8349771E+01	6.9910495E-01	1.3782991E-03	1.02232757E-05
2458656.6563	-5.8170824E+01	-8.4161850E+01	6.8434781E-01	3.5306566E-03	1.06603447E-05
2458656.6563	-5.8170824E+01	-8.4161850E+01	6.7410233E-01	2.0535640E-03	1.07577346E-05
2458656.6641	-5.9596230E+01	-8.2966176E+01	7.7139041E-01	1.3891472E-03	1.08300045E-05
2458656.6645	-5.9674417E+01	-8.2900590E+01	7.6759292E-01	2.8980479E-03	1.09336206E-05
2458656.6801	-6.2097788E+01	-8.0415824E+01	7.8852263E-01	5.1418659E-03	1.09847701E-05
2458656.5949	-5.8539572E+01	1.5209109E+01	7.9279616E-01	1.2599178E-03	1.08143678E-05
2458656.6002	-5.8754312E+01	1.6022578E+01	7.9882309E-01	6.7783212E-04	1.07677869E-05
2458656.6205	-5.9028148E+01	1.9141421E+01	7.9497493E-01	9.6937812E-04	1.08257880E-05
2458656.6272	-5.8924165E+01	2.0179777E+01	7.9720590E-01	1.3594426E-03	1.07663189E-05
2458656.6594	-5.6873187E+01	2.5061032E+01	7.8641371E-01	8.6061069E-04	1.06360446E-05
2458656.6645	-5.6345716E+01	2.5824275E+01	8.0599561E-01	1.9686972E-03	1.05169645E-05
2458656.6810	-5.4199517E+01	2.8201866E+01	7.8869225E-01	7.9004271E-04	1.03987943E-05
2458656.6876	-5.3176889E+01	2.9134124E+01	7.9306218E-01	8.1148913E-04	1.02872648E-05
2458656.7058	-4.9892429E+01	3.1578309E+01	6.3662908E-01	3.7362090E-03	1.00502165E-05
2458656.6183	-4.9245317E+01	-8.9523299E+01	6.5632891E-01	1.1369059E-02	1.00454020E-05
2458656.6183	-4.9245317E+01	-8.9523299E+01	6.5741027E-01	1.3598666E-03	1.00977010E-05
2458656.6183	-4.9245317E+01	-8.9523299E+01	6.6432442E-01	1.0492338E-03	1.01885109E-05
2458656.6272	-5.1607782E+01	-8.8349771E+01	7.0610513E-01	1.6332762E-03	1.02778529E-05
2458656.6272	-5.1607783E+01	-8.8349770E+01	7.1685478E-01	7.9536742E-04	1.03593144E-05
2458656.6272	-5.1607782E+01	-8.8349771E+01	7.2575296E-01	2.2465233E-03	1.04321838E-05
2458656.6563	-5.8170824E+01	-8.4161850E+01	6.6407066E-01	2.9535632E-03	1.09068050E-05
2458656.6611	-5.9041325E+01	-8.3431647E+01	7.4831096E-01	5.1584683E-03	1.09868723E-05
2458656.5949	-5.8539572E+01	1.5209109E+01	7.9221613E-01	1.4766057E-03	1.09342194E-05
2458656.6028	-5.8856252E+01	1.6408747E+01	7.9776287E-01	1.7847055E-03	1.09486194E-05
2458656.6231	-5.8988149E+01	1.9540845E+01	7.9591064E-01	1.7669495E-03	1.09545814E-05
2458656.6563	-5.7185425E+01	2.4609228E+01	7.7383504E-01	1.4196841E-03	1.08669514E-05
2458656.6638	-5.6421867E+01	2.5714086E+01	8.0687096E-01	9.2968657E-04	1.07782037E-05
2458656.6800	-5.4345596E+01	2.8068696E+01	7.9500311E-01	1.1751696E-03	1.06282472E-05
2458656.6859	-5.3443222E+01	2.8891328E+01	8.0189092E-01	8.7365051E-04	1.05009564E-05
2458656.7058	-4.9892410E+01	3.1578321E+01	6.8157563E-01	2.0586981E-03	1.01968188E-05
2458656.7133	-4.8345323E+01	3.2536891E+01	7.5333677E-01	1.7635564E-03	1.00711428E-05
2458656.6183	-4.9245317E+01	-8.9523299E+01	6.6558814E-01	2.0268295E-03	1.02413791E-05
2458656.6183	-4.9245317E+01	-8.9523299E+01	6.7544652E-01	7.9347553E-04	1.03088458E-05
2458656.6183	-4.9245317E+01	-8.9523299E+01	6.8496082E-01	1.2048340E-03	1.03977010E-05
2458656.6272	-5.1607782E+01	-8.8349771E+01	7.3622199E-01	1.7088063E-03	1.04921975E-05
2458656.6272	-5.1607782E+01	-8.8349770E+01	7.3884436E-01	1.1866987E-03	1.05984646E-05
2458656.6563	-5.7185425E+01	2.4609228E+01	7.7241882E-01	5.0772253E-03	1.09829903E-05
2458656.6645	-5.6345716E+01	2.5824275E+01	8.1813574E-01	2.0105953E-03	1.09438415E-05
2458656.6819	-5.4061907E+01	2.8327313E+01	8.0751895E-01	9.0152797E-04	1.08041930E-05
2458656.6876	-5.3176964E+01	2.9134061E+01	8.1047583E-01	1.1165520E-03	1.06671717E-05
2458656.7058	-4.9892388E+01	3.1578336E+01	7.1305085E-01	3.5989221E-03	1.04514366E-05
2458656.7093	-4.9159249E+01	3.2032586E+01	7.4295989E-01	1.2441253E-03	1.03216562E-05
2458656.7134	-4.8320166E+01	3.2552479E+01	7.7803755E-01	1.5444786E-03	1.01914078E-05
2458656.6028	-4.4753929E+01	-9.1435175E+01	6.2259648E-01	1.6022806E-03	1.00213348E-05
2458656.6028	-4.4753929E+01	-9.1435175E+01	6.2699812E-01	1.1568610E-03	1.00918654E-05
2458656.6028	-4.4753929E+01	-9.1435175E+01	6.4832138E-01	9.1919096E-04	1.01696199E-05
2458656.6183	-4.9245317E+01	-8.9523299E+01	6.9691981E-01	1.8127910E-03	1.04557961E-05
2458656.6183	-4.9245317E+01	-8.9523299E+01	6.9888220E-01	9.6962458E-04	1.05409252E-05
2458656.6187	-4.9344789E+01	-8.9473887E+01	7.0652917E-01	1.8872866E-03	1.06290259E-05
2458656.6272	-5.1607782E+01	-8.8349770E+01	7.3266494E-01	1.2402376E-03	1.07294916E-05
2458656.6272	-5.1607782E+01	-8.8349771E+01	7.2906452E-01	2.1030354E-03	1.08442563E-05
2458656.6800	-5.4345595E+01	2.8068696E+01	8.2865066E-01	6.1849989E-03	1.09908046E-05
2458656.6859	-5.3442185E+01	2.8892276E+01	8.1562605E-01	1.2210877E-03	1.09169261E-05
2458656.7060	-4.9856583E+01	3.1600520E+01	7.2330049E-01	1.8766882E-03	1.06058886E-05
2458656.7134	-4.8320169E+01	3.2552476E+01	7.9742911E-01	1.0118188E-03	1.04485385E-05
2458656.5949	-4.2332222E+01	-9.2325217E+01	6.4293563E-01	1.5616678E-03	1.00424595E-05
2458656.5949	-4.2332222E+01	-9.2325217E+01	6.3801019E-01	1.1169285E-03	1.01243166E-05
2458656.6028	-4.4753929E+01	-9.1435175E+01	6.4423807E-01	1.1696506E-03	1.02212642E-05
2458656.6028	-4.4753929E+01	-9.1435175E+01	6.5433349E-01	7.4066921E-04	1.02971760E-05
2458656.6028	-4.4753929E+01	-9.1435175E+01	6.6131281E-01	7.0858023E-04	1.03848944E-05
2458656.6183	-4.9245317E+01	-8.9523299E+01	7.0492376E-01	1.5217430E-03	1.06913792E-05
2458656.6183	-4.9245317E+01	-8.9523299E+01	7.0093331E-01	1.2352088E-03	1.07963622E-05
2458656.6235	-5.0615907E+01	-8.8842473E+01	7.1646241E-01	2.7086009E-03	1.09004869E-05
2458656.6272	-5.1607782E+01	-8.8349771E+01	7.3452273E-01	4.4846794E-03	1.09686807E-05
2458656.7058	-4.9892388E+01	3.1578336E+01	7.1288022E-01	2.6400455E-03	1.08623563E-05
2458656.7123	-4.8549868E+01	3.2410156E+01	7.8478507E-01	1.0587470E-03	1.06881482E-05
2458656.5949	-4.2332222E+01	-9.2325217E+01	6.5445481E-01	2.4491475E-03	1.01735630E-05
2458656.5949	-4.2332222E+01	-9.2325217E+01	6.5464172E-01	8.5608474E-04	1.02361014E-05
2458656.5949	-4.2332222E+01	-9.2325217E+01	6.6018570E-01	6.3028993E-04	1.03409341E-05
2458656.6028	-4.4753929E+01	-9.1435175E+01	6.6888151E-01	1.4424078E-03	1.04418254E-05
2458656.6028	-4.4753929E+01	-9.1435175E+01	6.7388874E-01	7.9397098E-04	1.05241190E-05
2458656.6028	-4.4753929E+01	-9.1435175E+01	6.6802461E-01	1.2017329E-03	1.06229884E-05
2458656.6183	-4.9245317E+01	-8.9523299E+01	7.0573936E-01	2.5832154E-03	1.09487420E-05
2458656.7112	-4.8772664E+01	3.2272113E+01	7.5772912E-01	2.9076556E-03	1.09655873E-05
2458656.7134	-4.8320172E+01	3.2552475E+01	7.8184251E-01	2.0506996E-03	1.08574712E-05
2458656.5949	-4.2332222E+01	-9.2325217E+01	6.5992978E-01	5.4874884E-03	1.03945401E-05
2458656.5949	-4.2332222E+01	-9.2325217E+01	6.6741575E-01	9.6567986E-04	1.04531252E-05
2458656.5949	-4.2332222E+01	-9.2325217E+01	6.7811411E-01	7.9884535E-04	1.05701903E-05
2458656.6004	-4.4029680E+01	-9.1701356E+01	6.8485958E-01	1.5183368E-03	1.06713932E-05
2458656.6028	-4.4753929E+01	-9.1435175E+01	6.6283345E-01	1.0038992E-03	1.07717513E-05
2458656.6028	-4.4753929E+01	-9.1435175E+01	6.6484132E-01	1.5880459E-03	1.08855525E-05
2458656.5949	-4.2332222E+01	-9.2325217E+01	6.7653595E-01	1.0301752E-03	1.07022779E-05
2458656.5949	-4.2332222E+01	-9.2325217E+01	6.6687016E-01	1.2941885E-03	1.08211433E-05
2458656.5986	-4.3478497E+01	-9.1903930E+01	6.6453021E-01	2.0899032E-03	1.09310613E-05
2458656.6028	-4.4753929E+01	-9.1435175E+01	6.4907270E-01	4.6949728E-03	1.09879310E-05
2458656.5949	-4.2332222E+01	-9.2325217E+01	6.9429277E-01	3.1545563E-03	1.09669417E-05
2458656.6878	-3.3097895E+01	-3.1759041E+01	8.1303250E-01	3.6070114E-03	1.00171412E-05
2458656.7097	-3.3535134E+01	-2.9849303E+01	7.1551986E-01	2.6120798E-03	1.00458634E-05
2458656.7095	-3.1462031E+01	-4.5663741E+01	7.2763876E-01	2.8396350E-03	1.00276111E-05
2458656.7134	-3.1681942E+01	-4.5340904E+01	7.7346872E-01	3.1980285E-03	1.00862067E-05
2458656.6614	-3.1717415E+01	-3.3995413E+01	7.9725282E-01	1.3638516E-03	1.00503580E-05
2458656.6806	-3.2786237E+01	-3.2378428E+01	8.0093163E-01	8.7134665E-04	1.01055394E-05
2458656.6928	-3.3191836E+01	-3.1324934E+01	7.8135866E-01	8.8668943E-04	1.01989869E-05
2458656.7105	-3.3539967E+01	-2.9779163E+01	7.7060111E-01	9.7030983E-04	1.02581690E-05
2458656.6837	-2.9614374E+01	-4.7722085E+01	8.3455465E-01	2.0236363E-03	1.00312418E-05
2458656.6942	-3.0427439E+01	-4.6895073E+01	7.9293625E-01	1.8701665E-03	1.01037671E-05
2458656.7087	-3.1422009E+01	-4.5722496E+01	7.7066106E-01	1.1048922E-03	1.02069084E-05
2458656.7120	-3.1605683E+01	-4.5452856E+01	7.9743359E-01	1.1525452E-03	1.03411633E-05
2458656.6563	-3.1360325E+01	-3.4416784E+01	7.9316926E-01	1.6314482E-03	1.01401020E-05
2458656.6613	-3.1706833E+01	-3.4007900E+01	8.2009696E-01	5.8522353E-04	1.02844410E-05
2458656.6802	-3.2763370E+01	-3.2412544E+01	8.3465424E-01	5.8152721E-04	1.04007928E-05
2458656.6958	-3.3252919E+01	-3.1062242E+01	8.2515541E-01	8.2957328E-04	1.04977263E-05
2458656.7106	-3.3540275E+01	-2.9774693E+01	8.1277308E-01	1.1243754E-03	1.05854400E-05
2458656.6645	-2.7740014E+01	-4.9161225E+01	8.1999256E-01	3.3739589E-03	1.00176902E-05
2458656.6693	-2.8220358E+01	-4.8804079E+01	8.5144093E-01	1.3856185E-03	1.00892109E-05
2458656.6825	-2.9507820E+01	-4.7817015E+01	8.7233491E-01	8.8288115E-04	1.02121820E-05
2458656.6857	-2.9786703E+01	-4.7568558E+01	8.8763529E-01	8.0373720E-04	1.03585933E-05
2458656.7051	-3.1187651E+01	-4.6014654E+01	8.0821075E-01	1.4551356E-03	1.04576674E-05
2458656.7104	-3.1513073E+01	-4.5588811E+01	8.0901217E-01	1.0610897E-03	1.06139527E-05
2458656.6586	-2.9348951E+01	-4.0740495E+01	7.7600295E-01	1.7612466E-03	1.03369762E-05
2458656.6254	-2.8450224E+01	-3.6839462E+01	7.3928586E-01	1.1934521E-03	1.01117899E-05
2458656.6272	-2.8657941E+01	-3.6706410E+01	7.5968981E-01	2.5065273E-03	1.02612190E-05
2458656.6563	-3.1360325E+01	-3.4416784E+01	8.2907275E-01	1.6639272E-03	1.04385056E-05
2458656.6608	-3.1675163E+01	-3.4045271E+01	8.5589408E-01	7.2660759E-04	1.06038717E-05
2458656.6798	-3.2742084E+01	-3.2443793E+01	8.5442161E-01	6.5178844E-04	1.07394939E-05
2458656.6983	-3.3304008E+01	-3.0844153E+01	8.1371138E-01	1.0060984E-03	1.08427341E-05
2458656.7113	-3.3544555E+01	-2.9712595E+01	7.9830903E-01	1.9325078E-03	1.09210182E-05
2458656.6563	-2.6810499E+01	-4.9745066E+01	7.6804626E-01	2.8716873E-03	1.00436262E-05
2458656.6588	-2.7089948E+01	-4.9569540E+01	8.0955340E-01	1.0196104E-03	1.01813819E-05
2458656.6626	-2.7523801E+01	-4.9297032E+01	8.6669205E-01	7.4200448E-04	1.03189582E-05
2458656.6745	-2.8744585E+01	-4.8414304E+01	9.1337263E-01	1.1685818E-03	1.04603654E-05
2458656.6836	-2.9610562E+01	-4.7725483E+01	9.1638151E-01	7.5524384E-04	1.06249400E-05
2458656.6935	-3.0379140E+01	-4.6945395E+01	8.7718564E-01	1.0993547E-03	1.07798397E-05
2458656.6685	-2.9226758E+01	-4.2868288E+01	8.0099040E-01	1.1322249E-03	1.05751237E-05
2458656.6183	-2.7635338E+01	-3.7361435E+01	7.5336967E-01	1.2275497E-03	1.02190564E-05
2458656.6234	-2.8221876E+01	-3.6985730E+01	7.8309023E-01	8.0494565E-04	1.03996267E-05
2458656.6272	-2.8657940E+01	-3.6706410E+01	8.0413600E-01	1.4232638E-03	1.05849907E-05
2458656.6563	-3.1360325E+01	-3.4416784E+01	8.5298036E-01	1.8036025E-03	1.07789709E-05
2458656.6606	-3.1663072E+01	-3.4059538E+01	8.7547759E-01	1.1419393E-03	1.09129276E-05
2458656.6800	-3.2787851E+01	-3.2426959E+01	8.6625547E-01	3.7773184E-03	1.09777011E-05
2458656.6272	-2.2949844E+01	-5.1643360E+01	7.7376357E-01	3.9327775E-03	1.00062521E-05
2458656.6563	-2.6810499E+01	-4.9745066E+01	8.1975306E-01	1.2040132E-03	1.04086876E-05
2458656.6596	-2.7178852E+01	-4.9513699E+01	8.6375726E-01	9.9936738E-04	1.05843142E-05
2458656.6634	-2.7613524E+01	-4.9240676E+01	9.1688029E-01	9.8231589E-04	1.07596873E-05
2458656.6721	-2.8846100E+01	-4.7106132E+01	9.1158680E-01	1.1162419E-03	1.08093953E-05
2458656.6025	-2.5107372E+01	-3.9415202E+01	7.3594035E-01	1.0483924E-03	1.01953663E-05
2458656.6012	-2.5432253E+01	-3.8544080E+01	7.5977411E-01	7.8297340E-04	1.03138725E-05
2458656.6098	-2.6545684E+01	-3.7954276E+01	8.0773101E-01	1.4285658E-03	1.05097910E-05
2458656.6214	-2.7997299E+01	-3.7129582E+01	7.9701154E-01	8.7018613E-04	1.07447425E-05
2458656.6272	-2.8657941E+01	-3.6706410E+01	8.0347749E-01	1.9378354E-03	1.09118817E-05
2458656.6214	-2.2070427E+01	-5.1983679E+01	7.7589798E-01	1.4329923E-03	1.00548399E-05
2458656.6260	-2.2775399E+01	-5.1710867E+01	8.0400605E-01	1.2284777E-03	1.01624259E-05
2458656.6272	-2.2949841E+01	-5.1643361E+01	8.2460710E-01	1.0941721E-03	1.03411342E-05
2458656.6563	-2.6810499E+01	-4.9745066E+01	8.2050191E-01	1.9556369E-03	1.08456557E-05
2458656.6614	-2.7385913E+01	-4.9383641E+01	8.7752013E-01	2.2530919E-03	1.09654774E-05
2458656.5949	-2.4548651E+01	-3.8958031E+01	7.6703344E-01	9.8629623E-04	1.04147740E-05
2458656.5986	-2.5066011E+01	-3.8715658E+01	7.9091472E-01	6.9308111E-04	1.06325802E-05
2458656.6033	-2.5707695E+01	-3.8410196E+01	8.0568725E-01	1.0970872E-03	1.08622330E-05
2458656.6183	-2.7635338E+01	-3.7361435E+01	8.0790192E-01	3.3046188E-03	1.09576872E-05
2458656.6028	-1.9110336E+01	-5.2990103E+01	7.0458228E-01	2.8669724E-03	1.00103975E-05
2458656.6028	-1.9110336E+01	-5.2990103E+01	7.1104102E-01	5.7525419E-03	1.00339078E-05
2458656.6183	-2.1609979E+01	-5.2161864E+01	7.9547234E-01	1.1050187E-03	1.02250026E-05
2458656.6193	-2.1765375E+01	-5.2101728E+01	8.1735320E-01	9.6747500E-04	1.04051164E-05
2458656.6240	-2.2467491E+01	-5.1830022E+01	8.3886221E-01	9.2770004E-04	1.05585822E-05
2458656.6272	-2.2949841E+01	-5.1643361E+01	8.5110608E-01	1.2029744E-03	1.07799010E-05
2458656.6272	-2.2949841E+01	-5.1643361E+01	8.4092932E-01	4.4516327E-03	1.09112068E-05
2458656.5949	-2.4548652E+01	-3.8958031E+01	7.6005907E-01	2.7259700E-03	1.07818965E-05
2458656.5956	-2.4639143E+01	-3.8915638E+01	7.6202416E-01	1.6257908E-03	1.09111586E-05
2458656.5949	-1.7783567E+01	-5.3367187E+01	6.9292959E-01	2.2601362E-03	1.00262313E-05
2458656.5985	-1.8393493E+01	-5.3193839E+01	7.2357025E-01	7.6755155E-04	1.01294603E-05
2458656.6028	-1.9110336E+01	-5.2990103E+01	7.6538360E-01	7.7238298E-04	1.02838042E-05
2458656.6028	-1.9110336E+01	-5.2990103E+01	7.8620889E-01	1.1599666E-03	1.04692817E-05
2458656.6183	-2.1609979E+01	-5.2161864E+01	8.3404698E-01	1.8237391E-03	1.06665544E-05
2458656.6183	-2.1609979E+01	-5.2161864E+01	8.3311804E-01	1.1759338E-03	1.08309458E-05
2458656.6236	-2.2402833E+01	-5.1855044E+01	8.2835348E-01	2.5423533E-03	1.09680006E-05
2458656.5949	-1.7783570E+01	-5.3367186E+01	7.4170663E-01	1.2316594E-02	1.02229884E-05
2458656.5949	-1.7783569E+01	-5.3367187E+01	7.4326469E-01	9.7822687E-04	1.03161659E-05
2458656.5955	-1.7872495E+01	-5.3341913E+01	7.6555963E-01	1.0643215E-03	1.05147056E-05
2458656.5988	-1.8446953E+01	-5.3178645E+01	7.6463102E-01	6.4416672E-04	1.07026671E-05
2458656.6028	-1.9110336E+01	-5.2990103E+01	7.5976035E-01	1.3665208E-03	1.08971667E-05
2458656.5949	-1.7783570E+01	-5.3367186E+01	8.4665023E-01	1.5600632E-02	1.08298851E-05
2458656.5949	-1.7783570E+01	-5.3367186E+01	7.2731333E-01	1.6664793E-03	1.09157553E-05
