# hjd ucoord vcoord vis2data vis2err eff_wave
2458656.6801	-1.1642917E+02	-5.2333336E+01	6.8231616E-01	2.8529010E-02	8.1000000E-06
2458656.6563	-1.1535625E+02	-5.9552621E+01	5.8919096E-01	3.4318597E-03	8.1139405E-06
2458656.6645	-1.1602013E+02	-5.7076328E+01	6.4682523E-01	2.5186032E-03	8.1107643E-06
2458656.6645	-1.1602013E+02	-5.7076315E+01	6.4403471E-01	3.8828446E-03	8.1349424E-06
2458656.6801	-1.1642917E+02	-5.2333494E+01	6.5895575E-01	2.0335078E-03	8.1300576E-06
2458656.6876	-1.1622617E+02	-5.0057277E+01	6.4417918E-01	2.0976174E-03	8.1268103E-06
2458656.7056	-1.1468921E+02	-4.4646936E+01	5.3941581E-01	6.3326846E-03	8.1039079E-06
2458656.6563	-1.1535625E+02	-5.9552621E+01	6.0484803E-01	4.7257601E-03	8.1390803E-06
2458656.6563	-1.1535625E+02	-5.9552621E+01	6.0778982E-01	2.4428574E-03	8.1698849E-06
2458656.6645	-1.1602013E+02	-5.7076315E+01	6.6712965E-01	1.5555164E-03	8.1793102E-06
2458656.6801	-1.1642917E+02	-5.2333336E+01	6.7745752E-01	1.7031511E-03	8.1843677E-06
2458656.6855	-1.1628319E+02	-5.0696583E+01	6.6508325E-01	1.4347042E-03	8.1853449E-06
2458656.6876	-1.1622622E+02	-5.0057598E+01	6.5734140E-01	2.8166737E-03	8.2044668E-06
2458656.7056	-1.1468919E+02	-4.4646894E+01	5.6595589E-01	3.2945501E-03	8.1386281E-06
2458656.7134	-1.1355931E+02	-4.2317390E+01	6.1570335E-01	3.0244164E-03	8.1171321E-06
2458656.6272	-1.1053195E+02	-6.8169993E+01	6.3221881E-01	7.2086192E-03	8.1011494E-06
2458656.6563	-1.1535625E+02	-5.9552621E+01	5.9982195E-01	1.6434103E-03	8.2218896E-06
2458656.6645	-1.1602013E+02	-5.7076323E+01	6.5742900E-01	1.7656652E-03	8.2297399E-06
2458656.6645	-1.1602013E+02	-5.7076315E+01	6.7302252E-01	2.1285431E-03	8.2618389E-06
2458656.6801	-1.1642917E+02	-5.2333336E+01	6.8009473E-01	1.4805369E-03	8.2552905E-06
2458656.6876	-1.1622617E+02	-5.0057327E+01	6.6815823E-01	1.2812719E-03	8.2485947E-06
2458656.7056	-1.1468919E+02	-4.4646895E+01	5.8280087E-01	2.1136310E-03	8.2013517E-06
2458656.7134	-1.1355932E+02	-4.2317413E+01	6.4923303E-01	2.0718313E-03	8.1662067E-06
2458656.6272	-1.1053195E+02	-6.8169992E+01	6.4448273E-01	1.6864990E-03	8.1342994E-06
2458656.6563	-1.1535625E+02	-5.9552621E+01	6.0868121E-01	3.1713022E-03	8.2634481E-06
2458656.6563	-1.1535625E+02	-5.9552621E+01	6.1900209E-01	1.9112620E-03	8.2967815E-06
2458656.6645	-1.1602013E+02	-5.7076315E+01	6.7971984E-01	1.2854257E-03	8.3082757E-06
2458656.6801	-1.1642917E+02	-5.2333336E+01	6.8334531E-01	1.3283994E-03	8.3209194E-06
2458656.6876	-1.1622770E+02	-5.0074209E+01	6.7396119E-01	1.2859529E-03	8.3129473E-06
2458656.6876	-1.1622622E+02	-5.0057598E+01	6.7350357E-01	4.1658770E-03	8.3459770E-06
2458656.7056	-1.1468921E+02	-4.4646936E+01	6.0153213E-01	4.9382108E-03	8.2419570E-06
2458656.7086	-1.1424509E+02	-4.3731275E+01	6.3049972E-01	1.5746010E-03	8.2507309E-06
2458656.7134	-1.1355932E+02	-4.2317413E+01	6.5759262E-01	2.5266082E-03	8.2462067E-06
2458656.6183	-1.0830696E+02	-7.0716363E+01	6.3679588E-01	5.6758410E-03	8.1016092E-06
2458656.6183	-1.0830696E+02	-7.0716363E+01	6.3124430E-01	1.5792384E-03	8.1315394E-06
2458656.6272	-1.1053195E+02	-6.8169993E+01	6.5790469E-01	3.1467875E-03	8.1724137E-06
2458656.6272	-1.1053195E+02	-6.8169992E+01	6.5502632E-01	1.2109554E-03	8.2054014E-06
2458656.6563	-1.1535625E+02	-5.9552621E+01	6.2692857E-01	1.2405508E-03	8.3549135E-06
2458656.6645	-1.1602013E+02	-5.7076322E+01	6.6993974E-01	1.1971352E-03	8.3636963E-06
2458656.6645	-1.1602013E+02	-5.7076315E+01	6.9088909E-01	2.2325670E-03	8.3979309E-06
2458656.6801	-1.1642917E+02	-5.2333473E+01	7.0248435E-01	8.9612064E-04	8.3893514E-06
2458656.6876	-1.1622618E+02	-5.0057345E+01	6.7741895E-01	1.0666530E-03	8.3829146E-06
2458656.7056	-1.1468921E+02	-4.4646936E+01	6.1914813E-01	1.9268911E-03	8.3328500E-06
2458656.7134	-1.1355932E+02	-4.2317413E+01	6.7514511E-01	1.6340334E-03	8.2967815E-06
2458656.6183	-1.0830696E+02	-7.0716363E+01	6.4427865E-01	1.3611255E-03	8.1820688E-06
2458656.6183	-1.0830696E+02	-7.0716363E+01	6.3897690E-01	1.6656197E-03	8.2156935E-06
2458656.6272	-1.1053195E+02	-6.8169993E+01	6.5816730E-01	1.4276592E-03	8.2597700E-06
2458656.6272	-1.1053195E+02	-6.8169993E+01	6.6533589E-01	2.6677956E-03	8.2940229E-06
2458656.6563	-1.1535625E+02	-5.9552621E+01	6.2294974E-01	3.9370072E-03	8.3972413E-06
2458656.6563	-1.1535625E+02	-5.9552621E+01	6.3838538E-01	2.0328998E-03	8.4331033E-06
2458656.6645	-1.1602013E+02	-5.7076315E+01	7.0058493E-01	1.5048690E-03	8.4466666E-06
2458656.6801	-1.1642917E+02	-5.2333336E+01	7.0807006E-01	1.4274155E-03	8.4599999E-06
2458656.6876	-1.1622622E+02	-5.0057598E+01	6.9468096E-01	1.3492461E-03	8.4535631E-06
2458656.7056	-1.1468919E+02	-4.4646893E+01	6.2144256E-01	1.4389255E-03	8.3971317E-06
2458656.7123	-1.1371890E+02	-4.2646432E+01	6.6303842E-01	1.1794382E-03	8.3754834E-06
2458656.6028	-1.0361018E+02	-7.5026427E+01	6.0102584E-01	1.6856722E-03	8.1092986E-06
2458656.6028	-1.0361018E+02	-7.5026428E+01	6.0628340E-01	3.0919840E-03	8.1282757E-06
2458656.6183	-1.0830696E+02	-7.0716363E+01	6.3664675E-01	1.1143599E-03	8.2618389E-06
2458656.6272	-1.1053195E+02	-6.8169993E+01	6.5632665E-01	1.1583345E-03	8.3363217E-06
2458656.6563	-1.1535625E+02	-5.9552621E+01	6.4459370E-01	2.6003515E-03	8.4976924E-06
2458656.6645	-1.1602013E+02	-5.7076315E+01	7.1455127E-01	2.0771622E-03	8.5075270E-06
2458656.6645	-1.1602013E+02	-5.7076315E+01	7.2276467E-01	2.6867968E-03	8.5445976E-06
2458656.6801	-1.1642917E+02	-5.2333336E+01	7.3251537E-01	4.0524351E-03	8.5044861E-06
2458656.6819	-1.1638206E+02	-5.1805163E+01	7.1751544E-01	1.1940676E-03	8.5318645E-06
2458656.6876	-1.1622617E+02	-5.0057285E+01	7.1366122E-01	1.5069062E-03	8.5365302E-06
2458656.7067	-1.1452431E+02	-4.4306952E+01	6.4170556E-01	1.9469228E-03	8.4651891E-06
2458656.7134	-1.1355932E+02	-4.2317413E+01	6.6401280E-01	1.7695161E-03	8.4436780E-06
2458656.5949	-1.0087179E+02	-7.7116109E+01	5.9179033E-01	1.8804009E-03	8.1065827E-06
2458656.6028	-1.0361018E+02	-7.5026428E+01	6.0635080E-01	9.1676926E-04	8.1728182E-06
2458656.6183	-1.0830696E+02	-7.0716363E+01	6.4189208E-01	2.2677934E-03	8.3034481E-06
2458656.6183	-1.0830696E+02	-7.0716363E+01	6.4354901E-01	1.0597120E-03	8.3396161E-06
2458656.6272	-1.1053195E+02	-6.8169991E+01	6.7244331E-01	1.1296792E-03	8.3875179E-06
2458656.6272	-1.1053195E+02	-6.8169993E+01	6.7509828E-01	1.5633923E-03	8.4245976E-06
2458656.6563	-1.1535625E+02	-5.9552621E+01	6.4047511E-01	6.2468350E-03	8.5411493E-06
2458656.6563	-1.1535625E+02	-5.9552621E+01	6.2807914E-01	1.3876594E-03	8.5796423E-06
2458656.6645	-1.1602013E+02	-5.7076319E+01	7.1440019E-01	1.1857395E-03	8.5956629E-06
2458656.6801	-1.1642917E+02	-5.2333336E+01	7.1793660E-01	1.5169277E-03	8.6099720E-06
2458656.6876	-1.1622622E+02	-5.0057598E+01	7.0876650E-01	1.5048256E-03	8.6028023E-06
2458656.7056	-1.1468920E+02	-4.4646902E+01	6.3570837E-01	1.3187585E-03	8.5506412E-06
2458656.7134	-1.1355932E+02	-4.2317413E+01	6.6901391E-01	2.1523977E-03	8.5123520E-06
2458656.5949	-1.0087179E+02	-7.7116108E+01	5.9668547E-01	4.1455375E-03	8.1179309E-06
2458656.5949	-1.0087179E+02	-7.7116108E+01	6.1437545E-01	1.3631153E-03	8.1529229E-06
2458656.6028	-1.0361018E+02	-7.5026428E+01	5.7715445E-01	3.5457971E-03	8.2105746E-06
2458656.6028	-1.0361018E+02	-7.5026427E+01	6.1964336E-01	7.6209084E-04	8.2464728E-06
2458656.6183	-1.0830696E+02	-7.0716363E+01	6.5108873E-01	7.4241062E-04	8.3962088E-06
2458656.6183	-1.0830696E+02	-7.0716363E+01	6.5666447E-01	1.7484585E-03	8.4340229E-06
2458656.6272	-1.1053195E+02	-6.8169993E+01	6.8577322E-01	1.5395972E-03	8.4838487E-06
2458656.6563	-1.1535625E+02	-5.9552621E+01	6.3090244E-01	2.7222816E-03	8.6523885E-06
2458656.6645	-1.1602013E+02	-5.7076315E+01	7.2002521E-01	1.8419761E-03	8.6629884E-06
2458656.6645	-1.1602013E+02	-5.7076326E+01	7.1501196E-01	1.9977587E-03	8.7034124E-06
2458656.6801	-1.1642917E+02	-5.2333336E+01	7.2442776E-01	2.1094713E-03	8.6668965E-06
2458656.6839	-1.1632719E+02	-5.1189909E+01	7.1966049E-01	1.2236427E-03	8.6862737E-06
2458656.6876	-1.1622614E+02	-5.0057089E+01	7.1302775E-01	1.7040489E-03	8.7056901E-06
2458656.7056	-1.1468921E+02	-4.4646936E+01	6.4317665E-01	3.7927626E-03	8.6051274E-06
2458656.7102	-1.1402134E+02	-4.3269964E+01	6.6055962E-01	1.2850732E-03	8.6088301E-06
2458656.7134	-1.1355932E+02	-4.2317413E+01	6.8723480E-01	4.6816296E-03	8.6234482E-06
2458656.5949	-1.0087179E+02	-7.7116108E+01	6.0973078E-01	1.6950943E-03	8.1989437E-06
2458656.5949	-1.0087179E+02	-7.7116108E+01	6.1259930E-01	1.0039223E-03	8.2356698E-06
2458656.6028	-1.0361018E+02	-7.5026428E+01	6.3054954E-01	1.0933045E-03	8.2972412E-06
2458656.6028	-1.0361018E+02	-7.5026428E+01	6.0919247E-01	9.7307514E-04	8.3347125E-06
2458656.6183	-1.0830696E+02	-7.0716363E+01	6.6626033E-01	1.2071355E-03	8.4833904E-06
2458656.6272	-1.1053195E+02	-6.8169993E+01	6.6332543E-01	7.2209002E-03	8.5245976E-06
2458656.6272	-1.1053195E+02	-6.8169992E+01	6.8675336E-01	1.1764911E-03	8.5645806E-06
2458656.6563	-1.1535625E+02	-5.9552621E+01	6.3378317E-01	9.2011083E-03	8.6967816E-06
2458656.6563	-1.1535625E+02	-5.9552621E+01	6.1331015E-01	2.3024567E-03	8.7383942E-06
2458656.6645	-1.1602013E+02	-5.7076315E+01	7.1338115E-01	1.5434293E-03	8.7575271E-06
2458656.6801	-1.1642917E+02	-5.2333336E+01	7.1845730E-01	1.6280701E-03	8.7724137E-06
2458656.6876	-1.1622622E+02	-5.0057598E+01	7.1527569E-01	1.5820759E-03	8.7650574E-06
2458656.7056	-1.1468920E+02	-4.4646905E+01	6.3749372E-01	1.7242829E-03	8.7105247E-06
2458656.7134	-1.1355932E+02	-4.2317403E+01	6.7710086E-01	1.3969375E-03	8.6712843E-06
2458656.5949	-1.0087179E+02	-7.7116108E+01	6.1498884E-01	1.0390388E-03	8.2848274E-06
2458656.5949	-1.0087179E+02	-7.7116108E+01	6.2201100E-01	1.7864772E-03	8.3229884E-06
2458656.6028	-1.0361018E+02	-7.5026427E+01	6.2755989E-01	6.4059390E-04	8.3875725E-06
2458656.6028	-1.0361018E+02	-7.5026428E+01	6.2413112E-01	1.8529833E-03	8.4268965E-06
2458656.6183	-1.0830696E+02	-7.0716363E+01	6.5828460E-01	2.4985470E-03	8.5333332E-06
2458656.6183	-1.0830696E+02	-7.0716363E+01	6.6285771E-01	1.1468760E-03	8.5741602E-06
2458656.6272	-1.1053195E+02	-6.8169993E+01	6.8616386E-01	1.7888814E-03	8.6305090E-06
2458656.6272	-1.1053195E+02	-6.8169993E+01	6.8576426E-01	2.3426811E-03	8.6724137E-06
2458656.6563	-1.1535625E+02	-5.9552621E+01	5.9780645E-01	3.3348809E-03	8.8198082E-06
2458656.6645	-1.1602013E+02	-5.7076315E+01	7.0407010E-01	2.2755708E-03	8.8317241E-06
2458656.6645	-1.1602013E+02	-5.7076315E+01	7.1521010E-01	3.8845521E-03	8.8754023E-06
2458656.6801	-1.1642917E+02	-5.2333336E+01	7.1222115E-01	2.4449127E-03	8.8436781E-06
2458656.6857	-1.1627935E+02	-5.0653392E+01	7.1591176E-01	1.8177888E-03	8.8573084E-06
2458656.6876	-1.1622622E+02	-5.0057598E+01	7.1996716E-01	8.2577494E-03	8.8908045E-06
2458656.7056	-1.1468921E+02	-4.4646936E+01	6.4433558E-01	2.3842670E-03	8.7944827E-06
2458656.7132	-1.1358311E+02	-4.2366456E+01	6.9315199E-01	1.8200963E-03	8.7562347E-06
2458656.5949	-1.0087179E+02	-7.7116108E+01	6.2694490E-01	6.7699415E-04	8.3725609E-06
2458656.6028	-1.0361018E+02	-7.5026428E+01	6.3591062E-01	9.9052112E-04	8.4730409E-06
2458656.6183	-1.0830696E+02	-7.0716363E+01	6.6035821E-01	1.2669810E-03	8.6384195E-06
2458656.6183	-1.0830696E+02	-7.0716363E+01	6.6651327E-01	2.4633169E-03	8.6809195E-06
2458656.6272	-1.1053195E+02	-6.8169992E+01	6.8842653E-01	1.2917402E-03	8.7297355E-06
2458656.6563	-1.1535625E+02	-5.9552621E+01	6.0997801E-01	1.5590650E-02	8.8650573E-06
2458656.6563	-1.1535625E+02	-5.9552621E+01	5.8434683E-01	5.8093086E-03	8.8839080E-06
2458656.6645	-1.1602013E+02	-5.7076315E+01	7.1823218E-01	6.1140706E-03	8.8940230E-06
2458656.6876	-1.1622622E+02	-5.0057598E+01	7.2522180E-01	1.0038589E-02	8.8979311E-06
2458656.7090	-1.1419548E+02	-4.3628993E+01	6.4279497E-01	2.2070352E-03	8.8483801E-06
2458656.7134	-1.1355932E+02	-4.2317413E+01	6.6566634E-01	3.7071338E-03	8.8659770E-06
2458656.5949	-1.0087179E+02	-7.7116108E+01	6.3001658E-01	4.1115449E-03	8.4142528E-06
2458656.5949	-1.0087179E+02	-7.7116108E+01	6.2821999E-01	1.0649789E-03	8.4560381E-06
2458656.6028	-1.0361018E+02	-7.5026428E+01	6.3278531E-01	1.8011288E-03	8.5243677E-06
2458656.6028	-1.0361018E+02	-7.5026427E+01	6.3564317E-01	8.8630155E-04	8.5668605E-06
2458656.6183	-1.0830696E+02	-7.0716363E+01	6.6198779E-01	1.1628876E-03	8.7345422E-06
2458656.6272	-1.1053195E+02	-6.8169993E+01	6.7984990E-01	2.8659355E-03	8.7861441E-06
2458656.6272	-1.1053195E+02	-6.8169993E+01	6.6877918E-01	1.9843572E-03	8.8319540E-06
2458656.7134	-1.1355932E+02	-4.2317413E+01	6.5015830E-01	5.4635677E-03	8.8937931E-06
2458656.5949	-1.0087179E+02	-7.7116108E+01	6.3298285E-01	1.9395800E-03	8.5115638E-06
2458656.5949	-1.0087179E+02	-7.7116108E+01	6.4310471E-01	1.0409219E-03	8.5543153E-06
2458656.6028	-1.0361018E+02	-7.5026428E+01	6.3831345E-01	1.3134893E-03	8.6268341E-06
2458656.6028	-1.0361018E+02	-7.5026428E+01	6.2725279E-01	1.3522192E-03	8.6714942E-06
2458656.6183	-1.0830696E+02	-7.0716363E+01	6.6635373E-01	2.3314313E-03	8.7940081E-06
2458656.6183	-1.0830696E+02	-7.0716363E+01	6.5593490E-01	1.6926990E-03	8.8404597E-06
2458656.6272	-1.1053195E+02	-6.8169993E+01	6.8255024E-01	3.2770419E-03	8.8825287E-06
2458656.5949	-1.0087179E+02	-7.7116108E+01	6.3938646E-01	1.2686348E-03	8.6118434E-06
2458656.5949	-1.0087179E+02	-7.7116108E+01	6.4209785E-01	1.5896929E-03	8.6574712E-06
2458656.6028	-1.0361018E+02	-7.5026428E+01	6.2191124E-01	7.7534965E-04	8.7350064E-06
2458656.6028	-1.0361018E+02	-7.5026428E+01	6.1797642E-01	1.0999159E-02	8.7818390E-06
2458656.6183	-1.0830696E+02	-7.0716363E+01	6.5547039E-01	3.2186054E-03	8.8864367E-06
2458656.6183	-8.6696982E+01	-1.8554499E+01	6.8704213E-01	6.1731379E-03	8.1025287E-06
2458656.6272	-8.7582106E+01	-1.6526632E+01	6.8356436E-01	2.0572063E-03	8.1200219E-06
2458656.6563	-8.8545749E+01	-9.8075560E+00	6.6369439E-01	1.9917895E-03	8.1393094E-06
2458656.6645	-8.8280119E+01	-7.9150931E+00	7.1330420E-01	1.7344932E-03	8.1339867E-06
2458656.6800	-8.7133447E+01	-4.3582659E+00	7.0339063E-01	2.4800531E-03	8.1112166E-06
2458656.5949	-1.0087179E+02	-7.7116108E+01	6.3841368E-01	8.7145364E-04	8.7189945E-06
2458656.5949	-1.0087179E+02	-7.7116108E+01	6.6034322E-01	9.4488443E-03	8.7666666E-06
2458656.6028	-1.0361018E+02	-7.5026428E+01	6.1580783E-01	1.0310015E-03	8.8311505E-06
2458656.6183	-8.6696982E+01	-1.8554499E+01	7.0121880E-01	1.5029466E-03	8.1457514E-06
2458656.6272	-8.7582106E+01	-1.6526632E+01	6.9120927E-01	1.3153210E-03	8.1821755E-06
2458656.6563	-8.8545749E+01	-9.8075560E+00	6.8134504E-01	1.3835110E-03	8.2210675E-06
2458656.6645	-8.8280119E+01	-7.9150926E+00	7.1873345E-01	1.1682006E-03	8.2102638E-06
2458656.6800	-8.7133446E+01	-4.3582631E+00	7.0451328E-01	1.4976830E-03	8.1637969E-06
2458656.6876	-8.6268758E+01	-2.6399219E+00	7.1950552E-01	1.7169084E-03	8.1341492E-06
2458656.5949	-1.0087179E+02	-7.7116108E+01	6.2134313E-01	1.1117465E-03	8.8172220E-06
2458656.6028	-1.0361018E+02	-7.5026428E+01	6.1771420E-01	2.5910903E-03	8.8901149E-06
2458656.5949	-8.3088216E+01	-2.3748931E+01	6.0745968E-01	2.2366204E-03	8.1104368E-06
2458656.6028	-8.4499845E+01	-2.2036324E+01	6.7654307E-01	1.4494994E-03	8.1398962E-06
2458656.6183	-8.6696982E+01	-1.8554499E+01	7.0584693E-01	1.1894293E-03	8.2297984E-06
2458656.6272	-8.7582106E+01	-1.6526632E+01	6.9936759E-01	1.1425772E-03	8.2662067E-06
2458656.6563	-8.8545750E+01	-9.8075556E+00	6.9728708E-01	1.1456112E-03	8.3061666E-06
2458656.6645	-8.8280119E+01	-7.9150900E+00	7.2602150E-01	9.7925370E-04	8.2950738E-06
2458656.6800	-8.7133446E+01	-4.3582639E+00	7.1192705E-01	1.0661516E-03	8.2473066E-06
2458656.6876	-8.6268778E+01	-2.6399575E+00	7.3325202E-01	1.1437907E-03	8.2118689E-06
2458656.7056	-8.3444765E+01	1.3363800E+00	6.3343623E-01	3.8999354E-03	8.1178172E-06
2458656.5949	-1.0087179E+02	-7.7116108E+01	6.3586290E-01	2.6592942E-03	8.8818391E-06
2458656.5949	-1.0087179E+02	-7.7116108E+01	6.0527332E-01	8.3743932E-03	8.8988506E-06
2458656.5949	-8.3088224E+01	-2.3748922E+01	6.3924310E-01	1.5903491E-03	8.1640260E-06
2458656.6028	-8.4499845E+01	-2.2036324E+01	6.9863272E-01	1.0379563E-03	8.2240490E-06
2458656.6183	-8.6696982E+01	-1.8554499E+01	7.1645268E-01	9.7944152E-04	8.3174711E-06
2458656.6272	-8.7582106E+01	-1.6526632E+01	7.0604646E-01	8.7160267E-04	8.3548548E-06
2458656.6563	-8.8545749E+01	-9.8075560E+00	7.0845821E-01	8.9760680E-04	8.3898449E-06
2458656.6636	-8.8310678E+01	-8.1328093E+00	7.3007321E-01	7.6661972E-04	8.3904877E-06
2458656.6800	-8.7133446E+01	-4.3582631E+00	7.2034587E-01	9.8457151E-04	8.3360074E-06
2458656.6876	-8.6268866E+01	-2.6401103E+00	7.4520038E-01	8.9861316E-04	8.2992249E-06
2458656.7064	-8.3286548E+01	1.5066797E+00	6.4192447E-01	1.9500888E-03	8.1766208E-06
2458656.7134	-8.1877369E+01	3.0235003E+00	6.8956577E-01	2.6961484E-03	8.1221627E-06
2458656.5949	-8.3088217E+01	-2.3748930E+01	6.4308896E-01	1.7116739E-03	8.2188489E-06
2458656.5969	-8.3433777E+01	-2.3329692E+01	6.7767002E-01	1.1222087E-03	8.2676268E-06
2458656.6028	-8.4499846E+01	-2.2036324E+01	7.1529961E-01	1.0257687E-03	8.3243677E-06
2458656.6183	-8.6696982E+01	-1.8554499E+01	7.2065982E-01	9.3963299E-04	8.3989797E-06
2458656.6252	-8.7383944E+01	-1.6980632E+01	7.0756058E-01	1.1355158E-03	8.4381780E-06
2458656.6272	-8.7582106E+01	-1.6526632E+01	7.3044738E-01	3.0900791E-03	8.4836780E-06
2458656.6604	-8.8412934E+01	-8.8613228E+00	7.3954499E-01	8.8611403E-04	8.4841378E-06
2458656.6800	-8.7133446E+01	-4.3582638E+00	7.2322327E-01	8.7365879E-04	8.4282852E-06
2458656.6876	-8.6268787E+01	-2.6399724E+00	7.4397836E-01	7.7883985E-04	8.3907658E-06
2458656.7095	-8.2665117E+01	2.1755791E+00	6.8704396E-01	1.1012474E-03	8.2338711E-06
2458656.5949	-8.3088222E+01	-2.3748924E+01	6.9278941E-01	8.3304038E-04	8.3452392E-06
2458656.6028	-8.4499845E+01	-2.2036324E+01	7.2445219E-01	7.4591310E-04	8.4077759E-06
2458656.6183	-8.6696982E+01	-1.8554499E+01	7.4293448E-01	1.3529055E-03	8.5061466E-06
2458656.6272	-8.7582106E+01	-1.6526632E+01	7.2018634E-01	1.0872785E-03	8.5461259E-06
2458656.6589	-8.8462431E+01	-9.2139578E+00	7.3776282E-01	9.6931263E-04	8.5762027E-06
2458656.6645	-8.8280119E+01	-7.9150900E+00	7.5604170E-01	1.7767711E-03	8.5997700E-06
2458656.6800	-8.7133446E+01	-4.3582638E+00	7.4438254E-01	1.1755664E-03	8.5259122E-06
2458656.6876	-8.6268866E+01	-2.6401103E+00	7.6161732E-01	1.1731365E-03	8.4873541E-06
2458656.7094	-8.2670577E+01	2.1697025E+00	7.0290552E-01	9.3193720E-04	8.3264531E-06
2458656.5949	-8.3088224E+01	-2.3748922E+01	7.0816137E-01	1.1154074E-03	8.4429731E-06
2458656.6028	-8.4499846E+01	-2.2036324E+01	7.5214099E-01	1.1508063E-03	8.5076346E-06
2458656.6183	-8.6696982E+01	-1.8554499E+01	7.4637022E-01	1.1873414E-03	8.6075054E-06
2458656.6272	-8.7582106E+01	-1.6526632E+01	7.2865941E-01	1.3966347E-03	8.6485279E-06
2458656.6563	-8.8545750E+01	-9.8075559E+00	7.4033019E-01	1.4908133E-03	8.6928550E-06
2458656.6645	-8.8280119E+01	-7.9150920E+00	7.7261865E-01	1.2925615E-03	8.6808492E-06
2458656.6800	-8.7133446E+01	-4.3582631E+00	7.4628452E-01	1.3448606E-03	8.6278872E-06
2458656.6876	-8.6268795E+01	-2.6399858E+00	7.6337460E-01	1.0447342E-03	8.5883878E-06
2458656.7094	-8.2668388E+01	2.1720576E+00	7.1757495E-01	9.4792946E-04	8.4234153E-06
2458656.5949	-8.3088222E+01	-2.3748924E+01	7.2313447E-01	1.2646576E-03	8.5332205E-06
2458656.6013	-8.4229326E+01	-2.2364523E+01	7.3642781E-01	1.0124175E-03	8.6063755E-06
2458656.6183	-8.6696982E+01	-1.8554499E+01	7.5645592E-01	1.3753683E-03	8.7149515E-06
2458656.6272	-8.7582106E+01	-1.6526632E+01	7.3991195E-01	1.5364539E-03	8.7561885E-06
2458656.6563	-8.8545750E+01	-9.8075556E+00	7.3435463E-01	2.3360539E-03	8.8024299E-06
2458656.6645	-8.8280119E+01	-7.9150900E+00	7.8187213E-01	1.8899785E-03	8.7901130E-06
2458656.6800	-8.7133446E+01	-4.3582637E+00	7.6606141E-01	1.5173105E-03	8.7354984E-06
2458656.6876	-8.6268797E+01	-2.6399905E+00	7.7593421E-01	1.2851517E-03	8.6958157E-06
2458656.7095	-8.2662813E+01	2.1780602E+00	7.2388237E-01	1.2070289E-03	8.5252310E-06
2458656.5955	-8.3180877E+01	-2.3636514E+01	7.0797625E-01	1.1976837E-03	8.6552943E-06
2458656.6028	-8.4499845E+01	-2.2036324E+01	7.4522502E-01	1.2438527E-03	8.7260145E-06
2458656.6183	-8.6696982E+01	-1.8554499E+01	7.5846565E-01	2.1902019E-03	8.8288257E-06
2458656.6272	-8.7582106E+01	-1.6526632E+01	7.1627907E-01	2.9826266E-03	8.8564566E-06
2458656.6563	-8.8545750E+01	-9.8075556E+00	7.1977678E-01	5.9875860E-03	8.8795932E-06
2458656.6645	-8.8280119E+01	-7.9150900E+00	7.7252269E-01	4.0940792E-03	8.8733216E-06
2458656.6800	-8.7133446E+01	-4.3582631E+00	7.7154914E-01	2.4938828E-03	8.8460276E-06
2458656.6876	-8.6268866E+01	-2.6401103E+00	7.6929453E-01	2.1021655E-03	8.8081802E-06
2458656.7094	-8.2669338E+01	2.1710359E+00	7.3152072E-01	1.1061945E-03	8.6334761E-06
2458656.5949	-8.3088224E+01	-2.3748922E+01	6.9499591E-01	1.6649877E-03	8.7692836E-06
2458656.6028	-8.4499846E+01	-2.2036324E+01	7.4975846E-01	1.9351267E-03	8.8395206E-06
2458656.6183	-8.6696982E+01	-1.8554499E+01	7.5252321E-01	1.0058446E-02	8.8937931E-06
2458656.6876	-8.6268866E+01	-2.6401103E+00	7.5533937E-01	6.1812568E-03	8.8833318E-06
2458656.7095	-8.2665736E+01	2.1749130E+00	7.3285787E-01	1.3787965E-03	8.7478489E-06
2458656.5949	-8.3088224E+01	-2.3748922E+01	6.9432028E-01	3.2769653E-03	8.8643019E-06
2458656.6028	-8.4499846E+01	-2.2036324E+01	8.0295836E-01	2.7401936E-02	8.9000000E-06
2458656.7110	-8.2349253E+01	2.5155713E+00	7.4373945E-01	2.4007405E-03	8.8418475E-06
2458656.7111	-6.5099384E+01	-7.5253370E+01	6.6524408E-01	4.5818123E-03	8.1046500E-06
2458656.7134	-6.5239149E+01	-7.4869888E+01	6.8160293E-01	7.5155174E-03	8.1206895E-06
2458656.7134	-8.1877379E+01	3.0234909E+00	7.3371539E-01	1.3740675E-02	8.8954650E-06
2458656.6878	-6.3069562E+01	-7.9162816E+01	7.2190154E-01	2.4399156E-03	8.1105767E-06
2458656.7058	-6.4768999E+01	-7.6159868E+01	6.5285656E-01	3.9805763E-03	8.1375197E-06
2458656.7106	-6.5066891E+01	-7.5342527E+01	6.7027026E-01	1.8689798E-03	8.1773728E-06
2458656.7134	-6.5239150E+01	-7.4869886E+01	7.0317170E-01	2.0019389E-03	8.2236134E-06
2458656.6804	-6.2135319E+01	-8.0367426E+01	7.1859974E-01	1.5839150E-03	8.1389132E-06
2458656.6878	-6.3064631E+01	-7.9169174E+01	7.2920907E-01	1.2615961E-03	8.1700553E-06
2458656.6878	-6.3069562E+01	-7.9162816E+01	7.3054223E-01	1.9082446E-03	8.2251423E-06
2458656.7058	-6.4768992E+01	-7.6159884E+01	6.6238365E-01	2.6682797E-03	8.2414121E-06
2458656.7096	-6.5007423E+01	-7.5505695E+01	6.9935262E-01	1.3539816E-03	8.2868198E-06
2458656.7134	-6.5239149E+01	-7.4869888E+01	7.1590020E-01	1.8350672E-03	8.3331033E-06
2458656.6645	-5.9674416E+01	-8.2900590E+01	7.1494454E-01	2.6041598E-03	8.1065166E-06
2458656.6645	-5.9674417E+01	-8.2900590E+01	7.1398174E-01	2.5264800E-03	8.1351723E-06
2458656.6801	-6.2097741E+01	-8.0415879E+01	7.3265162E-01	1.0138936E-03	8.2257142E-06
2458656.6857	-6.2800590E+01	-7.9509629E+01	7.3400331E-01	9.0425625E-04	8.2765085E-06
2458656.6878	-6.3069564E+01	-7.9162814E+01	7.3742682E-01	1.2272263E-03	8.3337930E-06
2458656.7058	-6.4769028E+01	-7.6159799E+01	6.9092945E-01	3.3485613E-03	8.3511081E-06
2458656.7087	-6.4948543E+01	-7.5667243E+01	7.0819861E-01	1.0249751E-03	8.4033299E-06
2458656.7134	-6.5239149E+01	-7.4869888E+01	7.0785108E-01	1.8074586E-03	8.4491167E-06
2458656.6028	-5.8856252E+01	1.6408747E+01	7.3230389E-01	2.5817311E-03	8.1045796E-06
2458656.6183	-5.9061643E+01	1.8806936E+01	7.2621638E-01	2.5852925E-03	8.1103126E-06
2458656.6272	-5.8924165E+01	2.0179774E+01	7.6066052E-01	2.9468827E-03	8.1065166E-06
2458656.6563	-5.8170824E+01	-8.4161850E+01	6.3964716E-01	2.2713530E-03	8.1327076E-06
2458656.6616	-5.9141228E+01	-8.3347845E+01	6.8686885E-01	1.4639702E-03	8.1779162E-06
2458656.6645	-5.9674417E+01	-8.2900590E+01	7.2080286E-01	9.9617439E-04	8.2398812E-06
2458656.6801	-6.2097788E+01	-8.0415824E+01	7.3353350E-01	1.0316893E-03	8.3344826E-06
2458656.6838	-6.2558271E+01	-7.9822073E+01	7.4631866E-01	6.9114149E-04	8.3916890E-06
2458656.6878	-6.3069564E+01	-7.9162814E+01	7.5151077E-01	1.1452145E-03	8.4493532E-06
2458656.7058	-6.4769028E+01	-7.6159799E+01	6.9873934E-01	5.2111955E-03	8.4684325E-06
2458656.7078	-6.4893252E+01	-7.5818951E+01	7.2403579E-01	1.5178915E-03	8.5276432E-06
2458656.7134	-6.5239149E+01	-7.4869887E+01	7.3035622E-01	1.1136450E-03	8.5731465E-06
2458656.5949	-5.8539572E+01	1.5209109E+01	7.3805634E-01	1.5652157E-03	8.1887355E-06
2458656.6000	-5.8744623E+01	1.5985875E+01	7.4543121E-01	8.2582636E-04	8.1566867E-06
2458656.6183	-5.9061643E+01	1.8806936E+01	7.4163804E-01	1.2176247E-03	8.1820579E-06
2458656.6272	-5.8924165E+01	2.0179777E+01	7.6245316E-01	1.2604509E-03	8.1738572E-06
2458656.6563	-5.7185424E+01	2.4609228E+01	7.0084541E-01	2.6664628E-03	8.1141681E-06
2458656.6563	-5.8170824E+01	-8.4161850E+01	6.4206586E-01	1.6647414E-03	8.2211324E-06
2458656.6572	-5.8342120E+01	-8.4018162E+01	6.5480744E-01	1.5536506E-03	8.2855520E-06
2458656.6645	-5.9674417E+01	-8.2900590E+01	7.2114091E-01	7.3021743E-04	8.3367754E-06
2458656.6645	-5.9674417E+01	-8.2900590E+01	7.4089291E-01	1.4654566E-03	8.3986206E-06
2458656.6801	-6.2097788E+01	-8.0415824E+01	7.6153731E-01	1.6456505E-03	8.4495262E-06
2458656.6819	-6.2328285E+01	-8.0118617E+01	7.7499820E-01	9.3010068E-04	8.5150151E-06
2458656.6878	-6.3069564E+01	-7.9162814E+01	7.8373214E-01	1.0299645E-03	8.5728273E-06
2458656.7058	-6.4769028E+01	-7.6159799E+01	6.7849815E-01	2.5235689E-02	8.5924137E-06
2458656.7071	-6.4850325E+01	-7.5936732E+01	7.3225085E-01	1.6803499E-03	8.6506212E-06
2458656.7123	-6.5169787E+01	-7.5060202E+01	7.5456070E-01	1.6211296E-03	8.7088052E-06
2458656.5949	-5.8539572E+01	1.5209109E+01	7.5201698E-01	8.0296055E-04	8.2769573E-06
2458656.6028	-5.8856252E+01	1.6408747E+01	7.7863900E-01	8.4134713E-04	8.2959598E-06
2458656.6201	-5.9034535E+01	1.9077637E+01	7.7071424E-01	8.8641509E-04	8.3167588E-06
2458656.6272	-5.8924165E+01	2.0179777E+01	7.7491432E-01	1.2963449E-03	8.2841378E-06
2458656.6563	-5.7185425E+01	2.4609228E+01	7.3182444E-01	1.1139760E-03	8.1923599E-06
2458656.6645	-5.6345717E+01	2.5824274E+01	7.7556679E-01	1.3571901E-03	8.1511312E-06
2458656.6563	-5.8170824E+01	-8.4161850E+01	6.5289941E-01	2.8731397E-03	8.3314941E-06
2458656.6563	-5.8170824E+01	-8.4161850E+01	6.5723108E-01	1.1302446E-03	8.3929642E-06
2458656.6630	-5.9395974E+01	-8.3134157E+01	7.3361212E-01	1.1224898E-03	8.4487781E-06
2458656.6645	-5.9674417E+01	-8.2900590E+01	7.7480248E-01	1.4442223E-03	8.5199999E-06
2458656.6801	-6.2097788E+01	-8.0415824E+01	7.7232642E-01	3.0024657E-03	8.5726436E-06
2458656.6802	-6.2113152E+01	-8.0396014E+01	7.8171067E-01	1.0407591E-03	8.6359792E-06
2458656.6866	-6.2917595E+01	-7.9358760E+01	7.8434423E-01	9.3895933E-04	8.6918909E-06
2458656.6878	-6.3069564E+01	-7.9162814E+01	7.8827254E-01	2.8569611E-03	8.7639080E-06
2458656.7063	-6.4800617E+01	-7.6073126E+01	7.6171728E-01	3.5541069E-03	8.7885684E-06
2458656.7115	-6.5121619E+01	-7.5192366E+01	7.7758768E-01	2.5888869E-03	8.8442753E-06
2458656.5972	-5.8631439E+01	1.5557117E+01	7.8870604E-01	6.9005703E-04	8.4286621E-06
2458656.6050	-5.8885452E+01	1.6749694E+01	7.8996112E-01	8.1764626E-04	8.4164021E-06
2458656.6232	-5.8985433E+01	1.9567968E+01	7.8941280E-01	6.8958014E-04	8.4334686E-06
2458656.6563	-5.7185424E+01	2.4609228E+01	7.5867030E-01	1.6898662E-03	8.3766434E-06
2458656.6604	-5.6765570E+01	2.5216752E+01	7.6868257E-01	8.4374495E-04	8.2964992E-06
2458656.6645	-5.6345720E+01	2.5824270E+01	7.9085972E-01	1.9286311E-03	8.2177335E-06
2458656.6800	-5.4345596E+01	2.8068696E+01	7.6824877E-01	1.4500764E-03	8.1527719E-06
2458656.6876	-5.3176643E+01	2.9134333E+01	7.6480681E-01	2.2171442E-03	8.1142112E-06
2458656.6272	-5.1607783E+01	-8.8349770E+01	6.7975111E-01	1.8394548E-03	8.1292667E-06
2458656.6563	-5.8170824E+01	-8.4161850E+01	6.8229207E-01	2.2237196E-03	8.5000574E-06
2458656.6591	-5.8688340E+01	-8.3727742E+01	7.2196409E-01	9.1358585E-04	8.5738896E-06
2458656.6645	-5.9674417E+01	-8.2900590E+01	7.8404653E-01	1.0888049E-03	8.6450574E-06
2458656.6645	-5.9674416E+01	-8.2900591E+01	7.5579533E-01	2.3881681E-03	8.7048784E-06
2458656.6801	-6.2097788E+01	-8.0415824E+01	7.7932397E-01	1.5102926E-03	8.7645976E-06
2458656.6848	-6.2695586E+01	-7.9645022E+01	7.8172019E-01	1.6283791E-03	8.8339914E-06
2458656.6878	-6.3069564E+01	-7.9162814E+01	8.1907770E-01	6.1964459E-03	8.8882758E-06
2458656.7058	-6.4769028E+01	-7.6159799E+01	7.8766823E-01	2.1588750E-02	8.8954023E-06
2458656.5989	-5.8698638E+01	1.5811675E+01	8.0235041E-01	6.5641365E-04	8.5674097E-06
2458656.6183	-5.9061643E+01	1.8806936E+01	7.9154637E-01	1.0566174E-03	8.5914046E-06
2458656.6272	-5.8924165E+01	2.0179777E+01	8.0303186E-01	1.1710617E-03	8.5824292E-06
2458656.6563	-5.7185425E+01	2.4609228E+01	7.6825397E-01	1.2706864E-03	8.4658638E-06
2458656.6645	-5.6345717E+01	2.5824274E+01	7.9239121E-01	8.6054611E-04	8.4095332E-06
2458656.6800	-5.4345595E+01	2.8068696E+01	7.8096054E-01	1.1731700E-03	8.3007591E-06
2458656.6856	-5.3490962E+01	2.8847806E+01	7.8463976E-01	8.1995727E-04	8.2082200E-06
2458656.6876	-5.3176964E+01	2.9134061E+01	7.9125265E-01	9.9094125E-03	8.1312642E-06
2458656.6183	-4.9245317E+01	-8.9523299E+01	6.4138735E-01	1.9257003E-03	8.1171321E-06
2458656.6272	-5.1607782E+01	-8.8349771E+01	6.9052087E-01	3.3026576E-03	8.1652872E-06
2458656.6272	-5.1607783E+01	-8.8349770E+01	6.9272320E-01	1.0289122E-03	8.2131344E-06
2458656.6272	-5.1607782E+01	-8.8349771E+01	6.9910495E-01	1.3782991E-03	8.2786205E-06
2458656.6563	-5.8170824E+01	-8.4161850E+01	6.8434781E-01	3.5306566E-03	8.6282758E-06
2458656.6563	-5.8170824E+01	-8.4161850E+01	6.7410233E-01	2.0535640E-03	8.7061877E-06
2458656.6641	-5.9596230E+01	-8.2966176E+01	7.7139041E-01	1.3891472E-03	8.7640036E-06
2458656.6645	-5.9674417E+01	-8.2900590E+01	7.6759292E-01	2.8980479E-03	8.8468965E-06
2458656.6801	-6.2097788E+01	-8.0415824E+01	7.8852263E-01	5.1418659E-03	8.8878161E-06
2458656.5949	-5.8539572E+01	1.5209109E+01	7.9279616E-01	1.2599178E-03	8.7514942E-06
2458656.6002	-5.8754312E+01	1.6022578E+01	7.9882309E-01	6.7783212E-04	8.7142295E-06
2458656.6205	-5.9028148E+01	1.9141421E+01	7.9497493E-01	9.6937812E-04	8.7606304E-06
2458656.6272	-5.8924165E+01	2.0179777E+01	7.9720590E-01	1.3594426E-03	8.7130551E-06
2458656.6594	-5.6873187E+01	2.5061032E+01	7.8641371E-01	8.6061069E-04	8.6088357E-06
2458656.6645	-5.6345716E+01	2.5824275E+01	8.0599561E-01	1.9686972E-03	8.5135716E-06
2458656.6810	-5.4199517E+01	2.8201866E+01	7.8869225E-01	7.9004271E-04	8.4190354E-06
2458656.6876	-5.3176889E+01	2.9134124E+01	7.9306218E-01	8.1148913E-04	8.3298118E-06
2458656.7058	-4.9892429E+01	3.1578309E+01	6.3662908E-01	3.7362090E-03	8.1401732E-06
2458656.6183	-4.9245317E+01	-8.9523299E+01	6.5632891E-01	1.1369059E-02	8.1363216E-06
2458656.6183	-4.9245317E+01	-8.9523299E+01	6.5741027E-01	1.3598666E-03	8.1781608E-06
2458656.6183	-4.9245317E+01	-8.9523299E+01	6.6432442E-01	1.0492338E-03	8.2508087E-06
2458656.6272	-5.1607782E+01	-8.8349771E+01	7.0610513E-01	1.6332762E-03	8.3222823E-06
2458656.6272	-5.1607783E+01	-8.8349770E+01	7.1685478E-01	7.9536742E-04	8.3874516E-06
2458656.6272	-5.1607782E+01	-8.8349771E+01	7.2575296E-01	2.2465233E-03	8.4457470E-06
2458656.6563	-5.8170824E+01	-8.4161850E+01	6.6407066E-01	2.9535632E-03	8.8254440E-06
2458656.6611	-5.9041325E+01	-8.3431647E+01	7.4831096E-01	5.1584683E-03	8.8894979E-06
2458656.5949	-5.8539572E+01	1.5209109E+01	7.9221613E-01	1.4766057E-03	8.8473755E-06
2458656.6028	-5.8856252E+01	1.6408747E+01	7.9776287E-01	1.7847055E-03	8.8588955E-06
2458656.6231	-5.8988149E+01	1.9540845E+01	7.9591064E-01	1.7669495E-03	8.8636651E-06
2458656.6563	-5.7185425E+01	2.4609228E+01	7.7383504E-01	1.4196841E-03	8.7935611E-06
2458656.6638	-5.6421867E+01	2.5714086E+01	8.0687096E-01	9.2968657E-04	8.7225630E-06
2458656.6800	-5.4345596E+01	2.8068696E+01	7.9500311E-01	1.1751696E-03	8.6025977E-06
2458656.6859	-5.3443222E+01	2.8891328E+01	8.0189092E-01	8.7365051E-04	8.5007652E-06
2458656.7058	-4.9892410E+01	3.1578321E+01	6.8157563E-01	2.0586981E-03	8.2574550E-06
2458656.7133	-4.8345323E+01	3.2536891E+01	7.5333677E-01	1.7635564E-03	8.1569143E-06
2458656.6183	-4.9245317E+01	-8.9523299E+01	6.6558814E-01	2.0268295E-03	8.2931033E-06
2458656.6183	-4.9245317E+01	-8.9523299E+01	6.7544652E-01	7.9347553E-04	8.3470767E-06
2458656.6183	-4.9245317E+01	-8.9523299E+01	6.8496082E-01	1.2048340E-03	8.4181608E-06
2458656.6272	-5.1607782E+01	-8.8349771E+01	7.3622199E-01	1.7088063E-03	8.4937580E-06
2458656.6272	-5.1607782E+01	-8.8349770E+01	7.3884436E-01	1.1866987E-03	8.5787717E-06
2458656.6563	-5.7185425E+01	2.4609228E+01	7.7241882E-01	5.0772253E-03	8.8863923E-06
2458656.6645	-5.6345716E+01	2.5824275E+01	8.1813574E-01	2.0105953E-03	8.8550732E-06
2458656.6819	-5.4061907E+01	2.8327313E+01	8.0751895E-01	9.0152797E-04	8.7433544E-06
2458656.6876	-5.3176964E+01	2.9134061E+01	8.1047583E-01	1.1165520E-03	8.6337373E-06
2458656.7058	-4.9892388E+01	3.1578336E+01	7.1305085E-01	3.5989221E-03	8.4611493E-06
2458656.7093	-4.9159249E+01	3.2032586E+01	7.4295989E-01	1.2441253E-03	8.3573250E-06
2458656.7134	-4.8320166E+01	3.2552479E+01	7.7803755E-01	1.5444786E-03	8.2531262E-06
2458656.6028	-4.4753929E+01	-9.1435175E+01	6.2259648E-01	1.6022806E-03	8.1170678E-06
2458656.6028	-4.4753929E+01	-9.1435175E+01	6.2699812E-01	1.1568610E-03	8.1734923E-06
2458656.6028	-4.4753929E+01	-9.1435175E+01	6.4832138E-01	9.1919096E-04	8.2356959E-06
2458656.6183	-4.9245317E+01	-8.9523299E+01	6.9691981E-01	1.8127910E-03	8.4646368E-06
2458656.6183	-4.9245317E+01	-8.9523299E+01	6.9888220E-01	9.6962458E-04	8.5327402E-06
2458656.6187	-4.9344789E+01	-8.9473887E+01	7.0652917E-01	1.8872866E-03	8.6032207E-06
2458656.6272	-5.1607782E+01	-8.8349770E+01	7.3266494E-01	1.2402376E-03	8.6835933E-06
2458656.6272	-5.1607782E+01	-8.8349771E+01	7.2906452E-01	2.1030354E-03	8.7754050E-06
2458656.6800	-5.4345595E+01	2.8068696E+01	8.2865066E-01	6.1849989E-03	8.8926437E-06
2458656.6859	-5.3442185E+01	2.8892276E+01	8.1562605E-01	1.2210877E-03	8.8335409E-06
2458656.7060	-4.9856583E+01	3.1600520E+01	7.2330049E-01	1.8766882E-03	8.5847109E-06
2458656.7134	-4.8320169E+01	3.2552476E+01	7.9742911E-01	1.0118188E-03	8.4588308E-06
2458656.5949	-4.2332222E+01	-9.2325217E+01	6.4293563E-01	1.5616678E-03	8.1339676E-06
2458656.5949	-4.2332222E+01	-9.2325217E+01	6.3801019E-01	1.1169285E-03	8.1994533E-06
2458656.6028	-4.4753929E+01	-9.1435175E+01	6.4423807E-01	1.1696506E-03	8.2770114E-06
2458656.6028	-4.4753929E+01	-9.1435175E+01	6.5433349E-01	7.4066921E-04	8.3377408E-06
2458656.6028	-4.4753929E+01	-9.1435175E+01	6.6131281E-01	7.0858023E-04	8.4079155E-06
2458656.6183	-4.9245317E+01	-8.9523299E+01	7.0492376E-01	1.5217430E-03	8.6531034E-06
2458656.6183	-4.9245317E+01	-8.9523299E+01	7.0093331E-01	1.2352088E-03	8.7370898E-06
2458656.6235	-5.0615907E+01	-8.8842473E+01	7.1646241E-01	2.7086009E-03	8.8203895E-06
2458656.6272	-5.1607782E+01	-8.8349771E+01	7.3452273E-01	4.4846794E-03	8.8749446E-06
2458656.7058	-4.9892388E+01	3.1578336E+01	7.1288022E-01	2.6400455E-03	8.7898850E-06
2458656.7123	-4.8549868E+01	3.2410156E+01	7.8478507E-01	1.0587470E-03	8.6505186E-06
2458656.5949	-4.2332222E+01	-9.2325217E+01	6.5445481E-01	2.4491475E-03	8.2388504E-06
2458656.5949	-4.2332222E+01	-9.2325217E+01	6.5464172E-01	8.5608474E-04	8.2888811E-06
2458656.5949	-4.2332222E+01	-9.2325217E+01	6.6018570E-01	6.3028993E-04	8.3727473E-06
2458656.6028	-4.4753929E+01	-9.1435175E+01	6.6888151E-01	1.4424078E-03	8.4534603E-06
2458656.6028	-4.4753929E+01	-9.1435175E+01	6.7388874E-01	7.9397098E-04	8.5192952E-06
2458656.6028	-4.4753929E+01	-9.1435175E+01	6.6802461E-01	1.2017329E-03	8.5983907E-06
2458656.6183	-4.9245317E+01	-8.9523299E+01	7.0573936E-01	2.5832154E-03	8.8589936E-06
2458656.7112	-4.8772664E+01	3.2272113E+01	7.5772912E-01	2.9076556E-03	8.8724698E-06
2458656.7134	-4.8320172E+01	3.2552475E+01	7.8184251E-01	2.0506996E-03	8.7859770E-06
2458656.5949	-4.2332222E+01	-9.2325217E+01	6.5992978E-01	5.4874884E-03	8.4156321E-06
2458656.5949	-4.2332222E+01	-9.2325217E+01	6.6741575E-01	9.6567986E-04	8.4625002E-06
2458656.5949	-4.2332222E+01	-9.2325217E+01	6.7811411E-01	7.9884535E-04	8.5561522E-06
2458656.6004	-4.4029680E+01	-9.1701356E+01	6.8485958E-01	1.5183368E-03	8.6371145E-06
2458656.6028	-4.4753929E+01	-9.1435175E+01	6.6283345E-01	1.0038992E-03	8.7174011E-06
2458656.6028	-4.4753929E+01	-9.1435175E+01	6.6484132E-01	1.5880459E-03	8.8084420E-06
2458656.5949	-4.2332222E+01	-9.2325217E+01	6.7653595E-01	1.0301752E-03	8.6618223E-06
2458656.5949	-4.2332222E+01	-9.2325217E+01	6.6687016E-01	1.2941885E-03	8.7569147E-06
2458656.5986	-4.3478497E+01	-9.1903930E+01	6.6453021E-01	2.0899032E-03	8.8448490E-06
2458656.6028	-4.4753929E+01	-9.1435175E+01	6.4907270E-01	4.6949728E-03	8.8903448E-06
2458656.5949	-4.2332222E+01	-9.2325217E+01	6.9429277E-01	3.1545563E-03	8.8735534E-06
2458656.6878	-3.3097895E+01	-3.1759041E+01	8.1303250E-01	3.6070114E-03	8.1137130E-06
2458656.7097	-3.3535134E+01	-2.9849303E+01	7.1551986E-01	2.6120798E-03	8.1366907E-06
2458656.7095	-3.1462031E+01	-4.5663741E+01	7.2763876E-01	2.8396350E-03	8.1220889E-06
2458656.7134	-3.1681942E+01	-4.5340904E+01	7.7346872E-01	3.1980285E-03	8.1689653E-06
2458656.6614	-3.1717415E+01	-3.3995413E+01	7.9725282E-01	1.3638516E-03	8.1402864E-06
2458656.6806	-3.2786237E+01	-3.2378428E+01	8.0093163E-01	8.7134665E-04	8.1844316E-06
2458656.6928	-3.3191836E+01	-3.1324934E+01	7.8135866E-01	8.8668943E-04	8.2591895E-06
2458656.7105	-3.3539967E+01	-2.9779163E+01	7.7060111E-01	9.7030983E-04	8.3065352E-06
2458656.6837	-2.9614374E+01	-4.7722085E+01	8.3455465E-01	2.0236363E-03	8.1249934E-06
2458656.6942	-3.0427439E+01	-4.6895073E+01	7.9293625E-01	1.8701665E-03	8.1830137E-06
2458656.7087	-3.1422009E+01	-4.5722496E+01	7.7066106E-01	1.1048922E-03	8.2655267E-06
2458656.7120	-3.1605683E+01	-4.5452856E+01	7.9743359E-01	1.1525452E-03	8.3729306E-06
2458656.6563	-3.1360325E+01	-3.4416784E+01	7.9316926E-01	1.6314482E-03	8.2120816E-06
2458656.6613	-3.1706833E+01	-3.4007900E+01	8.2009696E-01	5.8522353E-04	8.3275528E-06
2458656.6802	-3.2763370E+01	-3.2412544E+01	8.3465424E-01	5.8152721E-04	8.4206342E-06
2458656.6958	-3.3252919E+01	-3.1062242E+01	8.2515541E-01	8.2957328E-04	8.4981810E-06
2458656.7106	-3.3540275E+01	-2.9774693E+01	8.1277308E-01	1.1243754E-03	8.5683520E-06
2458656.6645	-2.7740014E+01	-4.9161225E+01	8.1999256E-01	3.3739589E-03	8.1141521E-06
2458656.6693	-2.8220358E+01	-4.8804079E+01	8.5144093E-01	1.3856185E-03	8.1713687E-06
2458656.6825	-2.9507820E+01	-4.7817015E+01	8.7233491E-01	8.8288115E-04	8.2697456E-06
2458656.6857	-2.9786703E+01	-4.7568558E+01	8.8763529E-01	8.0373720E-04	8.3868746E-06
2458656.7051	-3.1187651E+01	-4.6014654E+01	8.0821075E-01	1.4551356E-03	8.4661339E-06
2458656.7104	-3.1513073E+01	-4.5588811E+01	8.0901217E-01	1.0610897E-03	8.5911621E-06
2458656.6586	-2.9348951E+01	-4.0740495E+01	7.7600295E-01	1.7612466E-03	8.3695810E-06
2458656.6254	-2.8450224E+01	-3.6839462E+01	7.3928586E-01	1.1934521E-03	8.1894319E-06
2458656.6272	-2.8657941E+01	-3.6706410E+01	7.5968981E-01	2.5065273E-03	8.3089752E-06
2458656.6563	-3.1360325E+01	-3.4416784E+01	8.2907275E-01	1.6639272E-03	8.4508045E-06
2458656.6608	-3.1675163E+01	-3.4045271E+01	8.5589408E-01	7.2660759E-04	8.5830974E-06
2458656.6798	-3.2742084E+01	-3.2443793E+01	8.5442161E-01	6.5178844E-04	8.6915951E-06
2458656.6983	-3.3304008E+01	-3.0844153E+01	8.1371138E-01	1.0060984E-03	8.7741873E-06
2458656.7113	-3.3544555E+01	-2.9712595E+01	7.9830903E-01	1.9325078E-03	8.8368146E-06
2458656.6563	-2.6810499E+01	-4.9745066E+01	7.6804626E-01	2.8716873E-03	8.1349010E-06
2458656.6588	-2.7089948E+01	-4.9569540E+01	8.0955340E-01	1.0196104E-03	8.2451055E-06
2458656.6626	-2.7523801E+01	-4.9297032E+01	8.6669205E-01	7.4200448E-04	8.3551666E-06
2458656.6745	-2.8744585E+01	-4.8414304E+01	9.1337263E-01	1.1685818E-03	8.4682924E-06
2458656.6836	-2.9610562E+01	-4.7725483E+01	9.1638151E-01	7.5524384E-04	8.5999520E-06
2458656.6935	-3.0379140E+01	-4.6945395E+01	8.7718564E-01	1.0993547E-03	8.7238717E-06
2458656.6685	-2.9226758E+01	-4.2868288E+01	8.0099040E-01	1.1322249E-03	8.5600989E-06
2458656.6183	-2.7635338E+01	-3.7361435E+01	7.5336967E-01	1.2275497E-03	8.2752452E-06
2458656.6234	-2.8221876E+01	-3.6985730E+01	7.8309023E-01	8.0494565E-04	8.4197013E-06
2458656.6272	-2.8657940E+01	-3.6706410E+01	8.0413600E-01	1.4232638E-03	8.5679926E-06
2458656.6563	-3.1360325E+01	-3.4416784E+01	8.5298036E-01	1.8036025E-03	8.7231767E-06
2458656.6606	-3.1663072E+01	-3.4059538E+01	8.7547759E-01	1.1419393E-03	8.8303421E-06
2458656.6800	-3.2787851E+01	-3.2426959E+01	8.6625547E-01	3.7773184E-03	8.8821609E-06
2458656.6272	-2.2949844E+01	-5.1643360E+01	7.7376357E-01	3.9327775E-03	8.1050017E-06
2458656.6563	-2.6810499E+01	-4.9745066E+01	8.1975306E-01	1.2040132E-03	8.4269501E-06
2458656.6596	-2.7178852E+01	-4.9513699E+01	8.6375726E-01	9.9936738E-04	8.5674513E-06
2458656.6634	-2.7613524E+01	-4.9240676E+01	9.1688029E-01	9.8231589E-04	8.7077499E-06
2458656.6721	-2.8846100E+01	-4.7106132E+01	9.1158680E-01	1.1162419E-03	8.7475162E-06
2458656.6025	-2.5107372E+01	-3.9415202E+01	7.3594035E-01	1.0483924E-03	8.2562930E-06
2458656.6012	-2.5432253E+01	-3.8544080E+01	7.5977411E-01	7.8297340E-04	8.3510980E-06
2458656.6098	-2.6545684E+01	-3.7954276E+01	8.0773101E-01	1.4285658E-03	8.5078328E-06
2458656.6214	-2.7997299E+01	-3.7129582E+01	7.9701154E-01	8.7018613E-04	8.6957940E-06
2458656.6272	-2.8657941E+01	-3.6706410E+01	8.0347749E-01	1.9378354E-03	8.8295054E-06
2458656.6214	-2.2070427E+01	-5.1983679E+01	7.7589798E-01	1.4329923E-03	8.1438719E-06
2458656.6260	-2.2775399E+01	-5.1710867E+01	8.0400605E-01	1.2284777E-03	8.2299407E-06
2458656.6272	-2.2949841E+01	-5.1643361E+01	8.2460710E-01	1.0941721E-03	8.3729074E-06
2458656.6563	-2.6810499E+01	-4.9745066E+01	8.2050191E-01	1.9556369E-03	8.7765246E-06
2458656.6614	-2.7385913E+01	-4.9383641E+01	8.7752013E-01	2.2530919E-03	8.8723819E-06
2458656.5949	-2.4548651E+01	-3.8958031E+01	7.6703344E-01	9.8629623E-04	8.4318192E-06
2458656.5986	-2.5066011E+01	-3.8715658E+01	7.9091472E-01	6.9308111E-04	8.6060642E-06
2458656.6033	-2.5707695E+01	-3.8410196E+01	8.0568725E-01	1.0970872E-03	8.7897864E-06
2458656.6183	-2.7635338E+01	-3.7361435E+01	8.0790192E-01	3.3046188E-03	8.8661498E-06
2458656.6028	-1.9110336E+01	-5.2990103E+01	7.0458228E-01	2.8669724E-03	8.1083180E-06
2458656.6028	-1.9110336E+01	-5.2990103E+01	7.1104102E-01	5.7525419E-03	8.1271263E-06
2458656.6183	-2.1609979E+01	-5.2161864E+01	7.9547234E-01	1.1050187E-03	8.2800021E-06
2458656.6193	-2.1765375E+01	-5.2101728E+01	8.1735320E-01	9.6747500E-04	8.4240931E-06
2458656.6240	-2.2467491E+01	-5.1830022E+01	8.3886221E-01	9.2770004E-04	8.5468658E-06
2458656.6272	-2.2949841E+01	-5.1643361E+01	8.5110608E-01	1.2029744E-03	8.7239208E-06
2458656.6272	-2.2949841E+01	-5.1643361E+01	8.4092932E-01	4.4516327E-03	8.8289655E-06
2458656.5949	-2.4548652E+01	-3.8958031E+01	7.6005907E-01	2.7259700E-03	8.7255172E-06
2458656.5956	-2.4639143E+01	-3.8915638E+01	7.6202416E-01	1.6257908E-03	8.8289269E-06
2458656.5949	-1.7783567E+01	-5.3367187E+01	6.9292959E-01	2.2601362E-03	8.1209851E-06
2458656.5985	-1.8393493E+01	-5.3193839E+01	7.2357025E-01	7.6755155E-04	8.2035682E-06
2458656.6028	-1.9110336E+01	-5.2990103E+01	7.6538360E-01	7.7238298E-04	8.3270434E-06
2458656.6028	-1.9110336E+01	-5.2990103E+01	7.8620889E-01	1.1599666E-03	8.4754253E-06
2458656.6183	-2.1609979E+01	-5.2161864E+01	8.3404698E-01	1.8237391E-03	8.6332435E-06
2458656.6183	-2.1609979E+01	-5.2161864E+01	8.3311804E-01	1.1759338E-03	8.7647566E-06
2458656.6236	-2.2402833E+01	-5.1855044E+01	8.2835348E-01	2.5423533E-03	8.8744005E-06
2458656.5949	-1.7783570E+01	-5.3367186E+01	7.4170663E-01	1.2316594E-02	8.2783907E-06
2458656.5949	-1.7783569E+01	-5.3367187E+01	7.4326469E-01	9.7822687E-04	8.3529327E-06
2458656.5955	-1.7872495E+01	-5.3341913E+01	7.6555963E-01	1.0643215E-03	8.5117645E-06
2458656.5988	-1.8446953E+01	-5.3178645E+01	7.6463102E-01	6.4416672E-04	8.6621336E-06
2458656.6028	-1.9110336E+01	-5.2990103E+01	7.5976035E-01	1.3665208E-03	8.8177334E-06
2458656.5949	-1.7783570E+01	-5.3367186E+01	8.4665023E-01	1.5600632E-02	8.7639081E-06
2458656.5949	-1.7783570E+01	-5.3367186E+01	7.2731333E-01	1.6664793E-03	8.8326043E-06
