# HJD & lambda [m] & band [m] & F_lambda [J s^-1 m^-2 m^-1] & sigma [dtto] & dataset & filename
2459337.85417	3.441183415787601e-07	3.441183415787601e-07	2.700154802571719e-06	2.53165807435607404e-10	1	vizier
2459337.85417	3.441183415787601e-07	3.441183415787601e-07	2.708073205654592e-06	2.53165807435607404e-10	1	vizier
2459337.85417	3.441183415787601e-07	3.441183415787601e-07	2.700154802571719e-06	2.53165807435607404e-10	1	vizier
2459337.85417	3.441183415787601e-07	3.441183415787601e-07	2.708073205654592e-06	2.53165807435607404e-10	1	vizier
2459337.85417	4.442027826344644e-07	4.442027826344644e-07	1.520667573991483e-06	4.67960138606216703e-08	1	vizier
2459337.85417	4.442027826344644e-07	4.442027826344644e-07	2.781996502166009e-06	1.36741599402792558e-08	1	vizier
2459337.85417	4.442027826344644e-07	4.442027826344644e-07	2.781996502166009e-06	1.36741599402792558e-08	1	vizier
2459337.85417	4.442027826344644e-07	4.442027826344644e-07	2.805572702772851e-06	7.59675601369889356e-09	1	vizier
2459337.85417	4.442027826344644e-07	4.442027826344644e-07	2.781996502166009e-06	1.36741599402792558e-08	1	vizier
2459337.85417	4.442027826344644e-07	4.442027826344644e-07	2.781996502166009e-06	1.36741599402792558e-08	1	vizier
2459337.85417	4.442027826344644e-07	4.442027826344644e-07	2.781996502166009e-06	1.36741599402792558e-08	1	vizier
2459337.85417	4.680015891848013e-07	4.680015891848013e-07	2.530714667987882e-06	7.52815815656988162e-08	1	vizier
2459337.85417	4.819969420238592e-07	4.819969420238592e-07	2.881357250127013e-06	1.29042318594559925e-08	1	vizier
2459337.85417	4.819969420238592e-07	4.819969420238592e-07	2.864985929836757e-06	1.29042318594559925e-08	1	vizier
2459337.85417	4.819969420238592e-07	4.819969420238592e-07	2.652158461123306e-06	6.45211592972799625e-09	1	vizier
2459337.85417	4.968386774941995e-07	4.968386774941995e-07	3.810609574467123e-06	8.50135072152071046e-09	1	vizier
2459337.85417	4.968386774941995e-07	4.968386774941995e-07	3.839368843495489e-06	8.50135072152071046e-09	1	vizier
2459337.85417	5.035989551486645e-07	5.035989551486645e-07	3.530180640745116e-06	2.36418276438132082e-09	1	vizier
2459337.85417	5.035989551486645e-07	5.035989551486645e-07	3.530180640745116e-06	2.36418276438132082e-09	1	vizier
2459337.85417	5.046161555293721e-07	5.046161555293721e-07	3.409245184521624e-06	3.53199172306516670e-09	1	vizier
2459337.85417	5.537049258445228e-07	5.537049258445228e-07	2.001052109497900e-06	7.82265009467310668e-09	1	vizier
2459337.85417	5.537049258445228e-07	5.537049258445228e-07	2.001052109497900e-06	7.82265009467310668e-09	1	vizier
2459337.85417	5.537049258445228e-07	5.537049258445228e-07	2.615548417344207e-06	1.56453001893462134e-08	1	vizier
2459337.85417	5.537049258445228e-07	5.537049258445228e-07	2.591914130215127e-06	8.80048142765383470e-09	1	vizier
2459337.85417	5.537049258445228e-07	5.537049258445228e-07	2.568279549601792e-06	1.23206742263844559e-07	1	vizier
2459337.85417	5.537049258445228e-07	5.537049258445228e-07	2.615548417344207e-06	1.56453001893462134e-08	1	vizier
2459337.85417	5.537049258445228e-07	5.537049258445228e-07	2.615548417344207e-06	1.56453001893462134e-08	1	vizier
2459337.85417	5.822343328801709e-07	5.822343328801709e-07	3.563062711079068e-06	1.76870362297409553e-09	1	vizier
2459337.85417	5.822343328801709e-07	5.822343328801709e-07	3.563062711079068e-06	1.76870362297409553e-09	1	vizier
2459337.85417	6.040549224259520e-07	6.040549224259520e-07	2.774209279797339e-06	1.06809824372469876e-08	1	vizier
2459337.85417	6.040549224259520e-07	6.040549224259520e-07	2.774209279797339e-06	9.85936884506704399e-09	1	vizier
2459337.85417	6.226219273104881e-07	6.226219273104881e-07	2.780748530918490e-06	7.73342483963262739e-10	1	vizier
2459337.85417	6.246977662012920e-07	6.246977662012920e-07	2.826271020653195e-06	1.69006526259764114e-08	1	vizier
2459337.85417	6.246977662012920e-07	6.246977662012920e-07	2.770026742187198e-06	2.45827669681570315e-08	1	vizier
2459337.85417	6.246977662012920e-07	6.246977662012920e-07	2.755965803524430e-06	2.45827669681570315e-08	1	vizier
2459337.85417	6.246977662012920e-07	6.246977662012920e-07	8.952201372635630e-07	3.07284587101962894e-09	1	vizier
2459337.85417	6.399941464039451e-07	6.399941464039451e-07	2.807838723846245e-06	1.94692995925912457e-07	1	vizier
2459337.85417	6.729952363848606e-07	6.729952363848606e-07	1.828100827995803e-06	6.61906600022339764e-10	1	vizier
2459337.85417	6.729952363848606e-07	6.729952363848606e-07	1.828100827995803e-06	6.61906600022339764e-10	1	vizier
2459337.85417	6.729952363848606e-07	6.729952363848606e-07	7.503399110514253e-07	1.32381320004467953e-09	1	vizier
2459337.85417	6.729952363848606e-07	6.729952363848606e-07	1.828100827995803e-06	6.61906600022339764e-10	1	vizier
2459337.85417	6.729952363848606e-07	6.729952363848606e-07	1.851975302812183e-06	1.32381320004467953e-09	1	vizier
2459337.85417	6.729952363848606e-07	6.729952363848606e-07	7.605718016035686e-07	1.32381320004467953e-09	1	vizier
2459337.85417	6.729952363848606e-07	6.729952363848606e-07	4.638465181894829e-06	6.61906648182384682e-09	1	vizier
2459337.85417	6.729952363848606e-07	6.729952363848606e-07	1.851975302812183e-06	1.32381320004467953e-09	1	vizier
2459337.85417	6.729952363848606e-07	6.729952363848606e-07	7.605718016035686e-07	1.32381320004467953e-09	1	vizier
2459337.85417	6.729952363848606e-07	6.729952363848606e-07	2.244198599842271e-06	6.61906600022339764e-10	1	vizier
2459337.85417	6.729952363848606e-07	6.729952363848606e-07	1.828100827995803e-06	6.61906600022339764e-10	1	vizier
2459337.85417	6.729952363848606e-07	6.729952363848606e-07	4.604358752998259e-06	6.61906648182384682e-09	1	vizier
2459337.85417	6.729952363848606e-07	6.729952363848606e-07	7.469292808673775e-07	1.32381320004467953e-09	1	vizier
2459337.85417	6.729952363848606e-07	6.729952363848606e-07	4.604358752998259e-06	6.61906648182384682e-09	1	vizier
2459337.85417	6.729952363848606e-07	6.729952363848606e-07	4.638465181894829e-06	6.61906648182384682e-09	1	vizier
2459337.85417	6.729952363848606e-07	6.729952363848606e-07	1.828100827995803e-06	6.61906600022339764e-10	1	vizier
2459337.85417	7.620550533807829e-07	7.620550533807829e-07	2.463143720476877e-06	5.16235693130327777e-09	1	vizier
2459337.85417	7.620550533807829e-07	7.620550533807829e-07	2.463143720476877e-06	5.16235693130327777e-09	1	vizier
2459337.85417	7.634912086792645e-07	7.634912086792645e-07	2.487718297467885e-06	3.08577229665067607e-08	1	vizier
2459337.85417	7.634912086792645e-07	7.634912086792645e-07	2.487718297467885e-06	2.57147683404641432e-08	1	vizier
2459337.85417	7.634912086792645e-07	7.634912086792645e-07	2.466455704588783e-06	2.57147683404641432e-08	1	vizier
2459337.85417	7.724618861118268e-07	7.724618861118268e-07	2.377706222845726e-06	5.02419634433040374e-09	1	vizier
2459337.85417	7.836891776023422e-07	7.836891776023422e-07	2.306961571117976e-06	2.34301055627506587e-07	1	vizier
2459337.85417	1.030497930702599e-06	1.030497930702599e-06	6.675314542471351e-07	2.82310118228371393e-10	1	vizier
2459337.85417	1.030497930702599e-06	1.030497930702599e-06	6.675314542471351e-07	2.82310118228371393e-10	1	vizier
2459337.85417	1.239016606050587e-06	1.239016606050587e-06	1.191701039629232e-06	1.36698737047466192e-08	1	vizier
2459337.85417	1.239016606050587e-06	1.239016606050587e-06	1.187977021743021e-06	1.36698737047466192e-08	1	vizier
2459337.85417	1.239016606050587e-06	1.239016606050587e-06	1.191701039629232e-06	1.36698737047466192e-08	1	vizier
2459337.85417	1.239016606050587e-06	1.239016606050587e-06	1.191701039629232e-06	1.17170343442509477e-08	1	vizier
2459337.85417	1.239016606050587e-06	1.239016606050587e-06	1.202873315259485e-06	1.36698737047466192e-08	1	vizier
2459337.85417	1.239016606050587e-06	1.239016606050587e-06	1.191701039629232e-06	1.17170343442509477e-08	1	vizier
2459337.85417	1.239016606050587e-06	1.239016606050587e-06	1.191701039629232e-06	3.51511012140297582e-08	1	vizier
2459337.85417	1.239016606050587e-06	1.239016606050587e-06	1.191701039629232e-06	1.36698737047466192e-08	1	vizier
2459337.85417	1.239016606050587e-06	1.239016606050587e-06	1.191701039629232e-06	1.36698737047466192e-08	1	vizier
2459337.85417	1.239016606050587e-06	1.239016606050587e-06	1.191701039629232e-06	1.36698737047466192e-08	1	vizier
2459337.85417	1.239016606050587e-06	1.239016606050587e-06	1.202873315259485e-06	1.36698737047466192e-08	1	vizier
2459337.85417	1.239016606050587e-06	1.239016606050587e-06	1.191701039629232e-06	1.36698737047466192e-08	1	vizier
2459337.85417	1.239016606050587e-06	1.239016606050587e-06	1.202873315259485e-06	1.36698737047466192e-08	1	vizier
2459337.85417	1.239016606050587e-06	1.239016606050587e-06	9.645330629393139e-07	2.34340686885018953e-08	1	vizier
2459337.85417	1.239016606050587e-06	1.239016606050587e-06	1.191701039629232e-06	1.17170343442509477e-08	1	vizier
2459337.85417	1.239016606050587e-06	1.239016606050587e-06	1.191701039629232e-06	1.36698737047466192e-08	1	vizier
2459337.85417	1.239016606050587e-06	1.239016606050587e-06	1.191701039629232e-06	1.36698737047466192e-08	1	vizier
2459337.85417	1.239016606050587e-06	1.239016606050587e-06	1.191701039629232e-06	1.36698737047466192e-08	1	vizier
2459337.85417	1.239016606050587e-06	1.239016606050587e-06	1.191701039629232e-06	1.36698737047466192e-08	1	vizier
2459337.85417	1.239016606050587e-06	1.239016606050587e-06	1.191701039629232e-06	1.36698737047466192e-08	1	vizier
2459337.85417	1.239016606050587e-06	1.239016606050587e-06	1.191701039629232e-06	1.36698737047466192e-08	1	vizier
2459337.85417	1.239016606050587e-06	1.239016606050587e-06	1.191701039629232e-06	1.36698737047466192e-08	1	vizier
2459337.85417	1.239016606050587e-06	1.239016606050587e-06	1.202873315259485e-06	1.36698737047466192e-08	1	vizier
2459337.85417	1.250020672976692e-06	1.250020672976692e-06	1.198971944348185e-06	1.34302582998210409e-08	1	vizier
2459337.85417	1.250020672976692e-06	1.250020672976692e-06	1.180860602957614e-06	1.34302582998210409e-08	1	vizier
2459337.85417	1.250020672976692e-06	1.250020672976692e-06	1.180860602957614e-06	1.34302582998210409e-08	1	vizier
2459337.85417	1.250020672976692e-06	1.250020672976692e-06	1.180860602957614e-06	1.34302582998210409e-08	1	vizier
2459337.85417	1.250020672976692e-06	1.250020672976692e-06	1.180860602957614e-06	1.34302582998210409e-08	1	vizier
2459337.85417	1.250020672976692e-06	1.250020672976692e-06	1.180860602957614e-06	1.15116497160118641e-08	1	vizier
2459337.85417	1.630015539364941e-06	1.630015539364941e-06	9.384983214224127e-07	3.04649864303988188e-08	1	vizier
2459337.85417	1.630015539364941e-06	1.630015539364941e-06	9.384983214224127e-07	3.04649864303988188e-08	1	vizier
2459337.85417	1.630015539364941e-06	1.630015539364941e-06	9.384983214224127e-07	3.04649864303988188e-08	1	vizier
2459337.85417	1.630015539364941e-06	1.630015539364941e-06	9.384983214224127e-07	3.04649864303988188e-08	1	vizier
2459337.85417	1.630015539364941e-06	1.630015539364941e-06	9.384983214224127e-07	3.04649864303988188e-08	1	vizier
2459337.85417	1.649477072902338e-06	1.649477072902338e-06	9.191049937773564e-07	3.08522030447276070e-08	1	vizier
2459337.85417	1.649477072902338e-06	1.649477072902338e-06	9.191049937773564e-07	3.08522030447276070e-08	1	vizier
2459337.85417	1.649477072902338e-06	1.649477072902338e-06	8.808089264310805e-07	2.97503385036743185e-08	1	vizier
2459337.85417	1.649477072902338e-06	1.649477072902338e-06	9.051791322413391e-07	4.07689818618249515e-08	1	vizier
2459337.85417	1.649477072902338e-06	1.649477072902338e-06	9.191049937773564e-07	2.97503385036743185e-08	1	vizier
2459337.85417	1.649477072902338e-06	1.649477072902338e-06	9.191049937773564e-07	3.08522030447276070e-08	1	vizier
2459337.85417	1.649477072902338e-06	1.649477072902338e-06	9.191049937773564e-07	3.08522030447276070e-08	1	vizier
2459337.85417	1.649477072902338e-06	1.649477072902338e-06	9.191049937773564e-07	3.08522030447276070e-08	1	vizier
2459337.85417	1.649477072902338e-06	1.649477072902338e-06	9.191049937773564e-07	3.19540655333985973e-08	1	vizier
2459337.85417	1.649477072902338e-06	1.649477072902338e-06	9.191049937773564e-07	3.08522030447276070e-08	1	vizier
2459337.85417	1.649477072902338e-06	1.649477072902338e-06	9.191049937773564e-07	3.08522030447276070e-08	1	vizier
2459337.85417	1.649477072902338e-06	1.649477072902338e-06	9.191049937773564e-07	3.08522030447276070e-08	1	vizier
2459337.85417	1.649477072902338e-06	1.649477072902338e-06	9.191049937773564e-07	3.08522030447276070e-08	1	vizier
2459337.85417	1.649477072902338e-06	1.649477072902338e-06	9.191049937773564e-07	3.08522030447276070e-08	1	vizier
2459337.85417	1.649477072902338e-06	1.649477072902338e-06	8.964754947202142e-07	2.97503385036743185e-08	1	vizier
2459337.85417	1.649477072902338e-06	1.649477072902338e-06	9.191049937773564e-07	3.19540655333985973e-08	1	vizier
2459337.85417	1.649477072902338e-06	1.649477072902338e-06	4.926263402200616e-07	1.43242369813105100e-08	1	vizier
2459337.85417	1.649477072902338e-06	1.649477072902338e-06	8.964754947202142e-07	2.97503385036743185e-08	1	vizier
2459337.85417	1.649477072902338e-06	1.649477072902338e-06	8.964754947202142e-07	2.97503385036743185e-08	1	vizier
2459337.85417	1.649477072902338e-06	1.649477072902338e-06	9.191049937773564e-07	3.08522030447276070e-08	1	vizier
2459337.85417	1.649477072902338e-06	1.649477072902338e-06	9.191049937773564e-07	3.08522030447276070e-08	1	vizier
2459337.85417	1.649477072902338e-06	1.649477072902338e-06	8.964754947202142e-07	2.97503385036743185e-08	1	vizier
2459337.85417	1.649477072902338e-06	1.649477072902338e-06	9.191049937773564e-07	3.08522030447276070e-08	1	vizier
2459337.85417	2.163785333814507e-06	2.163785333814507e-06	5.404571145482363e-07	8.32406990201187670e-09	1	vizier
2459337.85417	2.163785333814507e-06	2.163785333814507e-06	5.404571145482363e-07	7.04344357975220239e-09	1	vizier
2459337.85417	2.163785333814507e-06	2.163785333814507e-06	5.333691381922808e-07	8.32406990201187670e-09	1	vizier
2459337.85417	2.163785333814507e-06	2.163785333814507e-06	5.404571145482363e-07	8.32406990201187670e-09	1	vizier
2459337.85417	2.163785333814507e-06	2.163785333814507e-06	5.404571145482363e-07	8.32406990201187670e-09	1	vizier
2459337.85417	2.163785333814507e-06	2.163785333814507e-06	5.404571145482363e-07	8.32406990201187670e-09	1	vizier
2459337.85417	2.163785333814507e-06	2.163785333814507e-06	5.333691381922808e-07	8.32406990201187670e-09	1	vizier
2459337.85417	2.163785333814507e-06	2.163785333814507e-06	5.404571145482363e-07	8.32406990201187670e-09	1	vizier
2459337.85417	2.163785333814507e-06	2.163785333814507e-06	5.404571145482363e-07	7.04344357975220239e-09	1	vizier
2459337.85417	2.163785333814507e-06	2.163785333814507e-06	5.404571145482363e-07	8.32406990201187670e-09	1	vizier
2459337.85417	2.163785333814507e-06	2.163785333814507e-06	5.404571145482363e-07	7.04344357975220239e-09	1	vizier
2459337.85417	2.163785333814507e-06	2.163785333814507e-06	4.314796761107934e-07	1.40868871595044048e-08	1	vizier
2459337.85417	2.163785333814507e-06	2.163785333814507e-06	5.404571145482363e-07	8.32406990201187670e-09	1	vizier
2459337.85417	2.163785333814507e-06	2.163785333814507e-06	5.333691381922808e-07	8.32406990201187670e-09	1	vizier
2459337.85417	2.163785333814507e-06	2.163785333814507e-06	5.404571145482363e-07	8.32406990201187670e-09	1	vizier
2459337.85417	2.163785333814507e-06	2.163785333814507e-06	5.245091941520528e-07	8.32406990201187670e-09	1	vizier
2459337.85417	2.163785333814507e-06	2.163785333814507e-06	5.404571145482363e-07	8.32406990201187670e-09	1	vizier
2459337.85417	2.163785333814507e-06	2.163785333814507e-06	5.333691381922808e-07	8.32406990201187670e-09	1	vizier
2459337.85417	2.163785333814507e-06	2.163785333814507e-06	5.404571145482363e-07	8.32406990201187670e-09	1	vizier
2459337.85417	2.163785333814507e-06	2.163785333814507e-06	5.404571145482363e-07	8.32406990201187670e-09	1	vizier
2459337.85417	2.163785333814507e-06	2.163785333814507e-06	5.404571145482363e-07	8.32406990201187670e-09	1	vizier
2459337.85417	2.190024530645044e-06	2.190024530645044e-06	5.076937544601668e-07	8.12579955984607069e-09	1	vizier
2459337.85417	2.190024530645044e-06	2.190024530645044e-06	5.076937544601668e-07	8.12579955984607069e-09	1	vizier
2459337.85417	2.190024530645044e-06	2.190024530645044e-06	5.076937544601668e-07	6.25061477735826469e-09	1	vizier
2459337.85417	2.190024530645044e-06	2.190024530645044e-06	5.076937544601668e-07	8.12579955984607069e-09	1	vizier
2459337.85417	3.350010705106716e-06	3.350010705106716e-06	2.019838245997382e-07	8.28113758093934235e-09	1	vizier
2459337.85417	3.350010705106716e-06	3.350010705106716e-06	2.284735003670701e-07	3.20560172448859549e-09	1	vizier
2459337.85417	3.350010705106716e-06	3.350010705106716e-06	2.019838245997382e-07	8.28113758093934235e-09	1	vizier
2459337.85417	3.350010705106716e-06	3.350010705106716e-06	2.019838245997382e-07	8.28113758093934235e-09	1	vizier
2459337.85417	3.350010705106716e-06	3.350010705106716e-06	2.019838245997382e-07	8.28113758093934235e-09	1	vizier
2459337.85417	3.350010705106716e-06	3.350010705106716e-06	2.019838245997382e-07	8.28113758093934235e-09	1	vizier
2459337.85417	3.350010705106716e-06	3.350010705106716e-06	1.943680405962909e-07	4.54126931701503960e-09	1	vizier
2459337.85417	3.350010705106716e-06	3.350010705106716e-06	1.943680405962909e-07	4.54126931701503960e-09	1	vizier
2459337.85417	3.350010705106716e-06	3.350010705106716e-06	2.019838245997382e-07	8.28113758093934235e-09	1	vizier
2459337.85417	3.350010705106716e-06	3.350010705106716e-06	1.990037343489827e-07	8.01400406243405353e-09	1	vizier
2459337.85417	3.350010705106716e-06	3.350010705106716e-06	2.019838245997382e-07	8.28113758093934235e-09	1	vizier
2459337.85417	3.549982332532061e-06	3.549982332532061e-06	2.091977163389167e-07	3.09251404602890952e-09	1	vizier
2459337.85417	3.549982332532061e-06	3.549982332532061e-06	1.796434689940397e-07	1.11806270913553401e-08	1	vizier
2459337.85417	3.549982332532061e-06	3.549982332532061e-06	1.796434689940397e-07	8.32599921835579224e-09	1	vizier
2459337.85417	3.549982332532061e-06	3.549982332532061e-06	1.796434689940397e-07	8.32599921835579224e-09	1	vizier
2459337.85417	3.549982332532061e-06	3.549982332532061e-06	1.796434689940397e-07	8.32599921835579224e-09	1	vizier
2459337.85417	3.549982332532061e-06	3.549982332532061e-06	1.796434689940397e-07	8.32599921835579224e-09	1	vizier
2459337.85417	3.549982332532061e-06	3.549982332532061e-06	1.796434689940397e-07	8.32599921835579224e-09	1	vizier
2459337.85417	4.493022870331515e-06	4.493022870331515e-06	9.111327886323272e-08	4.45517419569772954e-09	1	vizier
2459337.85417	4.493022870331515e-06	4.493022870331515e-06	9.111327886323272e-08	4.45517419569772954e-09	1	vizier
2459337.85417	4.493022870331515e-06	4.493022870331515e-06	9.111327886323272e-08	4.45517419569772954e-09	1	vizier
2459337.85417	4.493022870331515e-06	4.493022870331515e-06	9.111327886323272e-08	4.45517419569772954e-09	1	vizier
2459337.85417	4.493022870331515e-06	4.493022870331515e-06	9.111327886323272e-08	4.45517419569772954e-09	1	vizier
2459337.85417	4.493022870331515e-06	4.493022870331515e-06	9.128200497840945e-08	1.48505806523257631e-09	1	vizier
2459337.85417	4.493022870331515e-06	4.493022870331515e-06	9.111327886323272e-08	6.38575004009779340e-09	1	vizier
2459337.85417	4.600019302768060e-06	4.600019302768060e-06	9.487583654615325e-08	1.98348739018111233e-09	1	vizier
2459337.85417	4.600019302768060e-06	4.600019302768060e-06	8.207640078322471e-08	1.41677663187358955e-09	1	vizier
2459337.85417	4.600019302768060e-06	4.600019302768060e-06	9.487583654615325e-08	1.98348739018111233e-09	1	vizier
2459337.85417	4.600019302768060e-06	4.600019302768060e-06	8.207640078322471e-08	1.41677663187358955e-09	1	vizier
2459337.85417	4.600019302768060e-06	4.600019302768060e-06	9.487583654615325e-08	1.98348739018111233e-09	1	vizier
2459337.85417	4.600019302768060e-06	4.600019302768060e-06	9.471584562558567e-08	1.41677673083429633e-10	1	vizier
2459337.85417	4.600019302768060e-06	4.600019302768060e-06	9.487583654615325e-08	1.98348739018111233e-09	1	vizier
2459337.85417	4.600019302768060e-06	4.600019302768060e-06	9.231595320809745e-08	8.50066005513675573e-10	1	vizier
2459337.85417	4.600019302768060e-06	4.600019302768060e-06	9.487583654615325e-08	1.98348739018111233e-09	1	vizier
2459337.85417	4.600019302768060e-06	4.600019302768060e-06	9.327590826782777e-08	1.84180970060423184e-09	1	vizier
2459337.85417	4.600019302768060e-06	4.600019302768060e-06	9.487583654615325e-08	1.98348739018111233e-09	1	vizier
2459337.85417	4.600019302768060e-06	4.600019302768060e-06	9.487583654615325e-08	1.98348739018111233e-09	1	vizier
2459337.85417	5.730964003746822e-06	5.730964003746822e-06	4.666703626374723e-08	8.21500500483579361e-10	1	vizier
2459337.85417	5.730964003746822e-06	5.730964003746822e-06	4.824562552044164e-08	2.19066811463502581e-09	1	vizier
2459337.85417	5.730964003746822e-06	5.730964003746822e-06	4.824562552044164e-08	2.19066811463502581e-09	1	vizier
2459337.85417	5.730964003746822e-06	5.730964003746822e-06	4.824562552044164e-08	2.19066811463502581e-09	1	vizier
2459337.85417	5.730964003746822e-06	5.730964003746822e-06	4.824562552044164e-08	2.19066811463502581e-09	1	vizier
2459337.85417	5.730964003746822e-06	5.730964003746822e-06	4.824562552044164e-08	2.19066811463502581e-09	1	vizier
2459337.85417	5.730964003746822e-06	5.730964003746822e-06	4.834428900293256e-08	3.55983572878647247e-09	1	vizier
2459337.85417	5.730964003746822e-06	5.730964003746822e-06	6.639939756190074e-08	3.10344663741480415e-09	1	vizier
2459337.85417	7.872080928498280e-06	7.872080928498280e-06	3.348937816670359e-08	2.22535568335305689e-09	1	vizier
2459337.85417	7.872080928498280e-06	7.872080928498280e-06	3.069026631746117e-08	5.32150268188351034e-10	1	vizier
2459337.85417	7.872080928498280e-06	7.872080928498280e-06	3.363932867194265e-08	1.64482819997461801e-09	1	vizier
2459337.85417	7.872080928498280e-06	7.872080928498280e-06	3.363932867194265e-08	1.64482819997461801e-09	1	vizier
2459337.85417	7.872080928498280e-06	7.872080928498280e-06	3.363932867194265e-08	1.64482819997461801e-09	1	vizier
2459337.85417	7.872080928498280e-06	7.872080928498280e-06	3.363932867194265e-08	1.64482819997461801e-09	1	vizier
2459337.85417	1.155982332073726e-05	1.155982332073726e-05	1.672789067759330e-08	2.24345984369905801e-10	1	vizier
2459337.85417	1.155982332073726e-05	1.155982332073726e-05	1.672789067759330e-08	2.24345984369905801e-10	1	vizier
2459337.85417	1.155982332073726e-05	1.155982332073726e-05	1.677371992382776e-08	2.24345984369905801e-10	1	vizier
2459337.85417	1.155982332073726e-05	1.155982332073726e-05	1.782780624557574e-08	2.46780586985666106e-10	1	vizier
2459337.85417	1.155982332073726e-05	1.155982332073726e-05	1.672789067759330e-08	2.24345984369905801e-10	1	vizier
2459337.85417	1.155982332073726e-05	1.155982332073726e-05	1.672789067759330e-08	2.24345984369905801e-10	1	vizier
2459337.85417	1.155982332073726e-05	1.155982332073726e-05	1.672789067759330e-08	2.24345984369905801e-10	1	vizier
2459337.85417	1.155982332073726e-05	1.155982332073726e-05	1.672789067759330e-08	2.24345984369905801e-10	1	vizier
2459337.85417	1.155982332073726e-05	1.155982332073726e-05	1.672789067759330e-08	2.24345984369905801e-10	1	vizier
2459337.85417	1.155982332073726e-05	1.155982332073726e-05	1.672789067759330e-08	2.24345984369905801e-10	1	vizier
2459337.85417	1.838991890565575e-05	1.838991890565575e-05	1.321946690153142e-08	3.54585568740235957e-10	1	vizier
2459337.85417	2.209066818952177e-05	2.209066818952177e-05	1.311442537962090e-08	1.22866357687646767e-10	1	vizier
2459337.85417	2.209066818952177e-05	2.209066818952177e-05	1.311442537962090e-08	1.22866357687646767e-10	1	vizier
2459337.85417	2.209066818952177e-05	2.209066818952177e-05	1.286343182150982e-08	1.22866357687646767e-10	1	vizier
2459337.85417	2.209066818952177e-05	2.209066818952177e-05	1.311442537962090e-08	1.22866357687646767e-10	1	vizier
2459337.85417	2.209066818952177e-05	2.209066818952177e-05	1.317717376914867e-08	1.84299536531470177e-10	1	vizier
2459337.85417	2.209066818952177e-05	2.209066818952177e-05	1.311442537962090e-08	1.22866357687646767e-10	1	vizier
2459337.85417	2.209066818952177e-05	2.209066818952177e-05	1.311442537962090e-08	1.22866357687646767e-10	1	vizier
2459337.85417	2.209066818952177e-05	2.209066818952177e-05	1.311442537962090e-08	1.22866357687646767e-10	1	vizier
2459337.85417	2.209066818952177e-05	2.209066818952177e-05	1.311442537962090e-08	1.22866357687646767e-10	1	vizier
2459337.85417	2.209066818952177e-05	2.209066818952177e-05	1.311442537962090e-08	1.22866357687646767e-10	1	vizier
2459337.85417	2.367467882808181e-05	2.367467882808181e-05	8.468065247042421e-09	1.60462574494649024e-10	1	vizier
2459337.85417	2.367467882808181e-05	2.367467882808181e-05	9.232923349876363e-09	8.55800397304794727e-10	1	vizier
2459337.85417	2.367467882808181e-05	2.367467882808181e-05	9.287555978468458e-09	9.62775506744862635e-10	1	vizier
2459337.85417	2.367467882808181e-05	2.367467882808181e-05	9.232923349876363e-09	8.55800397304794727e-10	1	vizier
2459337.85417	2.367467882808181e-05	2.367467882808181e-05	9.232923349876363e-09	8.55800397304794727e-10	1	vizier
2459337.85417	2.367467882808181e-05	2.367467882808181e-05	9.232923349876363e-09	8.55800397304794727e-10	1	vizier
2459337.85417	6.999917297095358e-05	6.999917297095358e-05	2.687220846339001e-09	5.50652205489561837e-10	1	vizier
2459337.85417	7.141996807699638e-05	7.141996807699638e-05	1.536814165852713e-09	1.46933697711634918e-10	1	vizier
2459337.85417	7.141996807699638e-05	7.141996807699638e-05	1.560826864830572e-09	1.64565742137665567e-10	1	vizier
2459337.85417	7.141996807699638e-05	7.141996807699638e-05	1.536814165852713e-09	1.46933697711634918e-10	1	vizier
2459337.85417	7.141996807699638e-05	7.141996807699638e-05	1.536814165852713e-09	1.46933697711634918e-10	1	vizier
2459337.85417	7.141996807699638e-05	7.141996807699638e-05	1.536814165852713e-09	1.46933697711634918e-10	1	vizier
2459337.85417	1.600002444361424e-04	1.600002444361424e-04	3.109945244776837e-10	5.85530355470116648e-11	1	vizier
2459337.85417	2.499937108072048e-04	2.499937108072048e-04	7.349432335504936e-11	1.43907625969448850e-11	1	vizier
2459337.85417	3.629976001356129e-04	3.629976001356129e-04	2.091489522190569e-11	4.55033318125535292e-12	1	vizier
2459337.85417	5.169994274578785e-04	5.169994274578785e-04	5.498975773122787e-12	1.12160667467659823e-12	1	vizier
2459337.85417	8.492704192634560e-04	8.492704192634560e-04	7.684352326477906e-13	2.49390532199067494e-14	1	vizier
2459337.85417	1.299997649711634e-03	1.299997649711634e-03	1.538307844868441e-13	8.86963184143222055e-16	1	vizier
2459337.85417	1.299997649711634e-03	1.299997649711634e-03	1.902500826710859e-13	1.95131890185898895e-14	1	vizier
2459337.85417	1.332410924444444e-03	1.332410924444444e-03	1.464374034006513e-13	8.44334156074041022e-16	1	vizier
