# HJD & lambda [m] & band [m] & F_lambda [cgs] & sigma [dtto] & dataset & filename
2459337.85417	6.729952363848606e-07	6.729952363848606e-07	1.851975302812183e-05	1.32381320004467953e-09	1	vizier
2459337.85417	6.729952363848606e-07	6.729952363848606e-07	7.605718016035686e-06	1.32381320004467953e-09	1	vizier
2459337.85417	6.729952363848606e-07	6.729952363848606e-07	2.244198599842271e-05	6.61906600022339764e-10	1	vizier
2459337.85417	6.729952363848606e-07	6.729952363848606e-07	1.828100827995803e-05	6.61906600022339764e-10	1	vizier
2459337.85417	6.729952363848606e-07	6.729952363848606e-07	4.604358752998258e-05	6.61906648182384682e-09	1	vizier
2459337.85417	6.729952363848606e-07	6.729952363848606e-07	7.469292808673776e-06	1.32381320004467953e-09	1	vizier
2459337.85417	6.729952363848606e-07	6.729952363848606e-07	4.604358752998258e-05	6.61906648182384682e-09	1	vizier
2459337.85417	6.729952363848606e-07	6.729952363848606e-07	4.638465181894828e-05	6.61906648182384682e-09	1	vizier
2459337.85417	6.729952363848606e-07	6.729952363848606e-07	1.828100827995803e-05	6.61906600022339764e-10	1	vizier
2459337.85417	7.620550533807829e-07	7.620550533807829e-07	2.463143720476877e-05	5.16235693130327777e-09	1	vizier
2459337.85417	7.620550533807829e-07	7.620550533807829e-07	2.463143720476877e-05	5.16235693130327777e-09	1	vizier
2459337.85417	7.634912086792645e-07	7.634912086792645e-07	2.487718297467884e-05	3.08577229665067607e-08	1	vizier
2459337.85417	7.634912086792645e-07	7.634912086792645e-07	2.487718297467884e-05	2.57147683404641432e-08	1	vizier
2459337.85417	7.634912086792645e-07	7.634912086792645e-07	2.466455704588783e-05	2.57147683404641432e-08	1	vizier
2459337.85417	7.724618861118268e-07	7.724618861118268e-07	2.377706222845726e-05	5.02419634433040374e-09	1	vizier
2459337.85417	7.836891776023422e-07	7.836891776023422e-07	2.306961571117976e-05	2.34301055627506587e-07	1	vizier
2459337.85417	1.030497930702599e-06	1.030497930702599e-06	6.675314542471352e-06	2.82310118228371393e-10	1	vizier
2459337.85417	1.030497930702599e-06	1.030497930702599e-06	6.675314542471352e-06	2.82310118228371393e-10	1	vizier
2459337.85417	1.239016606050587e-06	1.239016606050587e-06	1.191701039629232e-05	1.36698737047466192e-08	1	vizier
2459337.85417	1.239016606050587e-06	1.239016606050587e-06	1.187977021743021e-05	1.36698737047466192e-08	1	vizier
2459337.85417	1.239016606050587e-06	1.239016606050587e-06	1.191701039629232e-05	1.36698737047466192e-08	1	vizier
2459337.85417	1.239016606050587e-06	1.239016606050587e-06	1.191701039629232e-05	1.17170343442509477e-08	1	vizier
2459337.85417	1.239016606050587e-06	1.239016606050587e-06	1.202873315259484e-05	1.36698737047466192e-08	1	vizier
2459337.85417	1.239016606050587e-06	1.239016606050587e-06	1.191701039629232e-05	1.17170343442509477e-08	1	vizier
2459337.85417	1.239016606050587e-06	1.239016606050587e-06	1.191701039629232e-05	3.51511012140297582e-08	1	vizier
2459337.85417	1.239016606050587e-06	1.239016606050587e-06	1.191701039629232e-05	1.36698737047466192e-08	1	vizier
2459337.85417	1.239016606050587e-06	1.239016606050587e-06	1.191701039629232e-05	1.36698737047466192e-08	1	vizier
2459337.85417	1.239016606050587e-06	1.239016606050587e-06	1.191701039629232e-05	1.36698737047466192e-08	1	vizier
2459337.85417	1.239016606050587e-06	1.239016606050587e-06	1.202873315259484e-05	1.36698737047466192e-08	1	vizier
2459337.85417	1.239016606050587e-06	1.239016606050587e-06	1.191701039629232e-05	1.36698737047466192e-08	1	vizier
2459337.85417	1.239016606050587e-06	1.239016606050587e-06	1.202873315259484e-05	1.36698737047466192e-08	1	vizier
2459337.85417	1.239016606050587e-06	1.239016606050587e-06	9.645330629393140e-06	2.34340686885018953e-08	1	vizier
2459337.85417	1.239016606050587e-06	1.239016606050587e-06	1.191701039629232e-05	1.17170343442509477e-08	1	vizier
2459337.85417	1.239016606050587e-06	1.239016606050587e-06	1.191701039629232e-05	1.36698737047466192e-08	1	vizier
2459337.85417	1.239016606050587e-06	1.239016606050587e-06	1.191701039629232e-05	1.36698737047466192e-08	1	vizier
2459337.85417	1.239016606050587e-06	1.239016606050587e-06	1.191701039629232e-05	1.36698737047466192e-08	1	vizier
2459337.85417	1.239016606050587e-06	1.239016606050587e-06	1.191701039629232e-05	1.36698737047466192e-08	1	vizier
2459337.85417	1.239016606050587e-06	1.239016606050587e-06	1.191701039629232e-05	1.36698737047466192e-08	1	vizier
2459337.85417	1.239016606050587e-06	1.239016606050587e-06	1.191701039629232e-05	1.36698737047466192e-08	1	vizier
2459337.85417	1.239016606050587e-06	1.239016606050587e-06	1.191701039629232e-05	1.36698737047466192e-08	1	vizier
2459337.85417	1.239016606050587e-06	1.239016606050587e-06	1.202873315259484e-05	1.36698737047466192e-08	1	vizier
2459337.85417	1.250020672976692e-06	1.250020672976692e-06	1.198971944348185e-05	1.34302582998210409e-08	1	vizier
2459337.85417	1.250020672976692e-06	1.250020672976692e-06	1.180860602957614e-05	1.34302582998210409e-08	1	vizier
2459337.85417	1.250020672976692e-06	1.250020672976692e-06	1.180860602957614e-05	1.34302582998210409e-08	1	vizier
2459337.85417	1.250020672976692e-06	1.250020672976692e-06	1.180860602957614e-05	1.34302582998210409e-08	1	vizier
2459337.85417	1.250020672976692e-06	1.250020672976692e-06	1.180860602957614e-05	1.34302582998210409e-08	1	vizier
2459337.85417	1.250020672976692e-06	1.250020672976692e-06	1.180860602957614e-05	1.15116497160118641e-08	1	vizier
2459337.85417	1.630015539364941e-06	1.630015539364941e-06	9.384983214224127e-06	3.04649864303988188e-08	1	vizier
2459337.85417	1.630015539364941e-06	1.630015539364941e-06	9.384983214224127e-06	3.04649864303988188e-08	1	vizier
2459337.85417	1.630015539364941e-06	1.630015539364941e-06	9.384983214224127e-06	3.04649864303988188e-08	1	vizier
2459337.85417	1.630015539364941e-06	1.630015539364941e-06	9.384983214224127e-06	3.04649864303988188e-08	1	vizier
2459337.85417	1.630015539364941e-06	1.630015539364941e-06	9.384983214224127e-06	3.04649864303988188e-08	1	vizier
2459337.85417	1.649477072902338e-06	1.649477072902338e-06	9.191049937773564e-06	3.08522030447276070e-08	1	vizier
2459337.85417	1.649477072902338e-06	1.649477072902338e-06	9.191049937773564e-06	3.08522030447276070e-08	1	vizier
2459337.85417	1.649477072902338e-06	1.649477072902338e-06	8.808089264310805e-06	2.97503385036743185e-08	1	vizier
2459337.85417	1.649477072902338e-06	1.649477072902338e-06	9.051791322413390e-06	4.07689818618249515e-08	1	vizier
2459337.85417	1.649477072902338e-06	1.649477072902338e-06	9.191049937773564e-06	2.97503385036743185e-08	1	vizier
2459337.85417	1.649477072902338e-06	1.649477072902338e-06	9.191049937773564e-06	3.08522030447276070e-08	1	vizier
2459337.85417	1.649477072902338e-06	1.649477072902338e-06	9.191049937773564e-06	3.08522030447276070e-08	1	vizier
2459337.85417	1.649477072902338e-06	1.649477072902338e-06	9.191049937773564e-06	3.08522030447276070e-08	1	vizier
2459337.85417	1.649477072902338e-06	1.649477072902338e-06	9.191049937773564e-06	3.19540655333985973e-08	1	vizier
2459337.85417	1.649477072902338e-06	1.649477072902338e-06	9.191049937773564e-06	3.08522030447276070e-08	1	vizier
2459337.85417	1.649477072902338e-06	1.649477072902338e-06	9.191049937773564e-06	3.08522030447276070e-08	1	vizier
2459337.85417	1.649477072902338e-06	1.649477072902338e-06	9.191049937773564e-06	3.08522030447276070e-08	1	vizier
2459337.85417	1.649477072902338e-06	1.649477072902338e-06	9.191049937773564e-06	3.08522030447276070e-08	1	vizier
2459337.85417	1.649477072902338e-06	1.649477072902338e-06	9.191049937773564e-06	3.08522030447276070e-08	1	vizier
2459337.85417	1.649477072902338e-06	1.649477072902338e-06	8.964754947202142e-06	2.97503385036743185e-08	1	vizier
2459337.85417	1.649477072902338e-06	1.649477072902338e-06	9.191049937773564e-06	3.19540655333985973e-08	1	vizier
2459337.85417	1.649477072902338e-06	1.649477072902338e-06	4.926263402200616e-06	1.43242369813105100e-08	1	vizier
2459337.85417	1.649477072902338e-06	1.649477072902338e-06	8.964754947202142e-06	2.97503385036743185e-08	1	vizier
2459337.85417	1.649477072902338e-06	1.649477072902338e-06	8.964754947202142e-06	2.97503385036743185e-08	1	vizier
2459337.85417	1.649477072902338e-06	1.649477072902338e-06	9.191049937773564e-06	3.08522030447276070e-08	1	vizier
2459337.85417	1.649477072902338e-06	1.649477072902338e-06	9.191049937773564e-06	3.08522030447276070e-08	1	vizier
2459337.85417	1.649477072902338e-06	1.649477072902338e-06	8.964754947202142e-06	2.97503385036743185e-08	1	vizier
2459337.85417	1.649477072902338e-06	1.649477072902338e-06	9.191049937773564e-06	3.08522030447276070e-08	1	vizier
2459337.85417	2.163785333814507e-06	2.163785333814507e-06	5.404571145482363e-06	8.32406990201187670e-09	1	vizier
2459337.85417	2.163785333814507e-06	2.163785333814507e-06	5.404571145482363e-06	7.04344357975220239e-09	1	vizier
2459337.85417	2.163785333814507e-06	2.163785333814507e-06	5.333691381922809e-06	8.32406990201187670e-09	1	vizier
2459337.85417	2.163785333814507e-06	2.163785333814507e-06	5.404571145482363e-06	8.32406990201187670e-09	1	vizier
2459337.85417	2.163785333814507e-06	2.163785333814507e-06	5.404571145482363e-06	8.32406990201187670e-09	1	vizier
2459337.85417	2.163785333814507e-06	2.163785333814507e-06	5.404571145482363e-06	8.32406990201187670e-09	1	vizier
2459337.85417	2.163785333814507e-06	2.163785333814507e-06	5.333691381922809e-06	8.32406990201187670e-09	1	vizier
2459337.85417	2.163785333814507e-06	2.163785333814507e-06	5.404571145482363e-06	8.32406990201187670e-09	1	vizier
2459337.85417	2.163785333814507e-06	2.163785333814507e-06	5.404571145482363e-06	7.04344357975220239e-09	1	vizier
2459337.85417	2.163785333814507e-06	2.163785333814507e-06	5.404571145482363e-06	8.32406990201187670e-09	1	vizier
2459337.85417	2.163785333814507e-06	2.163785333814507e-06	5.404571145482363e-06	7.04344357975220239e-09	1	vizier
2459337.85417	2.163785333814507e-06	2.163785333814507e-06	4.314796761107933e-06	1.40868871595044048e-08	1	vizier
2459337.85417	2.163785333814507e-06	2.163785333814507e-06	5.404571145482363e-06	8.32406990201187670e-09	1	vizier
2459337.85417	2.163785333814507e-06	2.163785333814507e-06	5.333691381922809e-06	8.32406990201187670e-09	1	vizier
2459337.85417	2.163785333814507e-06	2.163785333814507e-06	5.404571145482363e-06	8.32406990201187670e-09	1	vizier
2459337.85417	2.163785333814507e-06	2.163785333814507e-06	5.245091941520528e-06	8.32406990201187670e-09	1	vizier
2459337.85417	2.163785333814507e-06	2.163785333814507e-06	5.404571145482363e-06	8.32406990201187670e-09	1	vizier
2459337.85417	2.163785333814507e-06	2.163785333814507e-06	5.333691381922809e-06	8.32406990201187670e-09	1	vizier
2459337.85417	2.163785333814507e-06	2.163785333814507e-06	5.404571145482363e-06	8.32406990201187670e-09	1	vizier
2459337.85417	2.163785333814507e-06	2.163785333814507e-06	5.404571145482363e-06	8.32406990201187670e-09	1	vizier
2459337.85417	2.163785333814507e-06	2.163785333814507e-06	5.404571145482363e-06	8.32406990201187670e-09	1	vizier
2459337.85417	2.190024530645044e-06	2.190024530645044e-06	5.076937544601668e-06	8.12579955984607069e-09	1	vizier
2459337.85417	2.190024530645044e-06	2.190024530645044e-06	5.076937544601668e-06	8.12579955984607069e-09	1	vizier
2459337.85417	2.190024530645044e-06	2.190024530645044e-06	5.076937544601668e-06	6.25061477735826469e-09	1	vizier
2459337.85417	2.190024530645044e-06	2.190024530645044e-06	5.076937544601668e-06	8.12579955984607069e-09	1	vizier
2459337.85417	3.350010705106716e-06	3.350010705106716e-06	2.019838245997382e-06	8.28113758093934235e-09	1	vizier
2459337.85417	3.350010705106716e-06	3.350010705106716e-06	2.284735003670701e-06	3.20560172448859549e-09	1	vizier
2459337.85417	3.350010705106716e-06	3.350010705106716e-06	2.019838245997382e-06	8.28113758093934235e-09	1	vizier
2459337.85417	3.350010705106716e-06	3.350010705106716e-06	2.019838245997382e-06	8.28113758093934235e-09	1	vizier
2459337.85417	3.350010705106716e-06	3.350010705106716e-06	2.019838245997382e-06	8.28113758093934235e-09	1	vizier
2459337.85417	3.350010705106716e-06	3.350010705106716e-06	2.019838245997382e-06	8.28113758093934235e-09	1	vizier
2459337.85417	3.350010705106716e-06	3.350010705106716e-06	1.943680405962908e-06	4.54126931701503960e-09	1	vizier
2459337.85417	3.350010705106716e-06	3.350010705106716e-06	1.943680405962908e-06	4.54126931701503960e-09	1	vizier
2459337.85417	3.350010705106716e-06	3.350010705106716e-06	2.019838245997382e-06	8.28113758093934235e-09	1	vizier
2459337.85417	3.350010705106716e-06	3.350010705106716e-06	1.990037343489827e-06	8.01400406243405353e-09	1	vizier
2459337.85417	3.350010705106716e-06	3.350010705106716e-06	2.019838245997382e-06	8.28113758093934235e-09	1	vizier
2459337.85417	3.549982332532061e-06	3.549982332532061e-06	2.091977163389167e-06	3.09251404602890952e-09	1	vizier
2459337.85417	3.549982332532061e-06	3.549982332532061e-06	1.796434689940397e-06	1.11806270913553401e-08	1	vizier
2459337.85417	3.549982332532061e-06	3.549982332532061e-06	1.796434689940397e-06	8.32599921835579224e-09	1	vizier
2459337.85417	3.549982332532061e-06	3.549982332532061e-06	1.796434689940397e-06	8.32599921835579224e-09	1	vizier
2459337.85417	3.549982332532061e-06	3.549982332532061e-06	1.796434689940397e-06	8.32599921835579224e-09	1	vizier
2459337.85417	3.549982332532061e-06	3.549982332532061e-06	1.796434689940397e-06	8.32599921835579224e-09	1	vizier
2459337.85417	3.549982332532061e-06	3.549982332532061e-06	1.796434689940397e-06	8.32599921835579224e-09	1	vizier
2459337.85417	4.493022870331515e-06	4.493022870331515e-06	9.111327886323272e-07	4.45517419569772954e-09	1	vizier
2459337.85417	4.493022870331515e-06	4.493022870331515e-06	9.111327886323272e-07	4.45517419569772954e-09	1	vizier
2459337.85417	4.493022870331515e-06	4.493022870331515e-06	9.111327886323272e-07	4.45517419569772954e-09	1	vizier
2459337.85417	4.493022870331515e-06	4.493022870331515e-06	9.111327886323272e-07	4.45517419569772954e-09	1	vizier
2459337.85417	4.493022870331515e-06	4.493022870331515e-06	9.111327886323272e-07	4.45517419569772954e-09	1	vizier
2459337.85417	4.493022870331515e-06	4.493022870331515e-06	9.128200497840945e-07	1.48505806523257631e-09	1	vizier
2459337.85417	4.493022870331515e-06	4.493022870331515e-06	9.111327886323272e-07	6.38575004009779340e-09	1	vizier
2459337.85417	4.600019302768060e-06	4.600019302768060e-06	9.487583654615325e-07	1.98348739018111233e-09	1	vizier
2459337.85417	4.600019302768060e-06	4.600019302768060e-06	8.207640078322471e-07	1.41677663187358955e-09	1	vizier
2459337.85417	4.600019302768060e-06	4.600019302768060e-06	9.487583654615325e-07	1.98348739018111233e-09	1	vizier
2459337.85417	4.600019302768060e-06	4.600019302768060e-06	8.207640078322471e-07	1.41677663187358955e-09	1	vizier
2459337.85417	4.600019302768060e-06	4.600019302768060e-06	9.487583654615325e-07	1.98348739018111233e-09	1	vizier
2459337.85417	4.600019302768060e-06	4.600019302768060e-06	9.471584562558567e-07	1.41677673083429633e-10	1	vizier
2459337.85417	4.600019302768060e-06	4.600019302768060e-06	9.487583654615325e-07	1.98348739018111233e-09	1	vizier
2459337.85417	4.600019302768060e-06	4.600019302768060e-06	9.231595320809745e-07	8.50066005513675573e-10	1	vizier
2459337.85417	4.600019302768060e-06	4.600019302768060e-06	9.487583654615325e-07	1.98348739018111233e-09	1	vizier
2459337.85417	4.600019302768060e-06	4.600019302768060e-06	9.327590826782777e-07	1.84180970060423184e-09	1	vizier
2459337.85417	4.600019302768060e-06	4.600019302768060e-06	9.487583654615325e-07	1.98348739018111233e-09	1	vizier
2459337.85417	4.600019302768060e-06	4.600019302768060e-06	9.487583654615325e-07	1.98348739018111233e-09	1	vizier
