#hjd	lambda	lambda	F_lambda [cgs]	F_err [cgs]	dataset	filename
2459337.854	5.187000E-06	5.067520E-07	5.646557E-07	1.708836E-08	1	Spitzer/IRS
2459337.854	5.217250E-06	5.312660E-07	5.851260E-07	1.313617E-08	1	Spitzer/IRS
2459337.854	5.247490E-06	5.173240E-07	5.632226E-07	1.274024E-08	1	Spitzer/IRS
2459337.854	5.277730E-06	5.435260E-07	5.849876E-07	1.273781E-08	1	Spitzer/IRS
2459337.854	5.307970E-06	5.287350E-07	5.626027E-07	1.155989E-08	1	Spitzer/IRS
2459337.854	5.338210E-06	5.141460E-07	5.408986E-07	1.069602E-08	1	Spitzer/IRS
2459337.854	5.368460E-06	5.116840E-07	5.322591E-07	1.037090E-08	1	Spitzer/IRS
2459337.854	5.398700E-06	5.203870E-07	5.352649E-07	1.026121E-08	1	Spitzer/IRS
2459337.854	5.428940E-06	5.159000E-07	5.247545E-07	9.593883E-09	1	Spitzer/IRS
2459337.854	5.459180E-06	5.180420E-07	5.211117E-07	8.909483E-09	1	Spitzer/IRS
2459337.854	5.489420E-06	5.085560E-07	5.059488E-07	8.252474E-09	1	Spitzer/IRS
2459337.854	5.519670E-06	5.004610E-07	4.924529E-07	7.960549E-09	1	Spitzer/IRS
2459337.854	5.549910E-06	4.997330E-07	4.863925E-07	7.860409E-09	1	Spitzer/IRS
2459337.854	5.580150E-06	4.972440E-07	4.787387E-07	7.681092E-09	1	Spitzer/IRS
2459337.854	5.610390E-06	4.862930E-07	4.631617E-07	7.371834E-09	1	Spitzer/IRS
2459337.854	5.640630E-06	4.824190E-07	4.545586E-07	7.032001E-09	1	Spitzer/IRS
2459337.854	5.670880E-06	4.707460E-07	4.388402E-07	6.643021E-09	1	Spitzer/IRS
2459337.854	5.701120E-06	4.655860E-07	4.294378E-07	6.440838E-09	1	Spitzer/IRS
2459337.854	5.731360E-06	4.635650E-07	4.230736E-07	6.356623E-09	1	Spitzer/IRS
2459337.854	5.761600E-06	4.635050E-07	4.185901E-07	6.382188E-09	1	Spitzer/IRS
2459337.854	5.791840E-06	4.602230E-07	4.112973E-07	6.412236E-09	1	Spitzer/IRS
2459337.854	5.822090E-06	4.538090E-07	4.013617E-07	6.381154E-09	1	Spitzer/IRS
2459337.854	5.852330E-06	4.479300E-07	3.920787E-07	6.334636E-09	1	Spitzer/IRS
2459337.854	5.882570E-06	4.504990E-07	3.902836E-07	6.372770E-09	1	Spitzer/IRS
2459337.854	5.912810E-06	4.607680E-07	3.951074E-07	6.462959E-09	1	Spitzer/IRS
2459337.854	5.943050E-06	4.615890E-07	3.917936E-07	6.529767E-09	1	Spitzer/IRS
2459337.854	5.973300E-06	4.537740E-07	3.812691E-07	6.516732E-09	1	Spitzer/IRS
2459337.854	6.003540E-06	4.472990E-07	3.720521E-07	6.550228E-09	1	Spitzer/IRS
2459337.854	6.033780E-06	4.414200E-07	3.634911E-07	6.516851E-09	1	Spitzer/IRS
2459337.854	6.064020E-06	4.433950E-07	3.614850E-07	6.503379E-09	1	Spitzer/IRS
2459337.854	6.094260E-06	4.492860E-07	3.626616E-07	6.607703E-09	1	Spitzer/IRS
2459337.854	6.124510E-06	4.405130E-07	3.520763E-07	6.624912E-09	1	Spitzer/IRS
2459337.854	6.154750E-06	4.359370E-07	3.450036E-07	6.675518E-09	1	Spitzer/IRS
2459337.854	6.184990E-06	4.334130E-07	3.396602E-07	6.705227E-09	1	Spitzer/IRS
2459337.854	6.215230E-06	4.299210E-07	3.336529E-07	6.817084E-09	1	Spitzer/IRS
2459337.854	6.245470E-06	4.339620E-07	3.335356E-07	6.854987E-09	1	Spitzer/IRS
2459337.854	6.275720E-06	4.418410E-07	3.363253E-07	7.072986E-09	1	Spitzer/IRS
2459337.854	6.305960E-06	4.338770E-07	3.271033E-07	7.327985E-09	1	Spitzer/IRS
2459337.854	6.336200E-06	4.275660E-07	3.192759E-07	7.701015E-09	1	Spitzer/IRS
2459337.854	6.366440E-06	4.369220E-07	3.231702E-07	7.849186E-09	1	Spitzer/IRS
2459337.854	6.396680E-06	4.402880E-07	3.225881E-07	7.832297E-09	1	Spitzer/IRS
2459337.854	6.426930E-06	4.480470E-07	3.251900E-07	7.746403E-09	1	Spitzer/IRS
2459337.854	6.457170E-06	4.461740E-07	3.208046E-07	7.595645E-09	1	Spitzer/IRS
2459337.854	6.487410E-06	4.345050E-07	3.095086E-07	7.425985E-09	1	Spitzer/IRS
2459337.854	6.517650E-06	4.351140E-07	3.070730E-07	7.507557E-09	1	Spitzer/IRS
2459337.854	6.547890E-06	4.223630E-07	2.953275E-07	7.564234E-09	1	Spitzer/IRS
2459337.854	6.578140E-06	4.339260E-07	3.006285E-07	7.605674E-09	1	Spitzer/IRS
2459337.854	6.608380E-06	4.381220E-07	3.007639E-07	7.411972E-09	1	Spitzer/IRS
2459337.854	6.638620E-06	4.322670E-07	2.940473E-07	6.959582E-09	1	Spitzer/IRS
2459337.854	6.668860E-06	4.105080E-07	2.767191E-07	6.476651E-09	1	Spitzer/IRS
2459337.854	6.699100E-06	4.126890E-07	2.756834E-07	6.263331E-09	1	Spitzer/IRS
2459337.854	6.729350E-06	4.091210E-07	2.708484E-07	6.111816E-09	1	Spitzer/IRS
2459337.854	6.759590E-06	4.158540E-07	2.728481E-07	6.161576E-09	1	Spitzer/IRS
2459337.854	6.789830E-06	4.061040E-07	2.640828E-07	6.102913E-09	1	Spitzer/IRS
2459337.854	6.820070E-06	4.027420E-07	2.595792E-07	6.017331E-09	1	Spitzer/IRS
2459337.854	6.850310E-06	4.097550E-07	2.617728E-07	5.962406E-09	1	Spitzer/IRS
2459337.854	6.880560E-06	4.111520E-07	2.603608E-07	5.858801E-09	1	Spitzer/IRS
2459337.854	6.910800E-06	4.021700E-07	2.524490E-07	5.776254E-09	1	Spitzer/IRS
2459337.854	6.941040E-06	3.880260E-07	2.414529E-07	5.743456E-09	1	Spitzer/IRS
2459337.854	6.971280E-06	3.901030E-07	2.406439E-07	5.802923E-09	1	Spitzer/IRS
2459337.854	7.001520E-06	3.979750E-07	2.433839E-07	5.886835E-09	1	Spitzer/IRS
2459337.854	7.031770E-06	4.075500E-07	2.470997E-07	5.936336E-09	1	Spitzer/IRS
2459337.854	7.062010E-06	4.052190E-07	2.435869E-07	5.844127E-09	1	Spitzer/IRS
2459337.854	7.092250E-06	3.923010E-07	2.338148E-07	5.628707E-09	1	Spitzer/IRS
2459337.854	7.122490E-06	3.879650E-07	2.292712E-07	5.443910E-09	1	Spitzer/IRS
2459337.854	7.152730E-06	3.870060E-07	2.267748E-07	5.307737E-09	1	Spitzer/IRS
2459337.854	7.182980E-06	3.834740E-07	2.228165E-07	5.320068E-09	1	Spitzer/IRS
2459337.854	7.213220E-06	3.767400E-07	2.170721E-07	5.465696E-09	1	Spitzer/IRS
2459337.854	7.243460E-06	3.682350E-07	2.104038E-07	5.662422E-09	1	Spitzer/IRS
2459337.854	7.273700E-06	3.636040E-07	2.060339E-07	5.853994E-09	1	Spitzer/IRS
2459337.854	7.303940E-06	3.771740E-07	2.119571E-07	6.119195E-09	1	Spitzer/IRS
2459337.854	7.334190E-06	3.718640E-07	2.072529E-07	6.193108E-09	1	Spitzer/IRS
2459337.854	7.364430E-06	3.637920E-07	2.010924E-07	6.178834E-09	1	Spitzer/IRS
2459337.854	7.394670E-06	3.734660E-07	2.047548E-07	6.325774E-09	1	Spitzer/IRS
2459337.854	7.424910E-06	3.742640E-07	2.035243E-07	6.462506E-09	1	Spitzer/IRS
2459337.854	7.455150E-06	3.728850E-07	2.011328E-07	6.689053E-09	1	Spitzer/IRS
2459337.854	7.485400E-06	3.736740E-07	1.999326E-07	7.033172E-09	1	Spitzer/IRS
2459337.854	7.515640E-06	3.654230E-07	1.939477E-07	7.347682E-09	1	Spitzer/IRS
2459337.854	7.545880E-06	3.504550E-07	1.845156E-07	7.623765E-09	1	Spitzer/IRS
2459337.854	7.394670E-06	3.772290E-07	2.068179E-07	4.876734E-09	1	Spitzer/IRS
2459337.854	7.455150E-06	3.973190E-07	2.143124E-07	4.855106E-09	1	Spitzer/IRS
2459337.854	7.515640E-06	3.787870E-07	2.010406E-07	4.713577E-09	1	Spitzer/IRS
2459337.854	7.576120E-06	3.826500E-07	1.998613E-07	4.774943E-09	1	Spitzer/IRS
2459337.854	7.636600E-06	3.601110E-07	1.851216E-07	4.661055E-09	1	Spitzer/IRS
2459337.854	7.697090E-06	3.607360E-07	1.825396E-07	4.598203E-09	1	Spitzer/IRS
2459337.854	7.757570E-06	3.859770E-07	1.922785E-07	4.659793E-09	1	Spitzer/IRS
2459337.854	7.818050E-06	3.767590E-07	1.847938E-07	4.614463E-09	1	Spitzer/IRS
2459337.854	7.878540E-06	3.829300E-07	1.849476E-07	4.597487E-09	1	Spitzer/IRS
2459337.854	7.939020E-06	3.872690E-07	1.842042E-07	4.416880E-09	1	Spitzer/IRS
2459337.854	7.999510E-06	4.101640E-07	1.921549E-07	4.283341E-09	1	Spitzer/IRS
2459337.854	8.059990E-06	4.369940E-07	2.016634E-07	4.061013E-09	1	Spitzer/IRS
2459337.854	8.120470E-06	4.677800E-07	2.126670E-07	3.961648E-09	1	Spitzer/IRS
2459337.854	8.180960E-06	4.840080E-07	2.168027E-07	3.873717E-09	1	Spitzer/IRS
2459337.854	8.241440E-06	5.051320E-07	2.229561E-07	3.785732E-09	1	Spitzer/IRS
2459337.854	8.301920E-06	5.234900E-07	2.277047E-07	3.660744E-09	1	Spitzer/IRS
2459337.854	8.362410E-06	5.523110E-07	2.367781E-07	3.513660E-09	1	Spitzer/IRS
2459337.854	8.422890E-06	5.879990E-07	2.484706E-07	3.444789E-09	1	Spitzer/IRS
2459337.854	8.483370E-06	6.019010E-07	2.507315E-07	3.817411E-09	1	Spitzer/IRS
2459337.854	8.543860E-06	6.234780E-07	2.560552E-07	5.041200E-09	1	Spitzer/IRS
2459337.854	8.604340E-06	6.243760E-07	2.528318E-07	7.224855E-09	1	Spitzer/IRS
2459337.854	7.515640E-06	3.840080E-07	2.038117E-07	4.188136E-09	1	Spitzer/IRS
2459337.854	7.576120E-06	3.754850E-07	1.961190E-07	3.902688E-09	1	Spitzer/IRS
2459337.854	7.636600E-06	3.608140E-07	1.854830E-07	3.669418E-09	1	Spitzer/IRS
2459337.854	7.697090E-06	3.570540E-07	1.806764E-07	3.411080E-09	1	Spitzer/IRS
2459337.854	7.757570E-06	3.647100E-07	1.816841E-07	3.236051E-09	1	Spitzer/IRS
2459337.854	7.818050E-06	3.735090E-07	1.831998E-07	3.182743E-09	1	Spitzer/IRS
2459337.854	7.878540E-06	3.744170E-07	1.808360E-07	3.204090E-09	1	Spitzer/IRS
2459337.854	7.939020E-06	3.895190E-07	1.852745E-07	3.226330E-09	1	Spitzer/IRS
2459337.854	7.999510E-06	4.044640E-07	1.894845E-07	3.146801E-09	1	Spitzer/IRS
2459337.854	8.059990E-06	4.284620E-07	1.977261E-07	3.127903E-09	1	Spitzer/IRS
2459337.854	8.120470E-06	4.616710E-07	2.098896E-07	3.139677E-09	1	Spitzer/IRS
2459337.854	8.180960E-06	4.895730E-07	2.192955E-07	3.221080E-09	1	Spitzer/IRS
2459337.854	8.241440E-06	5.107480E-07	2.254349E-07	3.267991E-09	1	Spitzer/IRS
2459337.854	8.301920E-06	5.323070E-07	2.315399E-07	3.299715E-09	1	Spitzer/IRS
2459337.854	8.362410E-06	5.538750E-07	2.374486E-07	3.288162E-09	1	Spitzer/IRS
2459337.854	8.422890E-06	5.893320E-07	2.490339E-07	3.354782E-09	1	Spitzer/IRS
2459337.854	8.483370E-06	6.079120E-07	2.532355E-07	3.391264E-09	1	Spitzer/IRS
2459337.854	8.543860E-06	6.266210E-07	2.573460E-07	3.538081E-09	1	Spitzer/IRS
2459337.854	8.604340E-06	6.569250E-07	2.660121E-07	3.594610E-09	1	Spitzer/IRS
2459337.854	8.664830E-06	6.965380E-07	2.781285E-07	3.640828E-09	1	Spitzer/IRS
2459337.854	8.725310E-06	7.289250E-07	2.870396E-07	3.652354E-09	1	Spitzer/IRS
2459337.854	8.785790E-06	7.536450E-07	2.927021E-07	3.657781E-09	1	Spitzer/IRS
2459337.854	8.846280E-06	7.870100E-07	3.014946E-07	3.663094E-09	1	Spitzer/IRS
2459337.854	8.906760E-06	8.192450E-07	3.095958E-07	3.655841E-09	1	Spitzer/IRS
2459337.854	8.967240E-06	8.746960E-07	3.261071E-07	3.687969E-09	1	Spitzer/IRS
2459337.854	9.027730E-06	9.169420E-07	3.372915E-07	3.638344E-09	1	Spitzer/IRS
2459337.854	9.088210E-06	9.523690E-07	3.456760E-07	3.546162E-09	1	Spitzer/IRS
2459337.854	9.148690E-06	1.011798E-06	3.624071E-07	3.474000E-09	1	Spitzer/IRS
2459337.854	9.209180E-06	1.061820E-06	3.753442E-07	3.397759E-09	1	Spitzer/IRS
2459337.854	9.269660E-06	1.108330E-06	3.866893E-07	3.354264E-09	1	Spitzer/IRS
2459337.854	9.330150E-06	1.136772E-06	3.914865E-07	3.281639E-09	1	Spitzer/IRS
2459337.854	9.390630E-06	1.167704E-06	3.969758E-07	3.233385E-09	1	Spitzer/IRS
2459337.854	9.451110E-06	1.194510E-06	4.009081E-07	3.145147E-09	1	Spitzer/IRS
2459337.854	9.511600E-06	1.232601E-06	4.084473E-07	3.046950E-09	1	Spitzer/IRS
2459337.854	9.572080E-06	1.248360E-06	4.084585E-07	2.895358E-09	1	Spitzer/IRS
2459337.854	9.632560E-06	1.256743E-06	4.060539E-07	2.788678E-09	1	Spitzer/IRS
2459337.854	9.693050E-06	1.280404E-06	4.085515E-07	2.713458E-09	1	Spitzer/IRS
2459337.854	9.753530E-06	1.302878E-06	4.105829E-07	2.652494E-09	1	Spitzer/IRS
2459337.854	9.814010E-06	1.304253E-06	4.059659E-07	2.594690E-09	1	Spitzer/IRS
2459337.854	9.874500E-06	1.303824E-06	4.008754E-07	2.552544E-09	1	Spitzer/IRS
2459337.854	9.934980E-06	1.310167E-06	3.979361E-07	2.515790E-09	1	Spitzer/IRS
2459337.854	9.995470E-06	1.303703E-06	3.911947E-07	2.461127E-09	1	Spitzer/IRS
2459337.854	1.005595E-05	1.292233E-06	3.831028E-07	2.404634E-09	1	Spitzer/IRS
2459337.854	1.011643E-05	1.277838E-06	3.743191E-07	2.362493E-09	1	Spitzer/IRS
2459337.854	1.017692E-05	1.263409E-06	3.657059E-07	2.339123E-09	1	Spitzer/IRS
2459337.854	1.023740E-05	1.252700E-06	3.583343E-07	2.337597E-09	1	Spitzer/IRS
2459337.854	1.029788E-05	1.235843E-06	3.493722E-07	2.343862E-09	1	Spitzer/IRS
2459337.854	1.035837E-05	1.225002E-06	3.422746E-07	2.361272E-09	1	Spitzer/IRS
2459337.854	1.041885E-05	1.209488E-06	3.340279E-07	2.387791E-09	1	Spitzer/IRS
2459337.854	1.047933E-05	1.199036E-06	3.273301E-07	2.416273E-09	1	Spitzer/IRS
2459337.854	1.053982E-05	1.187375E-06	3.204367E-07	2.416954E-09	1	Spitzer/IRS
2459337.854	1.060030E-05	1.164037E-06	3.105640E-07	2.434809E-09	1	Spitzer/IRS
2459337.854	1.066079E-05	1.150230E-06	3.034077E-07	2.436800E-09	1	Spitzer/IRS
2459337.854	1.072127E-05	1.137834E-06	2.967612E-07	2.467024E-09	1	Spitzer/IRS
2459337.854	1.078175E-05	1.116258E-06	2.878769E-07	2.506993E-09	1	Spitzer/IRS
2459337.854	1.084224E-05	1.116919E-06	2.848422E-07	2.557135E-09	1	Spitzer/IRS
2459337.854	1.090272E-05	1.090343E-06	2.749882E-07	2.607027E-09	1	Spitzer/IRS
2459337.854	1.096320E-05	1.088965E-06	2.716189E-07	2.660404E-09	1	Spitzer/IRS
2459337.854	1.102369E-05	1.074109E-06	2.649812E-07	2.690002E-09	1	Spitzer/IRS
2459337.854	1.108417E-05	1.057994E-06	2.581651E-07	2.692692E-09	1	Spitzer/IRS
2459337.854	1.114465E-05	1.033203E-06	2.493868E-07	2.670546E-09	1	Spitzer/IRS
2459337.854	1.120514E-05	1.024452E-06	2.446120E-07	2.616002E-09	1	Spitzer/IRS
2459337.854	1.126562E-05	9.847810E-07	2.326217E-07	2.514290E-09	1	Spitzer/IRS
2459337.854	1.132611E-05	9.676050E-07	2.261295E-07	2.412488E-09	1	Spitzer/IRS
2459337.854	1.138659E-05	9.300510E-07	2.150503E-07	2.275246E-09	1	Spitzer/IRS
2459337.854	1.144707E-05	9.037370E-07	2.067636E-07	2.184004E-09	1	Spitzer/IRS
2459337.854	1.150756E-05	8.574190E-07	1.941097E-07	2.084132E-09	1	Spitzer/IRS
2459337.854	1.156804E-05	8.242380E-07	1.846519E-07	2.021623E-09	1	Spitzer/IRS
2459337.854	1.162852E-05	7.850650E-07	1.740514E-07	1.922166E-09	1	Spitzer/IRS
2459337.854	1.168901E-05	7.662170E-07	1.681191E-07	1.840448E-09	1	Spitzer/IRS
2459337.854	1.174949E-05	7.423210E-07	1.612035E-07	2.230899E-09	1	Spitzer/IRS
2459337.854	1.180997E-05	7.037640E-07	1.512691E-07	1.741252E-09	1	Spitzer/IRS
2459337.854	1.187046E-05	6.769220E-07	1.440205E-07	1.606747E-09	1	Spitzer/IRS
2459337.854	1.193094E-05	6.576770E-07	1.385109E-07	1.547114E-09	1	Spitzer/IRS
2459337.854	1.199143E-05	6.374720E-07	1.329046E-07	1.496519E-09	1	Spitzer/IRS
2459337.854	1.205191E-05	6.181490E-07	1.275857E-07	1.471217E-09	1	Spitzer/IRS
2459337.854	1.211239E-05	5.988790E-07	1.223771E-07	1.438375E-09	1	Spitzer/IRS
2459337.854	1.217288E-05	5.808230E-07	1.175108E-07	1.407929E-09	1	Spitzer/IRS
2459337.854	1.223336E-05	5.654580E-07	1.132738E-07	1.386631E-09	1	Spitzer/IRS
2459337.854	1.229384E-05	5.542020E-07	1.099294E-07	1.367864E-09	1	Spitzer/IRS
2459337.854	1.235433E-05	5.454570E-07	1.071378E-07	1.358037E-09	1	Spitzer/IRS
2459337.854	1.241481E-05	5.306900E-07	1.032242E-07	1.337252E-09	1	Spitzer/IRS
2459337.854	1.247529E-05	5.152740E-07	9.925620E-08	1.325281E-09	1	Spitzer/IRS
2459337.854	1.253578E-05	5.074620E-07	9.681029E-08	1.313857E-09	1	Spitzer/IRS
2459337.854	1.259626E-05	5.060030E-07	9.560719E-08	1.311662E-09	1	Spitzer/IRS
2459337.854	1.265675E-05	5.008880E-07	9.373827E-08	1.315062E-09	1	Spitzer/IRS
2459337.854	1.271723E-05	4.920420E-07	9.120903E-08	1.320750E-09	1	Spitzer/IRS
2459337.854	1.277771E-05	4.984070E-07	9.151637E-08	1.336003E-09	1	Spitzer/IRS
2459337.854	1.283820E-05	4.969520E-07	9.039135E-08	1.366915E-09	1	Spitzer/IRS
2459337.854	1.289868E-05	4.907150E-07	8.842183E-08	1.399894E-09	1	Spitzer/IRS
2459337.854	1.295916E-05	4.824210E-07	8.611785E-08	1.415420E-09	1	Spitzer/IRS
2459337.854	1.301965E-05	4.913230E-07	8.689388E-08	1.463845E-09	1	Spitzer/IRS
2459337.854	1.308013E-05	4.926370E-07	8.632242E-08	1.522532E-09	1	Spitzer/IRS
2459337.854	1.314061E-05	4.891380E-07	8.492216E-08	1.550738E-09	1	Spitzer/IRS
2459337.854	1.320110E-05	4.987290E-07	8.579561E-08	1.613111E-09	1	Spitzer/IRS
2459337.854	1.326158E-05	4.958240E-07	8.451965E-08	1.645991E-09	1	Spitzer/IRS
2459337.854	1.332206E-05	5.023100E-07	8.484959E-08	1.670776E-09	1	Spitzer/IRS
2459337.854	1.338255E-05	5.054990E-07	8.461810E-08	1.697555E-09	1	Spitzer/IRS
2459337.854	1.344303E-05	5.167160E-07	8.571923E-08	1.736063E-09	1	Spitzer/IRS
2459337.854	1.350352E-05	5.191560E-07	8.535414E-08	1.748823E-09	1	Spitzer/IRS
2459337.854	1.356400E-05	5.207830E-07	8.485979E-08	1.719901E-09	1	Spitzer/IRS
2459337.854	1.362448E-05	5.287610E-07	8.539653E-08	1.687384E-09	1	Spitzer/IRS
2459337.854	1.368497E-05	5.310260E-07	8.500585E-08	1.654731E-09	1	Spitzer/IRS
2459337.854	1.374545E-05	5.365490E-07	8.513579E-08	1.637980E-09	1	Spitzer/IRS
2459337.854	1.380593E-05	5.466080E-07	8.597365E-08	1.624762E-09	1	Spitzer/IRS
2459337.854	1.386642E-05	5.507990E-07	8.587864E-08	1.582396E-09	1	Spitzer/IRS
2459337.854	1.392690E-05	5.569560E-07	8.608603E-08	1.567910E-09	1	Spitzer/IRS
2459337.854	1.398738E-05	5.640690E-07	8.643312E-08	1.582115E-09	1	Spitzer/IRS
2459337.854	1.404787E-05	5.848500E-07	8.884730E-08	1.532211E-09	1	Spitzer/IRS
2459337.854	1.410835E-05	5.796680E-07	8.730670E-08	1.546515E-09	1	Spitzer/IRS
2459337.854	1.416884E-05	5.715390E-07	8.534891E-08	1.533040E-09	1	Spitzer/IRS
2459337.854	1.422932E-05	5.735620E-07	8.492446E-08	1.500343E-09	1	Spitzer/IRS
2459337.854	1.398468E-05	5.535350E-07	8.485173E-08	2.688105E-09	1	Spitzer/IRS
2459337.854	1.406935E-05	5.668740E-07	8.585373E-08	2.151364E-09	1	Spitzer/IRS
2459337.854	1.415403E-05	5.292240E-07	7.919541E-08	2.060603E-09	1	Spitzer/IRS
2459337.854	1.423871E-05	5.846330E-07	8.644955E-08	1.731111E-09	1	Spitzer/IRS
2459337.854	1.432338E-05	6.000060E-07	8.767692E-08	1.505251E-09	1	Spitzer/IRS
2459337.854	1.440806E-05	6.171940E-07	8.913153E-08	1.398940E-09	1	Spitzer/IRS
2459337.854	1.449274E-05	6.324210E-07	9.026637E-08	1.330543E-09	1	Spitzer/IRS
2459337.854	1.457741E-05	6.335370E-07	8.937827E-08	1.307513E-09	1	Spitzer/IRS
2459337.854	1.466209E-05	6.362510E-07	8.872733E-08	1.335266E-09	1	Spitzer/IRS
2459337.854	1.474677E-05	6.432620E-07	8.867777E-08	1.393728E-09	1	Spitzer/IRS
2459337.854	1.483145E-05	6.483100E-07	8.835603E-08	1.402390E-09	1	Spitzer/IRS
2459337.854	1.491612E-05	6.694520E-07	9.020454E-08	1.460489E-09	1	Spitzer/IRS
2459337.854	1.500080E-05	6.709080E-07	8.938298E-08	1.504531E-09	1	Spitzer/IRS
2459337.854	1.508548E-05	6.990450E-07	9.208896E-08	1.556322E-09	1	Spitzer/IRS
2459337.854	1.517015E-05	7.233440E-07	9.422927E-08	1.569480E-09	1	Spitzer/IRS
2459337.854	1.525483E-05	7.330760E-07	9.443978E-08	1.481765E-09	1	Spitzer/IRS
2459337.854	1.533951E-05	7.424490E-07	9.459417E-08	1.355624E-09	1	Spitzer/IRS
2459337.854	1.542418E-05	7.673410E-07	9.669520E-08	1.205570E-09	1	Spitzer/IRS
2459337.854	1.550886E-05	7.972650E-07	9.937191E-08	1.130494E-09	1	Spitzer/IRS
2459337.854	1.559354E-05	8.363420E-07	1.031134E-07	1.091865E-09	1	Spitzer/IRS
2459337.854	1.567821E-05	8.594160E-07	1.048169E-07	1.066444E-09	1	Spitzer/IRS
2459337.854	1.576289E-05	8.801980E-07	1.062012E-07	1.086628E-09	1	Spitzer/IRS
2459337.854	1.584757E-05	9.137450E-07	1.090738E-07	1.176034E-09	1	Spitzer/IRS
2459337.854	1.593224E-05	9.388840E-07	1.108866E-07	1.321237E-09	1	Spitzer/IRS
2459337.854	1.601692E-05	9.785070E-07	1.143475E-07	1.493343E-09	1	Spitzer/IRS
2459337.854	1.610160E-05	1.025426E-06	1.185733E-07	1.635979E-09	1	Spitzer/IRS
2459337.854	1.618628E-05	1.055510E-06	1.207783E-07	1.818809E-09	1	Spitzer/IRS
2459337.854	1.627095E-05	1.092701E-06	1.237360E-07	1.927209E-09	1	Spitzer/IRS
2459337.854	1.635563E-05	1.097612E-06	1.230085E-07	1.826727E-09	1	Spitzer/IRS
2459337.854	1.644031E-05	1.111398E-06	1.232737E-07	1.629602E-09	1	Spitzer/IRS
2459337.854	1.652498E-05	1.139031E-06	1.250473E-07	1.457601E-09	1	Spitzer/IRS
2459337.854	1.660966E-05	1.181290E-06	1.283677E-07	1.363124E-09	1	Spitzer/IRS
2459337.854	1.669434E-05	1.198644E-06	1.289355E-07	1.331904E-09	1	Spitzer/IRS
2459337.854	1.677901E-05	1.228498E-06	1.308165E-07	1.325737E-09	1	Spitzer/IRS
2459337.854	1.686369E-05	1.243711E-06	1.311097E-07	1.323841E-09	1	Spitzer/IRS
2459337.854	1.694837E-05	1.231270E-06	1.285044E-07	1.321187E-09	1	Spitzer/IRS
2459337.854	1.703304E-05	1.253084E-06	1.294841E-07	1.342597E-09	1	Spitzer/IRS
2459337.854	1.711772E-05	1.292112E-06	1.321993E-07	1.436468E-09	1	Spitzer/IRS
2459337.854	1.720240E-05	1.314438E-06	1.331627E-07	1.553757E-09	1	Spitzer/IRS
2459337.854	1.728707E-05	1.318356E-06	1.322545E-07	1.740213E-09	1	Spitzer/IRS
2459337.854	1.737175E-05	1.345951E-06	1.337097E-07	1.793026E-09	1	Spitzer/IRS
2459337.854	1.745643E-05	1.373810E-06	1.351564E-07	1.678866E-09	1	Spitzer/IRS
2459337.854	1.754111E-05	1.389788E-06	1.354114E-07	1.511967E-09	1	Spitzer/IRS
2459337.854	1.762578E-05	1.421573E-06	1.371808E-07	1.416899E-09	1	Spitzer/IRS
2459337.854	1.771046E-05	1.466373E-06	1.401540E-07	1.401566E-09	1	Spitzer/IRS
2459337.854	1.779514E-05	1.485969E-06	1.406785E-07	1.369419E-09	1	Spitzer/IRS
2459337.854	1.787981E-05	1.485799E-06	1.393333E-07	1.350853E-09	1	Spitzer/IRS
2459337.854	1.796449E-05	1.493576E-06	1.387453E-07	1.371776E-09	1	Spitzer/IRS
2459337.854	1.804917E-05	1.520280E-06	1.399039E-07	1.429242E-09	1	Spitzer/IRS
2459337.854	1.813384E-05	1.552914E-06	1.415756E-07	1.494148E-09	1	Spitzer/IRS
2459337.854	1.821852E-05	1.562308E-06	1.411111E-07	1.595271E-09	1	Spitzer/IRS
2459337.854	1.830320E-05	1.570069E-06	1.405029E-07	1.729184E-09	1	Spitzer/IRS
2459337.854	1.838787E-05	1.602528E-06	1.420900E-07	1.907652E-09	1	Spitzer/IRS
2459337.854	1.847255E-05	1.637569E-06	1.438688E-07	1.967339E-09	1	Spitzer/IRS
2459337.854	1.855723E-05	1.666764E-06	1.451004E-07	1.911644E-09	1	Spitzer/IRS
2459337.854	1.864190E-05	1.640655E-06	1.415330E-07	1.787607E-09	1	Spitzer/IRS
2459337.854	1.872658E-05	1.659689E-06	1.418830E-07	1.673080E-09	1	Spitzer/IRS
2459337.854	1.881126E-05	1.675398E-06	1.419394E-07	1.554269E-09	1	Spitzer/IRS
2459337.854	1.889594E-05	1.686411E-06	1.415947E-07	1.480841E-09	1	Spitzer/IRS
2459337.854	1.898061E-05	1.698285E-06	1.413224E-07	1.480307E-09	1	Spitzer/IRS
2459337.854	1.906529E-05	1.705748E-06	1.406853E-07	1.528220E-09	1	Spitzer/IRS
2459337.854	1.914997E-05	1.697488E-06	1.387686E-07	1.613161E-09	1	Spitzer/IRS
2459337.854	1.931932E-05	1.708435E-06	1.372257E-07	1.879144E-09	1	Spitzer/IRS
2459337.854	1.940400E-05	1.753520E-06	1.396204E-07	2.055307E-09	1	Spitzer/IRS
2459337.854	1.948867E-05	1.734071E-06	1.368747E-07	2.177039E-09	1	Spitzer/IRS
2459337.854	1.957335E-05	1.757707E-06	1.375425E-07	2.276011E-09	1	Spitzer/IRS
2459337.854	1.965803E-05	1.789572E-06	1.388321E-07	2.211682E-09	1	Spitzer/IRS
2459337.854	1.974270E-05	1.769349E-06	1.360884E-07	2.039539E-09	1	Spitzer/IRS
2459337.854	1.982738E-05	1.744250E-06	1.330144E-07	1.893506E-09	1	Spitzer/IRS
2459337.854	1.991206E-05	1.767841E-06	1.336693E-07	1.758196E-09	1	Spitzer/IRS
2459337.854	1.999673E-05	1.779755E-06	1.334329E-07	1.654421E-09	1	Spitzer/IRS
2459337.854	2.008141E-05	1.773140E-06	1.318182E-07	1.604293E-09	1	Spitzer/IRS
2459337.854	2.016609E-05	1.750738E-06	1.290620E-07	1.609278E-09	1	Spitzer/IRS
2459337.854	2.025077E-05	1.747261E-06	1.277307E-07	1.670998E-09	1	Spitzer/IRS
2459337.854	2.033544E-05	1.758917E-06	1.275143E-07	1.778977E-09	1	Spitzer/IRS
2459337.854	2.042012E-05	1.746006E-06	1.255307E-07	1.915019E-09	1	Spitzer/IRS
2459337.854	2.050480E-05	1.766057E-06	1.259257E-07	2.087975E-09	1	Spitzer/IRS
2459337.854	2.058947E-05	1.787025E-06	1.263749E-07	2.392816E-09	1	Spitzer/IRS
2459337.854	2.067415E-05	1.781436E-06	1.249498E-07	2.667282E-09	1	Spitzer/IRS
2459337.854	2.075883E-05	1.731843E-06	1.204824E-07	2.609320E-09	1	Spitzer/IRS
2459337.854	1.940400E-05	1.744253E-06	1.388825E-07	1.359880E-09	1	Spitzer/IRS
2459337.854	1.957335E-05	1.735419E-06	1.357984E-07	1.229012E-09	1	Spitzer/IRS
2459337.854	1.974270E-05	1.736997E-06	1.336001E-07	1.142333E-09	1	Spitzer/IRS
2459337.854	1.991206E-05	1.755029E-06	1.327005E-07	1.098636E-09	1	Spitzer/IRS
2459337.854	2.008141E-05	1.777310E-06	1.321282E-07	1.090444E-09	1	Spitzer/IRS
2459337.854	2.025077E-05	1.792992E-06	1.310738E-07	1.103642E-09	1	Spitzer/IRS
2459337.854	2.042012E-05	1.818074E-06	1.307121E-07	1.148393E-09	1	Spitzer/IRS
2459337.854	2.058947E-05	1.868267E-06	1.321202E-07	1.264156E-09	1	Spitzer/IRS
2459337.854	2.008141E-05	1.525660E-06	1.134201E-07	6.299490E-09	1	Spitzer/IRS
2459337.854	2.025077E-05	1.623907E-06	1.187131E-07	3.128241E-09	1	Spitzer/IRS
2459337.854	2.042012E-05	1.711057E-06	1.230180E-07	1.618233E-09	1	Spitzer/IRS
2459337.854	2.058947E-05	1.728520E-06	1.222376E-07	1.347886E-09	1	Spitzer/IRS
2459337.854	2.075883E-05	1.746440E-06	1.214979E-07	1.321600E-09	1	Spitzer/IRS
2459337.854	2.092818E-05	1.771835E-06	1.212777E-07	1.159296E-09	1	Spitzer/IRS
2459337.854	2.109753E-05	1.828017E-06	1.231226E-07	1.094757E-09	1	Spitzer/IRS
2459337.854	2.126689E-05	1.844167E-06	1.222399E-07	1.207242E-09	1	Spitzer/IRS
2459337.854	2.143624E-05	1.833542E-06	1.196229E-07	1.169844E-09	1	Spitzer/IRS
2459337.854	2.160560E-05	1.851918E-06	1.189350E-07	1.048563E-09	1	Spitzer/IRS
2459337.854	2.177495E-05	1.874045E-06	1.184913E-07	1.158898E-09	1	Spitzer/IRS
2459337.854	2.194430E-05	1.863489E-06	1.160123E-07	1.282088E-09	1	Spitzer/IRS
2459337.854	2.211366E-05	1.902332E-06	1.166234E-07	1.137278E-09	1	Spitzer/IRS
2459337.854	2.228301E-05	2.010089E-06	1.213636E-07	1.085582E-09	1	Spitzer/IRS
2459337.854	2.245236E-05	1.920610E-06	1.142184E-07	1.170069E-09	1	Spitzer/IRS
2459337.854	2.262172E-05	1.902192E-06	1.114356E-07	1.217349E-09	1	Spitzer/IRS
2459337.854	2.279107E-05	1.895396E-06	1.093934E-07	1.043897E-09	1	Spitzer/IRS
2459337.854	2.296043E-05	1.923965E-06	1.094102E-07	8.929832E-10	1	Spitzer/IRS
2459337.854	2.312978E-05	1.992533E-06	1.116563E-07	9.275865E-10	1	Spitzer/IRS
2459337.854	2.329913E-05	1.966856E-06	1.086210E-07	9.667260E-10	1	Spitzer/IRS
2459337.854	2.346849E-05	1.969781E-06	1.072182E-07	8.610521E-10	1	Spitzer/IRS
2459337.854	2.363784E-05	2.000827E-06	1.073531E-07	7.353332E-10	1	Spitzer/IRS
2459337.854	2.380719E-05	2.026920E-06	1.072114E-07	6.699523E-10	1	Spitzer/IRS
2459337.854	2.397655E-05	1.992991E-06	1.039328E-07	6.647453E-10	1	Spitzer/IRS
2459337.854	2.414590E-05	1.966831E-06	1.011349E-07	6.590529E-10	1	Spitzer/IRS
2459337.854	2.431526E-05	1.840706E-06	9.333559E-08	6.433629E-10	1	Spitzer/IRS
2459337.854	2.448461E-05	1.832478E-06	9.163747E-08	6.149411E-10	1	Spitzer/IRS
2459337.854	2.465396E-05	1.949314E-06	9.614554E-08	6.046477E-10	1	Spitzer/IRS
2459337.854	2.482332E-05	1.956221E-06	9.517412E-08	6.430825E-10	1	Spitzer/IRS
2459337.854	2.499267E-05	1.971192E-06	9.460723E-08	6.886793E-10	1	Spitzer/IRS
2459337.854	2.516202E-05	1.990210E-06	9.423855E-08	7.087033E-10	1	Spitzer/IRS
2459337.854	2.533138E-05	1.956386E-06	9.140239E-08	6.923439E-10	1	Spitzer/IRS
2459337.854	2.550073E-05	1.920354E-06	8.853129E-08	7.040628E-10	1	Spitzer/IRS
2459337.854	2.567009E-05	1.969405E-06	8.959854E-08	7.884779E-10	1	Spitzer/IRS
2459337.854	2.583944E-05	1.940929E-06	8.714935E-08	8.599410E-10	1	Spitzer/IRS
2459337.854	2.600879E-05	1.941167E-06	8.602869E-08	8.788708E-10	1	Spitzer/IRS
2459337.854	2.617815E-05	1.920194E-06	8.400167E-08	8.029661E-10	1	Spitzer/IRS
2459337.854	2.634750E-05	1.911860E-06	8.256538E-08	7.160652E-10	1	Spitzer/IRS
2459337.854	2.651685E-05	1.955486E-06	8.337418E-08	6.725409E-10	1	Spitzer/IRS
2459337.854	2.668621E-05	1.979381E-06	8.332519E-08	6.756923E-10	1	Spitzer/IRS
2459337.854	2.685556E-05	1.987250E-06	8.260470E-08	6.684860E-10	1	Spitzer/IRS
2459337.854	2.702492E-05	1.993724E-06	8.183836E-08	6.381731E-10	1	Spitzer/IRS
2459337.854	2.719427E-05	2.012393E-06	8.157906E-08	5.942514E-10	1	Spitzer/IRS
2459337.854	2.736362E-05	2.063057E-06	8.260091E-08	5.529263E-10	1	Spitzer/IRS
2459337.854	2.753298E-05	2.071471E-06	8.192060E-08	5.319476E-10	1	Spitzer/IRS
2459337.854	2.770233E-05	2.050629E-06	8.010787E-08	5.408943E-10	1	Spitzer/IRS
2459337.854	2.787168E-05	2.068502E-06	7.982710E-08	5.828897E-10	1	Spitzer/IRS
2459337.854	2.804104E-05	2.087283E-06	7.958181E-08	6.387795E-10	1	Spitzer/IRS
2459337.854	2.821039E-05	2.106352E-06	7.934754E-08	6.850022E-10	1	Spitzer/IRS
2459337.854	2.837975E-05	2.090398E-06	7.780949E-08	6.985143E-10	1	Spitzer/IRS
2459337.854	2.854910E-05	2.068440E-06	7.608145E-08	6.961370E-10	1	Spitzer/IRS
2459337.854	2.871845E-05	2.067808E-06	7.516383E-08	7.033269E-10	1	Spitzer/IRS
2459337.854	2.888781E-05	2.057032E-06	7.389797E-08	7.486319E-10	1	Spitzer/IRS
2459337.854	2.905716E-05	2.073367E-06	7.361911E-08	7.885047E-10	1	Spitzer/IRS
2459337.854	2.922651E-05	2.052317E-06	7.202964E-08	7.984508E-10	1	Spitzer/IRS
2459337.854	2.939587E-05	2.093712E-06	7.263819E-08	7.594753E-10	1	Spitzer/IRS
2459337.854	2.956522E-05	2.090986E-06	7.171493E-08	6.914312E-10	1	Spitzer/IRS
2459337.854	2.973458E-05	2.082178E-06	7.060166E-08	6.175253E-10	1	Spitzer/IRS
2459337.854	2.990393E-05	2.080542E-06	6.974943E-08	5.715281E-10	1	Spitzer/IRS
2459337.854	3.007328E-05	2.093323E-06	6.938975E-08	5.503916E-10	1	Spitzer/IRS
2459337.854	3.024264E-05	2.145693E-06	7.033134E-08	5.671890E-10	1	Spitzer/IRS
2459337.854	3.041199E-05	2.146064E-06	6.956226E-08	6.027685E-10	1	Spitzer/IRS
2459337.854	3.058134E-05	2.107839E-06	6.756863E-08	6.290966E-10	1	Spitzer/IRS
2459337.854	3.075070E-05	2.172319E-06	6.887067E-08	6.901273E-10	1	Spitzer/IRS
2459337.854	3.092005E-05	2.201466E-06	6.903229E-08	7.447701E-10	1	Spitzer/IRS
2459337.854	3.108941E-05	2.174103E-06	6.743352E-08	7.959819E-10	1	Spitzer/IRS
2459337.854	3.125876E-05	2.165704E-06	6.644714E-08	8.739024E-10	1	Spitzer/IRS
2459337.854	3.142811E-05	2.121973E-06	6.440566E-08	8.751329E-10	1	Spitzer/IRS
2459337.854	3.159747E-05	2.202372E-06	6.613125E-08	9.076948E-10	1	Spitzer/IRS
2459337.854	3.176682E-05	2.160604E-06	6.418719E-08	8.599868E-10	1	Spitzer/IRS
2459337.854	3.193617E-05	2.213054E-06	6.504996E-08	8.243478E-10	1	Spitzer/IRS
2459337.854	3.210553E-05	2.250665E-06	6.545938E-08	8.125617E-10	1	Spitzer/IRS
2459337.854	3.227488E-05	2.300109E-06	6.619723E-08	8.077407E-10	1	Spitzer/IRS
2459337.854	3.244424E-05	2.328582E-06	6.631886E-08	7.968235E-10	1	Spitzer/IRS
2459337.854	3.261359E-05	2.375284E-06	6.694822E-08	7.827355E-10	1	Spitzer/IRS
2459337.854	3.278294E-05	2.393895E-06	6.677748E-08	7.783516E-10	1	Spitzer/IRS
2459337.854	3.295230E-05	2.386156E-06	6.587916E-08	7.973729E-10	1	Spitzer/IRS
2459337.854	3.312165E-05	2.460986E-06	6.725211E-08	8.664941E-10	1	Spitzer/IRS
2459337.854	3.329100E-05	2.479210E-06	6.706259E-08	9.865670E-10	1	Spitzer/IRS
2459337.854	3.346036E-05	2.558681E-06	6.851342E-08	1.131375E-09	1	Spitzer/IRS
2459337.854	3.362971E-05	2.424577E-06	6.427032E-08	1.290667E-09	1	Spitzer/IRS
2459337.854	3.379907E-05	2.872454E-06	7.538141E-08	1.467947E-09	1	Spitzer/IRS
2459337.854	3.396842E-05	2.720594E-06	7.068606E-08	1.403903E-09	1	Spitzer/IRS
2459337.854	3.413777E-05	2.556252E-06	6.575883E-08	1.245359E-09	1	Spitzer/IRS
2459337.854	3.430713E-05	2.454508E-06	6.251963E-08	1.147663E-09	1	Spitzer/IRS
2459337.854	3.447648E-05	2.391227E-06	6.031088E-08	1.042238E-09	1	Spitzer/IRS
2459337.854	3.464583E-05	2.545692E-06	6.358060E-08	1.067139E-09	1	Spitzer/IRS
2459337.854	3.481519E-05	2.614779E-06	6.467228E-08	1.090296E-09	1	Spitzer/IRS
2459337.854	3.498454E-05	2.560778E-06	6.272495E-08	1.131670E-09	1	Spitzer/IRS
