# HJD & lambda [m] & band [m] & F_lambda [J s^-1 m^-2 m^-1] & sigma [dtto] & dataset & filename
2459337.85417	1e-07	1e-07	1	1	1	vizier
2459337.85417	1.0115911122238297e-07	1.0115911122238297e-07	1	1	1	vizier
2459337.85417	1.023316578330245e-07	1.023316578330245e-07	1	1	1	vizier
2459337.85417	1.0351779556301762e-07	1.0351779556301762e-07	1	1	1	vizier
2459337.85417	1.0471768194855202e-07	1.0471768194855202e-07	1	1	1	vizier
2459337.85417	1.05931476351837e-07	1.05931476351837e-07	1	1	1	vizier
2459337.85417	1.0715933998226712e-07	1.0715933998226712e-07	1	1	1	vizier
2459337.85417	1.0840143591783309e-07	1.0840143591783309e-07	1	1	1	vizier
2459337.85417	1.0965792912678099e-07	1.0965792912678099e-07	1	1	1	vizier
2459337.85417	1.1092898648952227e-07	1.1092898648952227e-07	1	1	1	vizier
2459337.85417	1.1221477682079802e-07	1.1221477682079802e-07	1	1	1	vizier
2459337.85417	1.135154708920999e-07	1.135154708920999e-07	1	1	1	vizier
2459337.85417	1.1483124145435111e-07	1.1483124145435111e-07	1	1	1	vizier
2459337.85417	1.1616226326085018e-07	1.1616226326085018e-07	1	1	1	vizier
2459337.85417	1.1750871309048075e-07	1.1750871309048075e-07	1	1	1	vizier
2459337.85417	1.1887076977119033e-07	1.1887076977119033e-07	1	1	1	vizier
2459337.85417	1.202486142037412e-07	1.202486142037412e-07	1	1	1	vizier
2459337.85417	1.2164242938573679e-07	1.2164242938573679e-07	1	1	1	vizier
2459337.85417	1.2305240043592615e-07	1.2305240043592615e-07	1	1	1	vizier
2459337.85417	1.244787146187906e-07	1.244787146187906e-07	1	1	1	vizier
2459337.85417	1.259215613694151e-07	1.259215613694151e-07	1	1	1	vizier
2459337.85417	1.2738113231864784e-07	1.2738113231864784e-07	1	1	1	vizier
2459337.85417	1.288576213185518e-07	1.288576213185518e-07	1	1	1	vizier
2459337.85417	1.303512244681509e-07	1.303512244681509e-07	1	1	1	vizier
2459337.85417	1.3186214013947485e-07	1.3186214013947485e-07	1	1	1	vizier
2459337.85417	1.3339056900390586e-07	1.3339056900390586e-07	1	1	1	vizier
2459337.85417	1.3493671405883065e-07	1.3493671405883065e-07	1	1	1	vizier
2459337.85417	1.365007806546014e-07	1.365007806546014e-07	1	1	1	vizier
2459337.85417	1.3808297652180922e-07	1.3808297652180922e-07	1	1	1	vizier
2459337.85417	1.3968351179887398e-07	1.3968351179887398e-07	1	1	1	vizier
2459337.85417	1.4130259905995337e-07	1.4130259905995337e-07	1	1	1	vizier
2459337.85417	1.429404533431761e-07	1.429404533431761e-07	1	1	1	vizier
2459337.85417	1.4459729217920195e-07	1.4459729217920195e-07	1	1	1	vizier
2459337.85417	1.4627333562011298e-07	1.4627333562011298e-07	1	1	1	vizier
2459337.85417	1.4796880626863963e-07	1.4796880626863963e-07	1	1	1	vizier
2459337.85417	1.4968392930772555e-07	1.4968392930772555e-07	1	1	1	vizier
2459337.85417	1.514189325304352e-07	1.514189325304352e-07	1	1	1	vizier
2459337.85417	1.5317404637020798e-07	1.5317404637020798e-07	1	1	1	vizier
2459337.85417	1.5494950393146317e-07	1.5494950393146317e-07	1	1	1	vizier
2459337.85417	1.567455410205595e-07	1.567455410205595e-07	1	1	1	vizier
2459337.85417	1.585623961771137e-07	1.585623961771137e-07	1	1	1	vizier
2459337.85417	1.60400310705682e-07	1.60400310705682e-07	1	1	1	vizier
2459337.85417	1.6225952870780872e-07	1.6225952870780872e-07	1	1	1	vizier
2459337.85417	1.6414029711444665e-07	1.6414029711444665e-07	1	1	1	vizier
2459337.85417	1.6604286571875294e-07	1.6604286571875294e-07	1	1	1	vizier
2459337.85417	1.6796748720926532e-07	1.6796748720926532e-07	1	1	1	vizier
2459337.85417	1.699144172034626e-07	1.699144172034626e-07	1	1	1	vizier
2459337.85417	1.7188391428171457e-07	1.7188391428171457e-07	1	1	1	vizier
2459337.85417	1.7387624002162505e-07	1.7387624002162505e-07	1	1	1	vizier
2459337.85417	1.7589165903277327e-07	1.7589165903277327e-07	1	1	1	vizier
2459337.85417	1.7793043899185772e-07	1.7793043899185772e-07	1	1	1	vizier
2459337.85417	1.7999285067824766e-07	1.7999285067824766e-07	1	1	1	vizier
2459337.85417	1.8207916800994626e-07	1.8207916800994626e-07	1	1	1	vizier
2459337.85417	1.8418966807997108e-07	1.8418966807997108e-07	1	1	1	vizier
2459337.85417	1.8632463119315597e-07	1.8632463119315597e-07	1	1	1	vizier
2459337.85417	1.8848434090337954e-07	1.8848434090337954e-07	1	1	1	vizier
2459337.85417	1.906690840512252e-07	1.906690840512252e-07	1	1	1	vizier
2459337.85417	1.9287915080207776e-07	1.9287915080207776e-07	1	1	1	vizier
2459337.85417	1.9511483468466165e-07	1.9511483468466165e-07	1	1	1	vizier
2459337.85417	1.9737643263002555e-07	1.9737643263002555e-07	1	1	1	vizier
2459337.85417	1.9966424501097934e-07	1.9966424501097934e-07	1	1	1	vizier
2459337.85417	2.0197857568198784e-07	2.0197857568198784e-07	1	1	1	vizier
2459337.85417	2.0431973201952705e-07	2.0431973201952705e-07	1	1	1	vizier
2459337.85417	2.066880249629082e-07	2.066880249629082e-07	1	1	1	vizier
2459337.85417	2.09083769055575e-07	2.09083769055575e-07	1	1	1	vizier
2459337.85417	2.1150728248687947e-07	2.1150728248687947e-07	1	1	1	vizier
2459337.85417	2.1395888713434216e-07	2.1395888713434216e-07	1	1	1	vizier
2459337.85417	2.1643890860640204e-07	2.1643890860640204e-07	1	1	1	vizier
2459337.85417	2.1894767628566207e-07	2.1894767628566207e-07	1	1	1	vizier
2459337.85417	2.2148552337263594e-07	2.2148552337263594e-07	1	1	1	vizier
2459337.85417	2.2405278693000183e-07	2.2405278693000183e-07	1	1	1	vizier
2459337.85417	2.2664980792736928e-07	2.2664980792736928e-07	1	1	1	vizier
2459337.85417	2.292769312865649e-07	2.292769312865649e-07	1	1	1	vizier
2459337.85417	2.3193450592744276e-07	2.3193450592744276e-07	1	1	1	vizier
2459337.85417	2.3462288481422625e-07	2.3462288481422625e-07	1	1	1	vizier
2459337.85417	2.373424250023866e-07	2.373424250023866e-07	1	1	1	vizier
2459337.85417	2.4009348768606516e-07	2.4009348768606516e-07	1	1	1	vizier
2459337.85417	2.4287643824604503e-07	2.4287643824604503e-07	1	1	1	vizier
2459337.85417	2.45691646298279e-07	2.45691646298279e-07	1	1	1	vizier
2459337.85417	2.4853948574297983e-07	2.4853948574297983e-07	1	1	1	vizier
2459337.85417	2.5142033481427967e-07	2.5142033481427967e-07	1	1	1	vizier
2459337.85417	2.5433457613046484e-07	2.5433457613046484e-07	1	1	1	vizier
2459337.85417	2.572825967447932e-07	2.572825967447932e-07	1	1	1	vizier
2459337.85417	2.6026478819690047e-07	2.6026478819690047e-07	1	1	1	vizier
2459337.85417	2.63281546564802e-07	2.63281546564802e-07	1	1	1	vizier
2459337.85417	2.6633327251749805e-07	2.6633327251749805e-07	1	1	1	vizier
2459337.85417	2.6942037136818824e-07	2.6942037136818824e-07	1	1	1	vizier
2459337.85417	2.725432531281028e-07	2.725432531281028e-07	1	1	1	vizier
2459337.85417	2.7570233256095827e-07	2.7570233256095827e-07	1	1	1	vizier
2459337.85417	2.7889802923804393e-07	2.7889802923804393e-07	1	1	1	vizier
2459337.85417	2.8213076759394705e-07	2.8213076759394705e-07	1	1	1	vizier
2459337.85417	2.8540097698292376e-07	2.8540097698292376e-07	1	1	1	vizier
2459337.85417	2.887090917359235e-07	2.887090917359235e-07	1	1	1	vizier
2459337.85417	2.920555512182745e-07	2.920555512182745e-07	1	1	1	vizier
2459337.85417	2.9544079988803796e-07	2.9544079988803796e-07	1	1	1	vizier
2459337.85417	2.988652873550383e-07	2.988652873550383e-07	1	1	1	vizier
2459337.85417	3.0232946844057763e-07	3.0232946844057763e-07	1	1	1	vizier
2459337.85417	3.0583380323784316e-07	3.0583380323784316e-07	1	1	1	vizier
2459337.85417	3.0937875717301365e-07	3.0937875717301365e-07	1	1	1	vizier
2459337.85417	3.12964801067075e-07	3.12964801067075e-07	1	1	1	vizier
2459337.85417	3.1659241119835205e-07	3.1659241119835205e-07	1	1	1	vizier
2459337.85417	3.20262069365765e-07	3.20262069365765e-07	1	1	1	vizier
2459337.85417	3.2397426295281954e-07	3.2397426295281954e-07	1	1	1	vizier
2459337.85417	3.277294849923382e-07	3.277294849923382e-07	1	1	1	vizier
2459337.85417	3.3152823423194235e-07	3.3152823423194235e-07	1	1	1	vizier
2459337.85417	3.353710152002929e-07	3.353710152002929e-07	1	1	1	vizier
2459337.85417	3.3925833827409916e-07	3.3925833827409916e-07	1	1	1	vizier
2459337.85417	3.4319071974590426e-07	3.4319071974590426e-07	1	1	1	vizier
2459337.85417	3.471686818926559e-07	3.471686818926559e-07	1	1	1	vizier
2459337.85417	3.511927530450728e-07	3.511927530450728e-07	1	1	1	vizier
2459337.85417	3.5526346765781394e-07	3.5526346765781394e-07	1	1	1	vizier
2459337.85417	3.5938136638046254e-07	3.5938136638046254e-07	1	1	1	vizier
2459337.85417	3.6354699612933177e-07	3.6354699612933177e-07	1	1	1	vizier
2459337.85417	3.6776091016010307e-07	3.6776091016010307e-07	1	1	1	vizier
2459337.85417	3.7202366814130657e-07	3.7202366814130657e-07	1	1	1	vizier
2459337.85417	3.763358362286533e-07	3.763358362286533e-07	1	1	1	vizier
2459337.85417	3.806979871402284e-07	3.806979871402284e-07	1	1	1	vizier
2459337.85417	3.851107002325569e-07	3.851107002325569e-07	1	1	1	vizier
2459337.85417	3.895745615775501e-07	3.895745615775501e-07	1	1	1	vizier
2459337.85417	3.940901640403448e-07	3.940901640403448e-07	1	1	1	vizier
2459337.85417	3.9865810735804386e-07	3.9865810735804386e-07	1	1	1	vizier
2459337.85417	4.0327899821937054e-07	4.0327899821937054e-07	1	1	1	vizier
2459337.85417	4.079534503452449e-07	4.079534503452449e-07	1	1	1	vizier
2459337.85417	4.1268208457029516e-07	4.1268208457029516e-07	1	1	1	vizier
2459337.85417	4.174655289253135e-07	4.174655289253135e-07	1	1	1	vizier
2459337.85417	4.2230441872066723e-07	4.2230441872066723e-07	1	1	1	vizier
2459337.85417	4.2719939663067764e-07	4.2719939663067764e-07	1	1	1	vizier
2459337.85417	4.321511127789762e-07	4.321511127789762e-07	1	1	1	vizier
2459337.85417	4.371602248248502e-07	4.371602248248502e-07	1	1	1	vizier
2459337.85417	4.422273980505897e-07	4.422273980505897e-07	1	1	1	vizier
2459337.85417	4.473533054498463e-07	4.473533054498463e-07	1	1	1	vizier
2459337.85417	4.525386278170167e-07	4.525386278170167e-07	1	1	1	vizier
2459337.85417	4.5778405383766164e-07	4.5778405383766164e-07	1	1	1	vizier
2459337.85417	4.630902801799737e-07	4.630902801799737e-07	1	1	1	vizier
2459337.85417	4.684580115873045e-07	4.684580115873045e-07	1	1	1	vizier
2459337.85417	4.738879609717651e-07	4.738879609717651e-07	1	1	1	vizier
2459337.85417	4.793808495089107e-07	4.793808495089107e-07	1	1	1	vizier
2459337.85417	4.849374067335233e-07	4.849374067335233e-07	1	1	1	vizier
2459337.85417	4.905583706365046e-07	4.905583706365046e-07	1	1	1	vizier
2459337.85417	4.962444877628914e-07	4.962444877628914e-07	1	1	1	vizier
2459337.85417	5.019965133110079e-07	5.019965133110079e-07	1	1	1	vizier
2459337.85417	5.07815211232767e-07	5.07815211232767e-07	1	1	1	vizier
2459337.85417	5.137013543351339e-07	5.137013543351339e-07	1	1	1	vizier
2459337.85417	5.196557243827657e-07	5.196557243827657e-07	1	1	1	vizier
2459337.85417	5.25679112201842e-07	5.25679112201842e-07	1	1	1	vizier
2459337.85417	5.317723177850966e-07	5.317723177850966e-07	1	1	1	vizier
2459337.85417	5.379361503980697e-07	5.379361503980697e-07	1	1	1	vizier
2459337.85417	5.441714286865887e-07	5.441714286865887e-07	1	1	1	vizier
2459337.85417	5.504789807854968e-07	5.504789807854968e-07	1	1	1	vizier
2459337.85417	5.568596444286409e-07	5.568596444286409e-07	1	1	1	vizier
2459337.85417	5.633142670601352e-07	5.633142670601352e-07	1	1	1	vizier
2459337.85417	5.698437059469137e-07	5.698437059469137e-07	1	1	1	vizier
2459337.85417	5.764488282925873e-07	5.764488282925873e-07	1	1	1	vizier
2459337.85417	5.831305113526218e-07	5.831305113526218e-07	1	1	1	vizier
2459337.85417	5.898896425508493e-07	5.898896425508493e-07	1	1	1	vizier
2459337.85417	5.967271195973311e-07	5.967271195973311e-07	1	1	1	vizier
2459337.85417	6.036438506075864e-07	6.036438506075864e-07	1	1	1	vizier
2459337.85417	6.106407542232036e-07	6.106407542232036e-07	1	1	1	vizier
2459337.85417	6.177187597338488e-07	6.177187597338488e-07	1	1	1	vizier
2459337.85417	6.248788072006888e-07	6.248788072006888e-07	1	1	1	vizier
2459337.85417	6.321218475812448e-07	6.321218475812448e-07	1	1	1	vizier
2459337.85417	6.394488428556937e-07	6.394488428556937e-07	1	1	1	vizier
2459337.85417	6.468607661546321e-07	6.468607661546321e-07	1	1	1	vizier
2459337.85417	6.543586018883229e-07	6.543586018883229e-07	1	1	1	vizier
2459337.85417	6.619433458774388e-07	6.619433458774388e-07	1	1	1	vizier
2459337.85417	6.696160054853216e-07	6.696160054853216e-07	1	1	1	vizier
2459337.85417	6.773775997517745e-07	6.773775997517745e-07	1	1	1	vizier
2459337.85417	6.852291595284058e-07	6.852291595284058e-07	1	1	1	vizier
2459337.85417	6.9317172761554e-07	6.9317172761554e-07	1	1	1	vizier
2459337.85417	7.012063589007177e-07	7.012063589007177e-07	1	1	1	vizier
2459337.85417	7.09334120498799e-07	7.09334120498799e-07	1	1	1	vizier
2459337.85417	7.175560918936921e-07	7.175560918936921e-07	1	1	1	vizier
2459337.85417	7.258733650817245e-07	7.258733650817245e-07	1	1	1	vizier
2459337.85417	7.342870447166758e-07	7.342870447166758e-07	1	1	1	vizier
2459337.85417	7.427982482564911e-07	7.427982482564911e-07	1	1	1	vizier
2459337.85417	7.514081061116962e-07	7.514081061116962e-07	1	1	1	vizier
2459337.85417	7.601177617955323e-07	7.601177617955323e-07	1	1	1	vizier
2459337.85417	7.689283720758306e-07	7.689283720758306e-07	1	1	1	vizier
2459337.85417	7.778411071286482e-07	7.778411071286482e-07	1	1	1	vizier
2459337.85417	7.868571506936843e-07	7.868571506936843e-07	1	1	1	vizier
2459337.85417	7.959777002314978e-07	7.959777002314978e-07	1	1	1	vizier
2459337.85417	8.05203967082547e-07	8.05203967082547e-07	1	1	1	vizier
2459337.85417	8.145371766280737e-07	8.145371766280737e-07	1	1	1	vizier
2459337.85417	8.239785684528512e-07	8.239785684528512e-07	1	1	1	vizier
2459337.85417	8.335293965098187e-07	8.335293965098187e-07	1	1	1	vizier
2459337.85417	8.431909292866251e-07	8.431909292866251e-07	1	1	1	vizier
2459337.85417	8.529644499741017e-07	8.529644499741017e-07	1	1	1	vizier
2459337.85417	8.628512566366887e-07	8.628512566366887e-07	1	1	1	vizier
2459337.85417	8.728526623848371e-07	8.728526623848371e-07	1	1	1	vizier
2459337.85417	8.829699955494083e-07	8.829699955494083e-07	1	1	1	vizier
2459337.85417	8.93204599858096e-07	8.93204599858096e-07	1	1	1	vizier
2459337.85417	9.035578346138921e-07	9.035578346138921e-07	1	1	1	vizier
2459337.85417	9.140310748756223e-07	9.140310748756223e-07	1	1	1	vizier
2459337.85417	9.246257116405733e-07	9.246257116405733e-07	1	1	1	vizier
2459337.85417	9.353431520292377e-07	9.353431520292377e-07	1	1	1	vizier
2459337.85417	9.461848194721992e-07	9.461848194721992e-07	1	1	1	vizier
2459337.85417	9.571521538991855e-07	9.571521538991855e-07	1	1	1	vizier
2459337.85417	9.682466119303114e-07	9.682466119303114e-07	1	1	1	vizier
2459337.85417	9.794696670695385e-07	9.794696670695385e-07	1	1	1	vizier
2459337.85417	9.908228099003788e-07	9.908228099003788e-07	1	1	1	vizier
2459337.85417	1.0023075482838644e-06	1.0023075482838644e-06	1	1	1	vizier
2459337.85417	1.0139254075588142e-06	1.0139254075588142e-06	1	1	1	vizier
2459337.85417	1.0256779307444208e-06	1.0256779307444208e-06	1	1	1	vizier
2459337.85417	1.037566678745185e-06	1.037566678745185e-06	1	1	1	vizier
2459337.85417	1.0495932305582266e-06	1.0495932305582266e-06	1	1	1	vizier
2459337.85417	1.061759183482999e-06	1.061759183482999e-06	1	1	1	vizier
2459337.85417	1.0740661533334324e-06	1.0740661533334324e-06	1	1	1	vizier
2459337.85417	1.0865157746525372e-06	1.0865157746525372e-06	1	1	1	vizier
2459337.85417	1.099109700929496e-06	1.099109700929496e-06	1	1	1	vizier
2459337.85417	1.1118496048192698e-06	1.1118496048192698e-06	1	1	1	vizier
2459337.85417	1.1247371783647508e-06	1.1247371783647508e-06	1	1	1	vizier
2459337.85417	1.1377741332214902e-06	1.1377741332214902e-06	1	1	1	vizier
2459337.85417	1.1509622008850312e-06	1.1509622008850312e-06	1	1	1	vizier
2459337.85417	1.1643031329208755e-06	1.1643031329208755e-06	1	1	1	vizier
2459337.85417	1.1777987011971181e-06	1.1777987011971181e-06	1	1	1	vizier
2459337.85417	1.1914506981197747e-06	1.1914506981197747e-06	1	1	1	vizier
2459337.85417	1.2052609368708414e-06	1.2052609368708414e-06	1	1	1	vizier
2459337.85417	1.2192312516491094e-06	1.2192312516491094e-06	1	1	1	vizier
2459337.85417	1.2333634979137747e-06	1.2333634979137747e-06	1	1	1	vizier
2459337.85417	1.2476595526308684e-06	1.2476595526308684e-06	1	1	1	vizier
2459337.85417	1.262121314522546e-06	1.262121314522546e-06	1	1	1	vizier
2459337.85417	1.2767507043192644e-06	1.2767507043192644e-06	1	1	1	vizier
2459337.85417	1.2915496650148827e-06	1.2915496650148827e-06	1	1	1	vizier
2459337.85417	1.3065201621247199e-06	1.3065201621247199e-06	1	1	1	vizier
2459337.85417	1.3216641839466038e-06	1.3216641839466038e-06	1	1	1	vizier
2459337.85417	1.3369837418249452e-06	1.3369837418249452e-06	1	1	1	vizier
2459337.85417	1.352480870417874e-06	1.352480870417874e-06	1	1	1	vizier
2459337.85417	1.3681576279674705e-06	1.3681576279674705e-06	1	1	1	vizier
2459337.85417	1.3840160965731302e-06	1.3840160965731302e-06	1	1	1	vizier
2459337.85417	1.4000583824680962e-06	1.4000583824680962e-06	1	1	1	vizier
2459337.85417	1.4162866162991973e-06	1.4162866162991973e-06	1	1	1	vizier
2459337.85417	1.4327029534098294e-06	1.4327029534098294e-06	1	1	1	vizier
2459337.85417	1.4493095741262152e-06	1.4493095741262152e-06	1	1	1	vizier
2459337.85417	1.466108684046983e-06	1.466108684046983e-06	1	1	1	vizier
2459337.85417	1.483102514336103e-06	1.483102514336103e-06	1	1	1	vizier
2459337.85417	1.5002933220192168e-06	1.5002933220192168e-06	1	1	1	vizier
2459337.85417	1.5176833902834039e-06	1.5176833902834039e-06	1	1	1	vizier
2459337.85417	1.5352750287804212e-06	1.5352750287804212e-06	1	1	1	vizier
2459337.85417	1.5530705739334583e-06	1.5530705739334583e-06	1	1	1	vizier
2459337.85417	1.5710723892474488e-06	1.5710723892474488e-06	1	1	1	vizier
2459337.85417	1.5892828656229764e-06	1.5892828656229764e-06	1	1	1	vizier
2459337.85417	1.607704421673822e-06	1.607704421673822e-06	1	1	1	vizier
2459337.85417	1.6263395040481906e-06	1.6263395040481906e-06	1	1	1	vizier
2459337.85417	1.6451905877536607e-06	1.6451905877536607e-06	1	1	1	vizier
2459337.85417	1.6642601764859018e-06	1.6642601764859018e-06	1	1	1	vizier
2459337.85417	1.6835508029612006e-06	1.6835508029612006e-06	1	1	1	vizier
2459337.85417	1.7030650292528427e-06	1.7030650292528427e-06	1	1	1	vizier
2459337.85417	1.7228054471313922e-06	1.7228054471313922e-06	1	1	1	vizier
2459337.85417	1.7427746784089173e-06	1.7427746784089173e-06	1	1	1	vizier
2459337.85417	1.762975375287204e-06	1.762975375287204e-06	1	1	1	vizier
2459337.85417	1.7834102207100063e-06	1.7834102207100063e-06	1	1	1	vizier
2459337.85417	1.804081928719381e-06	1.804081928719381e-06	1	1	1	vizier
2459337.85417	1.8249932448161505e-06	1.8249932448161505e-06	1	1	1	vizier
2459337.85417	1.8461469463245456e-06	1.8461469463245456e-06	1	1	1	vizier
2459337.85417	1.8675458427610741e-06	1.8675458427610741e-06	1	1	1	vizier
2459337.85417	1.8891927762076644e-06	1.8891927762076644e-06	1	1	1	vizier
2459337.85417	1.911090621689136e-06	1.911090621689136e-06	1	1	1	vizier
2459337.85417	1.933242287555043e-06	1.933242287555043e-06	1	1	1	vizier
2459337.85417	1.955650715865947e-06	1.955650715865947e-06	1	1	1	vizier
2459337.85417	1.978318882784162e-06	1.978318882784162e-06	1	1	1	vizier
2459337.85417	2.001249798969035e-06	2.001249798969035e-06	1	1	1	vizier
2459337.85417	2.024446509976802e-06	2.024446509976802e-06	1	1	1	vizier
2459337.85417	2.0479120966650832e-06	2.0479120966650832e-06	1	1	1	vizier
2459337.85417	2.071649675602067e-06	2.071649675602067e-06	1	1	1	vizier
2459337.85417	2.095662399480431e-06	2.095662399480431e-06	1	1	1	vizier
2459337.85417	2.119953457536069e-06	2.119953457536069e-06	1	1	1	vizier
2459337.85417	2.144526075971665e-06	2.144526075971665e-06	1	1	1	vizier
2459337.85417	2.169383518385182e-06	2.169383518385182e-06	1	1	1	vizier
2459337.85417	2.1945290862033114e-06	2.1945290862033114e-06	1	1	1	vizier
2459337.85417	2.2199661191199525e-06	2.2199661191199525e-06	1	1	1	vizier
2459337.85417	2.2456979955397717e-06	2.2456979955397717e-06	1	1	1	vizier
2459337.85417	2.2717281330269027e-06	2.2717281330269027e-06	1	1	1	vizier
2459337.85417	2.298059988758849e-06	2.298059988758849e-06	1	1	1	vizier
2459337.85417	2.3246970599856456e-06	2.3246970599856456e-06	1	1	1	vizier
2459337.85417	2.351642884494346e-06	2.351642884494346e-06	1	1	1	vizier
2459337.85417	2.378901041078891e-06	2.378901041078891e-06	1	1	1	vizier
2459337.85417	2.4064751500154215e-06	2.4064751500154215e-06	1	1	1	vizier
2459337.85417	2.4343688735431078e-06	2.4343688735431078e-06	1	1	1	vizier
2459337.85417	2.4625859163505443e-06	2.4625859163505443e-06	1	1	1	vizier
2459337.85417	2.491130026067786e-06	2.491130026067786e-06	1	1	1	vizier
2459337.85417	2.5200049937640896e-06	2.5200049937640896e-06	1	1	1	vizier
2459337.85417	2.5492146544514204e-06	2.5492146544514204e-06	1	1	1	vizier
2459337.85417	2.5787628875937984e-06	2.5787628875937984e-06	1	1	1	vizier
2459337.85417	2.6086536176225454e-06	2.6086536176225454e-06	1	1	1	vizier
2459337.85417	2.6388908144575077e-06	2.6388908144575077e-06	1	1	1	vizier
2459337.85417	2.669478494034318e-06	2.669478494034318e-06	1	1	1	vizier
2459337.85417	2.70042071883777e-06	2.70042071883777e-06	1	1	1	vizier
2459337.85417	2.7317215984413734e-06	2.7317215984413734e-06	1	1	1	vizier
2459337.85417	2.763385290053167e-06	2.763385290053167e-06	1	1	1	vizier
2459337.85417	2.7954159990678538e-06	2.7954159990678538e-06	1	1	1	vizier
2459337.85417	2.827817979625338e-06	2.827817979625338e-06	1	1	1	vizier
2459337.85417	2.860595535175739e-06	2.860595535175739e-06	1	1	1	vizier
2459337.85417	2.8937530190509474e-06	2.8937530190509474e-06	1	1	1	vizier
2459337.85417	2.927294835042813e-06	2.927294835042813e-06	1	1	1	vizier
2459337.85417	2.9612254379880313e-06	2.9612254379880313e-06	1	1	1	vizier
2459337.85417	2.9955493343598103e-06	2.9955493343598103e-06	1	1	1	vizier
2459337.85417	3.030271082866393e-06	3.030271082866393e-06	1	1	1	vizier
2459337.85417	3.0653952950565237e-06	3.0653952950565237e-06	1	1	1	vizier
2459337.85417	3.1009266359319234e-06	3.1009266359319234e-06	1	1	1	vizier
2459337.85417	3.136869824566873e-06	3.136869824566873e-06	1	1	1	vizier
2459337.85417	3.173229634734973e-06	3.173229634734973e-06	1	1	1	vizier
2459337.85417	3.2100108955431683e-06	3.2100108955431683e-06	1	1	1	vizier
2459337.85417	3.2472184920731254e-06	3.2472184920731254e-06	1	1	1	vizier
2459337.85417	3.2848573660300403e-06	3.2848573660300403e-06	1	1	1	vizier
2459337.85417	3.3229325163989684e-06	3.3229325163989684e-06	1	1	1	vizier
2459337.85417	3.3614490001087616e-06	3.3614490001087616e-06	1	1	1	vizier
2459337.85417	3.4004119327037024e-06	3.4004119327037024e-06	1	1	1	vizier
2459337.85417	3.439826489022921e-06	3.439826489022921e-06	1	1	1	vizier
2459337.85417	3.479697903887688e-06	3.479697903887688e-06	1	1	1	vizier
2459337.85417	3.520031472796675e-06	3.520031472796675e-06	1	1	1	vizier
2459337.85417	3.560832552629274e-06	3.560832552629274e-06	1	1	1	vizier
2459337.85417	3.6021065623570664e-06	3.6021065623570664e-06	1	1	1	vizier
2459337.85417	3.643858983763541e-06	3.643858983763541e-06	1	1	1	vizier
2459337.85417	3.686095362172154e-06	3.686095362172154e-06	1	1	1	vizier
2459337.85417	3.72882130718283e-06	3.72882130718283e-06	1	1	1	vizier
2459337.85417	3.7720424934169934e-06	3.7720424934169934e-06	1	1	1	vizier
2459337.85417	3.815764661271245e-06	3.815764661271245e-06	1	1	1	vizier
2459337.85417	3.859993617679763e-06	3.859993617679763e-06	1	1	1	vizier
2459337.85417	3.9047352368855556e-06	3.9047352368855556e-06	1	1	1	vizier
2459337.85417	3.949995461220639e-06	3.949995461220639e-06	1	1	1	vizier
2459337.85417	3.995780301895265e-06	3.995780301895265e-06	1	1	1	vizier
2459337.85417	4.04209583979631e-06	4.04209583979631e-06	1	1	1	vizier
2459337.85417	4.088948226294864e-06	4.088948226294864e-06	1	1	1	vizier
2459337.85417	4.136343684063278e-06	4.136343684063278e-06	1	1	1	vizier
2459337.85417	4.184288507901584e-06	4.184288507901584e-06	1	1	1	vizier
2459337.85417	4.232789065573553e-06	4.232789065573553e-06	1	1	1	vizier
2459337.85417	4.2818517986524156e-06	4.2818517986524156e-06	1	1	1	vizier
2459337.85417	4.3314832233764026e-06	4.3314832233764026e-06	1	1	1	vizier
2459337.85417	4.381689931514195e-06	4.381689931514195e-06	1	1	1	vizier
2459337.85417	4.4324785912404e-06	4.4324785912404e-06	1	1	1	vizier
2459337.85417	4.4838559480211905e-06	4.4838559480211905e-06	1	1	1	vizier
2459337.85417	4.5358288255101905e-06	4.5358288255101905e-06	1	1	1	vizier
2459337.85417	4.588404126454762e-06	4.588404126454762e-06	1	1	1	vizier
2459337.85417	4.641588833612782e-06	4.641588833612782e-06	1	1	1	vizier
2459337.85417	4.695390010680063e-06	4.695390010680063e-06	1	1	1	vizier
2459337.85417	4.749814803228504e-06	4.749814803228504e-06	1	1	1	vizier
2459337.85417	4.804870439655134e-06	4.804870439655134e-06	1	1	1	vizier
2459337.85417	4.8605642321421384e-06	4.8605642321421384e-06	1	1	1	vizier
2459337.85417	4.916903577628031e-06	4.916903577628031e-06	1	1	1	vizier
2459337.85417	4.973895958790067e-06	4.973895958790067e-06	1	1	1	vizier
2459337.85417	5.031548945038056e-06	5.031548945038056e-06	1	1	1	vizier
2459337.85417	5.089870193519685e-06	5.089870193519685e-06	1	1	1	vizier
2459337.85417	5.148867450137497e-06	5.148867450137497e-06	1	1	1	vizier
2459337.85417	5.208548550577666e-06	5.208548550577666e-06	1	1	1	vizier
2459337.85417	5.268921421350677e-06	5.268921421350677e-06	1	1	1	vizier
2459337.85417	5.329994080844093e-06	5.329994080844093e-06	1	1	1	vizier
2459337.85417	5.391774640387505e-06	5.391774640387505e-06	1	1	1	vizier
2459337.85417	5.454271305329836e-06	5.454271305329836e-06	1	1	1	vizier
2459337.85417	5.517492376129129e-06	5.517492376129129e-06	1	1	1	vizier
2459337.85417	5.581446249454967e-06	5.581446249454967e-06	1	1	1	vizier
2459337.85417	5.646141419303673e-06	5.646141419303673e-06	1	1	1	vizier
2459337.85417	5.711586478126435e-06	5.711586478126435e-06	1	1	1	vizier
2459337.85417	5.777790117970507e-06	5.777790117970507e-06	1	1	1	vizier
2459337.85417	5.8447611316336375e-06	5.8447611316336375e-06	1	1	1	vizier
2459337.85417	5.912508413831881e-06	5.912508413831881e-06	1	1	1	vizier
2459337.85417	5.981040962380944e-06	5.981040962380944e-06	1	1	1	vizier
2459337.85417	6.050367879391224e-06	6.050367879391224e-06	1	1	1	vizier
2459337.85417	6.120498372476703e-06	6.120498372476703e-06	1	1	1	vizier
2459337.85417	6.1914417559778475e-06	6.1914417559778475e-06	1	1	1	vizier
2459337.85417	6.263207452198693e-06	6.263207452198693e-06	1	1	1	vizier
2459337.85417	6.335804992658255e-06	6.335804992658255e-06	1	1	1	vizier
2459337.85417	6.409244019356457e-06	6.409244019356457e-06	1	1	1	vizier
2459337.85417	6.4835342860547276e-06	6.4835342860547276e-06	1	1	1	vizier
2459337.85417	6.558685659571436e-06	6.558685659571436e-06	1	1	1	vizier
2459337.85417	6.634708121092351e-06	6.634708121092351e-06	1	1	1	vizier
2459337.85417	6.711611767496287e-06	6.711611767496287e-06	1	1	1	vizier
2459337.85417	6.789406812696112e-06	6.789406812696112e-06	1	1	1	vizier
2459337.85417	6.868103588995307e-06	6.868103588995307e-06	1	1	1	vizier
2459337.85417	6.94771254846024e-06	6.94771254846024e-06	1	1	1	vizier
2459337.85417	7.0282442643083526e-06	7.0282442643083526e-06	1	1	1	vizier
2459337.85417	7.1097094323124385e-06	7.1097094323124385e-06	1	1	1	vizier
2459337.85417	7.1921188722211925e-06	7.1921188722211925e-06	1	1	1	vizier
2459337.85417	7.275483529196233e-06	7.275483529196233e-06	1	1	1	vizier
2459337.85417	7.359814475265771e-06	7.359814475265771e-06	1	1	1	vizier
2459337.85417	7.445122910795143e-06	7.445122910795143e-06	1	1	1	vizier
2459337.85417	7.531420165974376e-06	7.531420165974376e-06	1	1	1	vizier
2459337.85417	7.6187177023229996e-06	7.6187177023229996e-06	1	1	1	vizier
2459337.85417	7.707027114212303e-06	7.707027114212303e-06	1	1	1	vizier
2459337.85417	7.796360130405236e-06	7.796360130405236e-06	1	1	1	vizier
2459337.85417	7.886728615614156e-06	7.886728615614156e-06	1	1	1	vizier
2459337.85417	7.97814457207663e-06	7.97814457207663e-06	1	1	1	vizier
2459337.85417	8.070620141149508e-06	8.070620141149508e-06	1	1	1	vizier
2459337.85417	8.164167604921471e-06	8.164167604921471e-06	1	1	1	vizier
2459337.85417	8.258799387844272e-06	8.258799387844272e-06	1	1	1	vizier
2459337.85417	8.354528058382872e-06	8.354528058382872e-06	1	1	1	vizier
2459337.85417	8.451366330684723e-06	8.451366330684723e-06	1	1	1	vizier
2459337.85417	8.549327066268385e-06	8.549327066268385e-06	1	1	1	vizier
2459337.85417	8.648423275731726e-06	8.648423275731726e-06	1	1	1	vizier
2459337.85417	8.748668120479914e-06	8.748668120479914e-06	1	1	1	vizier
2459337.85417	8.850074914473439e-06	8.850074914473439e-06	1	1	1	vizier
2459337.85417	8.9526571259964e-06	8.9526571259964e-06	1	1	1	vizier
2459337.85417	9.056428379445294e-06	9.056428379445294e-06	1	1	1	vizier
2459337.85417	9.16140245713852e-06	9.16140245713852e-06	1	1	1	vizier
2459337.85417	9.267593301146882e-06	9.267593301146882e-06	1	1	1	vizier
2459337.85417	9.37501501514529e-06	9.37501501514529e-06	1	1	1	vizier
2459337.85417	9.483681866285928e-06	9.483681866285928e-06	1	1	1	vizier
2459337.85417	9.593608287093147e-06	9.593608287093147e-06	1	1	1	vizier
2459337.85417	9.704808877380307e-06	9.704808877380307e-06	1	1	1	vizier
2459337.85417	9.81729840618884e-06	9.81729840618884e-06	1	1	1	vizier
2459337.85417	9.9310918137498e-06	9.9310918137498e-06	1	1	1	vizier
2459337.85417	1.0046204213468132e-05	1.0046204213468132e-05	1	1	1	vizier
2459337.85417	1.0162650893929951e-05	1.0162650893929951e-05	1	1	1	vizier
2459337.85417	1.0280447320933097e-05	1.0280447320933097e-05	1	1	1	vizier
2459337.85417	1.0399609139541203e-05	1.0399609139541203e-05	1	1	1	vizier
2459337.85417	1.052015217616159e-05	1.052015217616159e-05	1	1	1	vizier
2459337.85417	1.0642092440647246e-05	1.0642092440647246e-05	1	1	1	vizier
2459337.85417	1.0765446128423159e-05	1.0765446128423159e-05	1	1	1	vizier
2459337.85417	1.0890229622637305e-05	1.0890229622637305e-05	1	1	1	vizier
2459337.85417	1.1016459496336568e-05	1.1016459496336568e-05	1	1	1	vizier
2459337.85417	1.114415251466788e-05	1.114415251466788e-05	1	1	1	vizier
2459337.85417	1.1273325637104872e-05	1.1273325637104872e-05	1	1	1	vizier
2459337.85417	1.1403996019700332e-05	1.1403996019700332e-05	1	1	1	vizier
2459337.85417	1.1536181017364785e-05	1.1536181017364785e-05	1	1	1	vizier
2459337.85417	1.1669898186171475e-05	1.1669898186171475e-05	1	1	1	vizier
2459337.85417	1.1805165285688056e-05	1.1805165285688056e-05	1	1	1	vizier
2459337.85417	1.1942000281335324e-05	1.1942000281335324e-05	1	1	1	vizier
2459337.85417	1.2080421346773289e-05	1.2080421346773289e-05	1	1	1	vizier
2459337.85417	1.2220446866314887e-05	1.2220446866314887e-05	1	1	1	vizier
2459337.85417	1.2362095437367691e-05	1.2362095437367691e-05	1	1	1	vizier
2459337.85417	1.2505385872903913e-05	1.2505385872903913e-05	1	1	1	vizier
2459337.85417	1.2650337203959038e-05	1.2650337203959038e-05	1	1	1	vizier
2459337.85417	1.2796968682159416e-05	1.2796968682159416e-05	1	1	1	vizier
2459337.85417	1.294529978227916e-05	1.294529978227916e-05	1	1	1	vizier
2459337.85417	1.3095350204826676e-05	1.3095350204826676e-05	1	1	1	vizier
2459337.85417	1.3247139878661175e-05	1.3247139878661175e-05	1	1	1	vizier
2459337.85417	1.3400688963639507e-05	1.3400688963639507e-05	1	1	1	vizier
2459337.85417	1.355601785329369e-05	1.355601785329369e-05	1	1	1	vizier
2459337.85417	1.3713147177539455e-05	1.3713147177539455e-05	1	1	1	vizier
2459337.85417	1.387209780541621e-05	1.387209780541621e-05	1	1	1	vizier
2459337.85417	1.4032890847858732e-05	1.4032890847858732e-05	1	1	1	vizier
2459337.85417	1.4195547660501015e-05	1.4195547660501015e-05	1	1	1	vizier
2459337.85417	1.4360089846512606e-05	1.4360089846512606e-05	1	1	1	vizier
2459337.85417	1.4526539259467812e-05	1.4526539259467812e-05	1	1	1	vizier
2459337.85417	1.4694918006248172e-05	1.4694918006248172e-05	1	1	1	vizier
2459337.85417	1.4865248449978572e-05	1.4865248449978572e-05	1	1	1	vizier
2459337.85417	1.5037553212997385e-05	1.5037553212997385e-05	1	1	1	vizier
2459337.85417	1.5211855179861049e-05	1.5211855179861049e-05	1	1	1	vizier
2459337.85417	1.5388177500383463e-05	1.5388177500383463e-05	1	1	1	vizier
2459337.85417	1.556654359271062e-05	1.556654359271062e-05	1	1	1	vizier
2459337.85417	1.5746977146430865e-05	1.5746977146430865e-05	1	1	1	vizier
2459337.85417	1.592950212572123e-05	1.592950212572123e-05	1	1	1	vizier
2459337.85417	1.61141427725302e-05	1.61141427725302e-05	1	1	1	vizier
2459337.85417	1.630092360979741e-05	1.630092360979741e-05	1	1	1	vizier
2459337.85417	1.648986944471065e-05	1.648986944471065e-05	1	1	1	vizier
2459337.85417	1.6681005372000593e-05	1.6681005372000593e-05	1	1	1	vizier
2459337.85417	1.687435677727376e-05	1.687435677727376e-05	1	1	1	vizier
2459337.85417	1.706994934038408e-05	1.706994934038408e-05	1	1	1	vizier
2459337.85417	1.726780903884356e-05	1.726780903884356e-05	1	1	1	vizier
2459337.85417	1.7467962151272457e-05	1.7467962151272457e-05	1	1	1	vizier
2459337.85417	1.7670435260889467e-05	1.7670435260889467e-05	1	1	1	vizier
2459337.85417	1.7875255259042355e-05	1.7875255259042355e-05	1	1	1	vizier
2459337.85417	1.8082449348779517e-05	1.8082449348779517e-05	1	1	1	vizier
2459337.85417	1.829204504846294e-05	1.829204504846294e-05	1	1	1	vizier
2459337.85417	1.8504070195423023e-05	1.8504070195423023e-05	1	1	1	vizier
2459337.85417	1.8718552949655793e-05	1.8718552949655793e-05	1	1	1	vizier
2459337.85417	1.8935521797562953e-05	1.8935521797562953e-05	1	1	1	vizier
2459337.85417	1.915500555573528e-05	1.915500555573528e-05	1	1	1	vizier
2459337.85417	1.937703337477989e-05	1.937703337477989e-05	1	1	1	vizier
2459337.85417	1.9601634743191856e-05	1.9601634743191856e-05	1	1	1	vizier
2459337.85417	1.9828839491270713e-05	1.9828839491270713e-05	1	1	1	vizier
2459337.85417	2.005867779508234e-05	2.005867779508234e-05	1	1	1	vizier
2459337.85417	2.029118018046678e-05	2.029118018046678e-05	1	1	1	vizier
2459337.85417	2.052637752709252e-05	2.052637752709252e-05	1	1	1	vizier
2459337.85417	2.0764301072557747e-05	2.0764301072557747e-05	1	1	1	vizier
2459337.85417	2.1004982416539152e-05	2.1004982416539152e-05	1	1	1	vizier
2459337.85417	2.1248453524988828e-05	2.1248453524988828e-05	1	1	1	vizier
2459337.85417	2.1494746734379807e-05	2.1494746734379807e-05	1	1	1	vizier
2459337.85417	2.17438947560008e-05	2.17438947560008e-05	1	1	1	vizier
2459337.85417	2.199593068030075e-05	2.199593068030075e-05	1	1	1	vizier
2459337.85417	2.2250887981283694e-05	2.2250887981283694e-05	1	1	1	vizier
2459337.85417	2.2508800520954618e-05	2.2508800520954618e-05	1	1	1	vizier
2459337.85417	2.27697025538168e-05	2.27697025538168e-05	1	1	1	vizier
2459337.85417	2.3033628731421314e-05	2.3033628731421314e-05	1	1	1	vizier
2459337.85417	2.3300614106969247e-05	2.3300614106969247e-05	1	1	1	vizier
2459337.85417	2.3570694139967276e-05	2.3570694139967276e-05	1	1	1	vizier
2459337.85417	2.3843904700937204e-05	2.3843904700937204e-05	1	1	1	vizier
2459337.85417	2.412028207618007e-05	2.412028207618007e-05	1	1	1	vizier
2459337.85417	2.43998629725955e-05	2.43998629725955e-05	1	1	1	vizier
2459337.85417	2.4682684522556925e-05	2.4682684522556925e-05	1	1	1	vizier
2459337.85417	2.4968784288843266e-05	2.4968784288843266e-05	1	1	1	vizier
2459337.85417	2.5258200269627848e-05	2.5258200269627848e-05	1	1	1	vizier
2459337.85417	2.555097090352507e-05	2.555097090352507e-05	1	1	1	vizier
2459337.85417	2.584713507469564e-05	2.584713507469564e-05	1	1	1	vizier
2459337.85417	2.614673211801092e-05	2.614673211801092e-05	1	1	1	vizier
2459337.85417	2.64498018242772e-05	2.64498018242772e-05	1	1	1	vizier
2459337.85417	2.675638444552045e-05	2.675638444552045e-05	1	1	1	vizier
2459337.85417	2.706652070033241e-05	2.706652070033241e-05	1	1	1	vizier
2459337.85417	2.7380251779278577e-05	2.7380251779278577e-05	1	1	1	vizier
2459337.85417	2.769761935036891e-05	2.769761935036891e-05	1	1	1	vizier
2459337.85417	2.8018665564591953e-05	2.8018665564591953e-05	1	1	1	vizier
2459337.85417	2.8343433061513092e-05	2.8343433061513092e-05	1	1	1	vizier
2459337.85417	2.8671964974937698e-05	2.8671964974937698e-05	1	1	1	vizier
2459337.85417	2.9004304938639917e-05	2.9004304938639917e-05	1	1	1	vizier
2459337.85417	2.9340497092157872e-05	2.9340497092157872e-05	1	1	1	vizier
2459337.85417	2.9680586086656024e-05	2.9680586086656024e-05	1	1	1	vizier
2459337.85417	3.0024617090855492e-05	3.0024617090855492e-05	1	1	1	vizier
2459337.85417	3.0372635797033114e-05	3.0372635797033114e-05	1	1	1	vizier
2459337.85417	3.072468842709003e-05	3.072468842709003e-05	1	1	1	vizier
2459337.85417	3.1080821738690636e-05	3.1080821738690636e-05	1	1	1	vizier
2459337.85417	3.144108303147265e-05	3.144108303147265e-05	1	1	1	vizier
2459337.85417	3.18055201533292e-05	3.18055201533292e-05	1	1	1	vizier
2459337.85417	3.2174181506763714e-05	3.2174181506763714e-05	1	1	1	vizier
2459337.85417	3.254711605531848e-05	3.254711605531848e-05	1	1	1	vizier
2459337.85417	3.2924373330077686e-05	3.2924373330077686e-05	1	1	1	vizier
2459337.85417	3.3306003436245885e-05	3.3306003436245885e-05	1	1	1	vizier
2459337.85417	3.369205705980267e-05	3.369205705980267e-05	1	1	1	vizier
2459337.85417	3.408258547423452e-05	3.408258547423452e-05	1	1	1	vizier
2459337.85417	3.447764054734464e-05	3.447764054734464e-05	1	1	1	vizier
2459337.85417	3.487727474814178e-05	3.487727474814178e-05	1	1	1	vizier
2459337.85417	3.528154115380883e-05	3.528154115380883e-05	1	1	1	vizier
2459337.85417	3.56904934567523e-05	3.56904934567523e-05	1	1	1	vizier
2459337.85417	3.610418597173337e-05	3.610418597173337e-05	1	1	1	vizier
2459337.85417	3.6522673643081753e-05	3.6522673643081753e-05	1	1	1	vizier
2459337.85417	3.6946012051993025e-05	3.6946012051993025e-05	1	1	1	vizier
2459337.85417	3.7374257423910643e-05	3.7374257423910643e-05	1	1	1	vizier
2459337.85417	3.780746663599349e-05	3.780746663599349e-05	1	1	1	vizier
2459337.85417	3.824569722466999e-05	3.824569722466999e-05	1	1	1	vizier
2459337.85417	3.8689007393279756e-05	3.8689007393279756e-05	1	1	1	vizier
2459337.85417	3.913745601980384e-05	3.913745601980384e-05	1	1	1	vizier
2459337.85417	3.959110266468459e-05	3.959110266468459e-05	1	1	1	vizier
2459337.85417	4.005000757873611e-05	4.005000757873611e-05	1	1	1	vizier
2459337.85417	4.051423171114647e-05	4.051423171114647e-05	1	1	1	vizier
2459337.85417	4.098383671757261e-05	4.098383671757261e-05	1	1	1	vizier
2459337.85417	4.145888496832911e-05	4.145888496832911e-05	1	1	1	vizier
2459337.85417	4.193943955667186e-05	4.193943955667186e-05	1	1	1	vizier
2459337.85417	4.242556430717777e-05	4.242556430717777e-05	1	1	1	vizier
2459337.85417	4.291732378422158e-05	4.291732378422158e-05	1	1	1	vizier
2459337.85417	4.341478330055092e-05	4.341478330055092e-05	1	1	1	vizier
2459337.85417	4.391800892596086e-05	4.391800892596086e-05	1	1	1	vizier
2459337.85417	4.4427067496068827e-05	4.4427067496068827e-05	1	1	1	vizier
2459337.85417	4.494202662119142e-05	4.494202662119142e-05	1	1	1	vizier
2459337.85417	4.5462954695323996e-05	4.5462954695323996e-05	1	1	1	vizier
2459337.85417	4.598992090522438e-05	4.598992090522438e-05	1	1	1	vizier
2459337.85417	4.652299523960189e-05	4.652299523960189e-05	1	1	1	vizier
2459337.85417	4.706224849841282e-05	4.706224849841282e-05	1	1	1	vizier
2459337.85417	4.7607752302263684e-05	4.7607752302263684e-05	1	1	1	vizier
2459337.85417	4.815957910192351e-05	4.815957910192351e-05	1	1	1	vizier
2459337.85417	4.8717802187946306e-05	4.8717802187946306e-05	1	1	1	vizier
2459337.85417	4.9282495700405135e-05	4.9282495700405135e-05	1	1	1	vizier
2459337.85417	4.985373463873894e-05	4.985373463873894e-05	1	1	1	vizier
2459337.85417	5.043159487171359e-05	5.043159487171359e-05	1	1	1	vizier
2459337.85417	5.101615314749834e-05	5.101615314749834e-05	1	1	1	vizier
2459337.85417	5.1607487103859075e-05	5.1607487103859075e-05	1	1	1	vizier
2459337.85417	5.220567527846975e-05	5.220567527846975e-05	1	1	1	vizier
2459337.85417	5.281079711934331e-05	5.281079711934331e-05	1	1	1	vizier
2459337.85417	5.3422932995383525e-05	5.3422932995383525e-05	1	1	1	vizier
2459337.85417	5.404216420705915e-05	5.404216420705915e-05	1	1	1	vizier
2459337.85417	5.466857299720181e-05	5.466857299720181e-05	1	1	1	vizier
2459337.85417	5.5302242561929005e-05	5.5302242561929005e-05	1	1	1	vizier
2459337.85417	5.594325706169377e-05	5.594325706169377e-05	1	1	1	vizier
2459337.85417	5.6591701632462424e-05	5.6591701632462424e-05	1	1	1	vizier
2459337.85417	5.7247662397021785e-05	5.7247662397021785e-05	1	1	1	vizier
2459337.85417	5.7911226476417584e-05	5.7911226476417584e-05	1	1	1	vizier
2459337.85417	5.858248200152536e-05	5.858248200152536e-05	1	1	1	vizier
2459337.85417	5.926151812475552e-05	5.926151812475552e-05	1	1	1	vizier
2459337.85417	5.994842503189409e-05	5.994842503189409e-05	1	1	1	vizier
2459337.85417	6.0643293954080615e-05	6.0643293954080615e-05	1	1	1	vizier
2459337.85417	6.134621717992506e-05	6.134621717992506e-05	1	1	1	vizier
2459337.85417	6.2057288067765e-05	6.2057288067765e-05	1	1	1	vizier
2459337.85417	6.2776601058065e-05	6.2776601058065e-05	1	1	1	vizier
2459337.85417	6.350425168595962e-05	6.350425168595962e-05	1	1	1	vizier
2459337.85417	6.424033659394191e-05	6.424033659394191e-05	1	1	1	vizier
2459337.85417	6.498495354469889e-05	6.498495354469889e-05	1	1	1	vizier
2459337.85417	6.573820143409586e-05	6.573820143409586e-05	1	1	1	vizier
2459337.85417	6.650018030431119e-05	6.650018030431119e-05	1	1	1	vizier
2459337.85417	6.727099135712337e-05	6.727099135712337e-05	1	1	1	vizier
2459337.85417	6.805073696735207e-05	6.805073696735207e-05	1	1	1	vizier
2459337.85417	6.883952069645496e-05	6.883952069645496e-05	1	1	1	vizier
2459337.85417	6.963744730628222e-05	6.963744730628222e-05	1	1	1	vizier
2459337.85417	7.044462277299037e-05	7.044462277299037e-05	1	1	1	vizier
2459337.85417	7.126115430111745e-05	7.126115430111745e-05	1	1	1	vizier
2459337.85417	7.208715033782135e-05	7.208715033782135e-05	1	1	1	vizier
2459337.85417	7.292272058728313e-05	7.292272058728313e-05	1	1	1	vizier
2459337.85417	7.376797602527731e-05	7.376797602527731e-05	1	1	1	vizier
2459337.85417	7.462302891391108e-05	7.462302891391108e-05	1	1	1	vizier
2459337.85417	7.548799281653431e-05	7.548799281653431e-05	1	1	1	vizier
2459337.85417	7.636298261282242e-05	7.636298261282242e-05	1	1	1	vizier
2459337.85417	7.7248114514034e-05	7.7248114514034e-05	1	1	1	vizier
2459337.85417	7.814350607844543e-05	7.814350607844543e-05	1	1	1	vizier
2459337.85417	7.90492762269642e-05	7.90492762269642e-05	1	1	1	vizier
2459337.85417	7.996554525892346e-05	7.996554525892346e-05	1	1	1	vizier
2459337.85417	8.089243486805938e-05	8.089243486805938e-05	1	1	1	vizier
2459337.85417	8.183006815867389e-05	8.183006815867389e-05	1	1	1	vizier
2459337.85417	8.277856966198472e-05	8.277856966198472e-05	1	1	1	vizier
2459337.85417	8.373806535266489e-05	8.373806535266489e-05	1	1	1	vizier
2459337.85417	8.470868266557403e-05	8.470868266557403e-05	1	1	1	vizier
2459337.85417	8.569055051268347e-05	8.569055051268347e-05	1	1	1	vizier
2459337.85417	8.668379930019774e-05	8.668379930019774e-05	1	1	1	vizier
2459337.85417	8.768856094587427e-05	8.768856094587427e-05	1	1	1	vizier
2459337.85417	8.870496889654403e-05	8.870496889654403e-05	1	1	1	vizier
2459337.85417	8.97331581458352e-05	8.97331581458352e-05	1	1	1	vizier
2459337.85417	9.077326525210223e-05	9.077326525210223e-05	1	1	1	vizier
2459337.85417	9.182542835656282e-05	9.182542835656282e-05	1	1	1	vizier
2459337.85417	9.288978720164497e-05	9.288978720164497e-05	1	1	1	vizier
2459337.85417	9.39664831495469e-05	9.39664831495469e-05	1	1	1	vizier
2459337.85417	9.505565920101191e-05	9.505565920101191e-05	1	1	1	vizier
2459337.85417	9.615746001432095e-05	9.615746001432095e-05	1	1	1	vizier
2459337.85417	9.727203192450537e-05	9.727203192450537e-05	1	1	1	vizier
2459337.85417	9.839952296278227e-05	9.839952296278227e-05	1	1	1	vizier
2459337.85417	9.954008287621518e-05	9.954008287621518e-05	1	1	1	vizier
2459337.85417	0.00010069386314760271	0.00010069386314760271	1	1	1	vizier
2459337.85417	0.00010186101701559753	0.00010186101701559753	1	1	1	vizier
2459337.85417	0.00010304169949505875	0.00010304169949505875	1	1	1	vizier
2459337.85417	0.00010423606739764012	0.00010423606739764012	1	1	1	vizier
2459337.85417	0.00010544427935261685	0.00010544427935261685	1	1	1	vizier
2459337.85417	0.00010666649582795387	0.00010666649582795387	1	1	1	vizier
2459337.85417	0.00010790287915161836	0.00010790287915161836	1	1	1	vizier
2459337.85417	0.0001091535935331391	0.0001091535935331391	1	1	1	vizier
2459337.85417	0.00011041880508541602	0.00011041880508541602	1	1	1	vizier
2459337.85417	0.00011169868184678226	0.00011169868184678226	1	1	1	vizier
2459337.85417	0.00011299339380332217	0.00011299339380332217	1	1	1	vizier
2459337.85417	0.00011430311291144786	0.00011430311291144786	1	1	1	vizier
2459337.85417	0.00011562801312073754	0.00011562801312073754	1	1	1	vizier
2459337.85417	0.00011696827039703847	0.00011696827039703847	1	1	1	vizier
2459337.85417	0.0001183240627458378	0.0001183240627458378	1	1	1	vizier
2459337.85417	0.00011969557023590428	0.00011969557023590428	1	1	1	vizier
2459337.85417	0.00012108297502320394	0.00012108297502320394	1	1	1	vizier
2459337.85417	0.00012248646137509307	0.00012248646137509307	1	1	1	vizier
2459337.85417	0.00012390621569479155	0.00012390621569479155	1	1	1	vizier
2459337.85417	0.00012534242654613996	0.00012534242654613996	1	1	1	vizier
2459337.85417	0.0001267952846786434	0.0001267952846786434	1	1	1	vizier
2459337.85417	0.000128264983052806	0.000128264983052806	1	1	1	vizier
2459337.85417	0.00012975171686575867	0.00012975171686575867	1	1	1	vizier
2459337.85417	0.00013125568357718427	0.00013125568357718427	1	1	1	vizier
2459337.85417	0.0001327770829355429	0.0001327770829355429	1	1	1	vizier
2459337.85417	0.00013431611700460153	0.00013431611700460153	1	1	1	vizier
2459337.85417	0.0001358729901902709	0.0001358729901902709	1	1	1	vizier
2459337.85417	0.00013744790926775366	0.00013744790926775366	1	1	1	vizier
2459337.85417	0.00013904108340900695	0.00013904108340900695	1	1	1	vizier
2459337.85417	0.00014065272421052364	0.00014065272421052364	1	1	1	vizier
2459337.85417	0.0001422830457214352	0.0001422830457214352	1	1	1	vizier
2459337.85417	0.00014393226447194065	0.00014393226447194065	1	1	1	vizier
2459337.85417	0.00014560059950206487	0.00014560059950206487	1	1	1	vizier
2459337.85417	0.00014728827239075018	0.00014728827239075018	1	1	1	vizier
2459337.85417	0.00014899550728528536	0.00014899550728528536	1	1	1	vizier
2459337.85417	0.00015072253093107555	0.00015072253093107555	1	1	1	vizier
2459337.85417	0.0001524695727017573	0.0001524695727017573	1	1	1	vizier
2459337.85417	0.00015423686462966274	0.00015423686462966274	1	1	1	vizier
2459337.85417	0.0001560246414366368	0.0001560246414366368	1	1	1	vizier
2459337.85417	0.00015783314056521164	0.00015783314056521164	1	1	1	vizier
2459337.85417	0.00015966260221014252	0.00015966260221014252	1	1	1	vizier
2459337.85417	0.00016151326935030913	0.00016151326935030913	1	1	1	vizier
2459337.85417	0.0001633853877809862	0.0001633853877809862	1	1	1	vizier
2459337.85417	0.00016527920614648956	0.00016527920614648956	1	1	1	vizier
2459337.85417	0.000167194975973199	0.000167194975973199	1	1	1	vizier
2459337.85417	0.00016913295170296487	0.00016913295170296487	1	1	1	vizier
2459337.85417	0.00017109339072690153	0.00017109339072690153	1	1	1	vizier
2459337.85417	0.00017307655341957257	0.00017307655341957257	1	1	1	vizier
2459337.85417	0.00017508270317357253	0.00017508270317357253	1	1	1	vizier
2459337.85417	0.00017711210643450888	0.00017711210643450888	1	1	1	vizier
2459337.85417	0.00017916503273639013	0.00017916503273639013	1	1	1	vizier
2459337.85417	0.00018124175473742377	0.00018124175473742377	1	1	1	vizier
2459337.85417	0.00018334254825622907	0.00018334254825622907	1	1	1	vizier
2459337.85417	0.00018546769230846994	0.00018546769230846994	1	1	1	vizier
2459337.85417	0.00018761746914391214	0.00018761746914391214	1	1	1	vizier
2459337.85417	0.00018979216428391014	0.00018979216428391014	1	1	1	vizier
2459337.85417	0.00019199206655932848	0.00019199206655932848	1	1	1	vizier
2459337.85417	0.00019421746814890265	0.00019421746814890265	1	1	1	vizier
2459337.85417	0.00019646866461804464	0.00019646866461804464	1	1	1	vizier
2459337.85417	0.00019874595495809837	0.00019874595495809837	1	1	1	vizier
2459337.85417	0.00020104964162604992	0.00020104964162604992	1	1	1	vizier
2459337.85417	0.0002033800305846982	0.0002033800305846982	1	1	1	vizier
2459337.85417	0.00020573743134329138	0.00020573743134329138	1	1	1	vizier
2459337.85417	0.00020812215699863394	0.00020812215699863394	1	1	1	vizier
2459337.85417	0.0002105345242766706	0.0002105345242766706	1	1	1	vizier
2459337.85417	0.0002129748535745521	0.0002129748535745521	1	1	1	vizier
2459337.85417	0.00021544346900318845	0.00021544346900318845	1	1	1	vizier
2459337.85417	0.00021794069843029558	0.00021794069843029558	1	1	1	vizier
2459337.85417	0.00022046687352394098	0.00022046687352394098	1	1	1	vizier
2459337.85417	0.00022302232979659386	0.00022302232979659386	1	1	1	vizier
2459337.85417	0.00022560740664968616	0.00022560740664968616	1	1	1	vizier
2459337.85417	0.00022822244741868986	0.00022822244741868986	1	1	1	vizier
2459337.85417	0.00023086779941871696	0.00023086779941871696	1	1	1	vizier
2459337.85417	0.00023354381399064793	0.00023354381399064793	1	1	1	vizier
2459337.85417	0.00023625084654779475	0.00023625084654779475	1	1	1	vizier
2459337.85417	0.00023898925662310503	0.00023898925662310503	1	1	1	vizier
2459337.85417	0.00024175940791691308	0.00024175940791691308	1	1	1	vizier
2459337.85417	0.00024456166834524467	0.00024456166834524467	1	1	1	vizier
2459337.85417	0.0002473964100886814	0.0002473964100886814	1	1	1	vizier
2459337.85417	0.0002502640096417919	0.0002502640096417919	1	1	1	vizier
2459337.85417	0.00025316484786313555	0.00025316484786313555	1	1	1	vizier
2459337.85417	0.00025609931002584595	0.00025609931002584595	1	1	1	vizier
2459337.85417	0.0002590677858688009	0.0002590677858688009	1	1	1	vizier
2459337.85417	0.00026207066964838524	0.00026207066964838524	1	1	1	vizier
2459337.85417	0.0002651083601908539	0.0002651083601908539	1	1	1	vizier
2459337.85417	0.00026818126094530154	0.00026818126094530154	1	1	1	vizier
2459337.85417	0.00027128978003724673	0.00027128978003724673	1	1	1	vizier
2459337.85417	0.0002744343303228365	0.0002744343303228365	1	1	1	vizier
2459337.85417	0.0002776153294436801	0.0002776153294436801	1	1	1	vizier
2459337.85417	0.00028083319988231727	0.00028083319988231727	1	1	1	vizier
2459337.85417	0.00028408836901833043	0.00028408836901833043	1	1	1	vizier
2459337.85417	0.0002873812691851066	0.0002873812691851066	1	1	1	vizier
2459337.85417	0.0002907123377272578	0.0002907123377272578	1	1	1	vizier
2459337.85417	0.00029408201705870637	0.00029408201705870637	1	1	1	vizier
2459337.85417	0.00029749075472144406	0.00029749075472144406	1	1	1	vizier
2459337.85417	0.00030093900344497213	0.00030093900344497213	1	1	1	vizier
2459337.85417	0.00030442722120643025	0.00030442722120643025	1	1	1	vizier
2459337.85417	0.00030795587129142264	0.00030795587129142264	1	1	1	vizier
2459337.85417	0.0003115254223555488	0.0003115254223555488	1	1	1	vizier
2459337.85417	0.00031513634848664794	0.00031513634848664794	1	1	1	vizier
2459337.85417	0.0003187891292677646	0.0003187891292677646	1	1	1	vizier
2459337.85417	0.0003224842498408442	0.0003224842498408442	1	1	1	vizier
2459337.85417	0.000326222200971167	0.000326222200971167	1	1	1	vizier
2459337.85417	0.0003300034791125285	0.0003300034791125285	1	1	1	vizier
2459337.85417	0.0003338285864731761	0.0003338285864731761	1	1	1	vizier
2459337.85417	0.0003376980310825091	0.0003376980310825091	1	1	1	vizier
2459337.85417	0.00034161232685855285	0.00034161232685855285	1	1	1	vizier
2459337.85417	0.00034557199367621393	0.00034557199367621393	1	1	1	vizier
2459337.85417	0.0003495775574363275	0.0003495775574363275	1	1	1	vizier
2459337.85417	0.00035362955013550426	0.00035362955013550426	1	1	1	vizier
2459337.85417	0.0003577285099367873	0.0003577285099367873	1	1	1	vizier
2459337.85417	0.00036187498124112805	0.00036187498124112805	1	1	1	vizier
2459337.85417	0.00036606951475969023	0.00036606951475969023	1	1	1	vizier
2459337.85417	0.0003703126675869927	0.0003703126675869927	1	1	1	vizier
2459337.85417	0.0003746050032748993	0.0003746050032748993	1	1	1	vizier
2459337.85417	0.00037894709190746675	0.00037894709190746675	1	1	1	vizier
2459337.85417	0.00038333951017666015	0.00038333951017666015	1	1	1	vizier
2459337.85417	0.00038778284145894574	0.00038778284145894574	1	1	1	vizier
2459337.85417	0.00039227767589277194	0.00039227767589277194	1	1	1	vizier
2459337.85417	0.00039682461045694817	0.00039682461045694817	1	1	1	vizier
2459337.85417	0.0004014242490499322	0.0004014242490499322	1	1	1	vizier
2459337.85417	0.00040607720257003656	0.00040607720257003656	1	1	1	vizier
2459337.85417	0.0004107840889965647	0.0004107840889965647	1	1	1	vizier
2459337.85417	0.0004155455334718875	0.0004155455334718875	1	1	1	vizier
2459337.85417	0.0004203621683844714	0.0004203621683844714	1	1	1	vizier
2459337.85417	0.0004252346334528682	0.0004252346334528682	1	1	1	vizier
2459337.85417	0.00043016357581067953	0.00043016357581067953	1	1	1	vizier
2459337.85417	0.00043514965009250496	0.00043514965009250496	1	1	1	vizier
2459337.85417	0.00044019351852088743	0.00044019351852088743	1	1	1	vizier
2459337.85417	0.0004452958509942655	0.0004452958509942655	1	1	1	vizier
2459337.85417	0.0004504573251759458	0.0004504573251759458	1	1	1	vizier
2459337.85417	0.0004556786265841064	0.0004556786265841064	1	1	1	vizier
2459337.85417	0.0004609604486828434	0.0004609604486828434	1	1	1	vizier
2459337.85417	0.0004663034929742731	0.0004663034929742731	1	1	1	vizier
2459337.85417	0.0004717084690917017	0.0004717084690917017	1	1	1	vizier
2459337.85417	0.0004771760948938746	0.0004771760948938746	1	1	1	vizier
2459337.85417	0.0004827070965603183	0.0004827070965603183	1	1	1	vizier
2459337.85417	0.000488302208687788	0.000488302208687788	1	1	1	vizier
2459337.85417	0.0004939621743878321	0.0004939621743878321	1	1	1	vizier
2459337.85417	0.0004996877453854884	0.0004996877453854884	1	1	1	vizier
2459337.85417	0.0005054796821191241	0.0005054796821191241	1	1	1	vizier
2459337.85417	0.0005113387538414326	0.0005113387538414326	1	1	1	vizier
2459337.85417	0.0005172657387216019	0.0005172657387216019	1	1	1	vizier
2459337.85417	0.0005232614239486662	0.0005232614239486662	1	1	1	vizier
2459337.85417	0.0005293266058360561	0.0005293266058360561	1	1	1	vizier
2459337.85417	0.0005354620899273607	0.0005354620899273607	1	1	1	vizier
2459337.85417	0.0005416686911033152	0.0005416686911033152	1	1	1	vizier
2459337.85417	0.0005479472336900287	0.0005479472336900287	1	1	1	vizier
2459337.85417	0.0005542985515684668	0.0005542985515684668	1	1	1	vizier
2459337.85417	0.0005607234882852032	0.0005607234882852032	1	1	1	vizier
2459337.85417	0.0005672228971644543	0.0005672228971644543	1	1	1	vizier
2459337.85417	0.0005737976414214134	0.0005737976414214134	1	1	1	vizier
2459337.85417	0.0005804485942768978	0.0005804485942768978	1	1	1	vizier
2459337.85417	0.0005871766390733255	0.0005871766390733255	1	1	1	vizier
2459337.85417	0.0005939826693920357	0.0005939826693920357	1	1	1	vizier
2459337.85417	0.0006008675891719686	0.0006008675891719686	1	1	1	vizier
2459337.85417	0.0006078323128297229	0.0006078323128297229	1	1	1	vizier
2459337.85417	0.0006148777653810023	0.0006148777653810023	1	1	1	vizier
2459337.85417	0.0006220048825634712	0.0006220048825634712	1	1	1	vizier
2459337.85417	0.0006292146109610344	0.0006292146109610344	1	1	1	vizier
2459337.85417	0.0006365079081295571	0.0006365079081295571	1	1	1	vizier
2459337.85417	0.000643885742724042	0.000643885742724042	1	1	1	vizier
2459337.85417	0.0006513490946272803	0.0006513490946272803	1	1	1	vizier
2459337.85417	0.000658898955079995	0.000658898955079995	1	1	1	vizier
2459337.85417	0.0006665363268124914	0.0006665363268124914	1	1	1	vizier
2459337.85417	0.0006742622241778342	0.0006742622241778342	1	1	1	vizier
2459337.85417	0.0006820776732865685	0.0006820776732865685	1	1	1	vizier
2459337.85417	0.0006899837121430018	0.0006899837121430018	1	1	1	vizier
2459337.85417	0.000697981390783066	0.000697981390783066	1	1	1	vizier
2459337.85417	0.0007060717714137773	0.0007060717714137773	1	1	1	vizier
2459337.85417	0.0007142559285543127	0.0007142559285543127	1	1	1	vizier
2459337.85417	0.0007225349491787215	0.0007225349491787215	1	1	1	vizier
2459337.85417	0.000730909932860291	0.000730909932860291	1	1	1	vizier
2459337.85417	0.0007393819919175866	0.0007393819919175866	1	1	1	vizier
2459337.85417	0.0007479522515621821	0.0007479522515621821	1	1	1	vizier
2459337.85417	0.0007566218500481055	0.0007566218500481055	1	1	1	vizier
2459337.85417	0.0007653919388230148	0.0007653919388230148	1	1	1	vizier
2459337.85417	0.000774263682681127	0.000774263682681127	1	1	1	vizier
2459337.85417	0.0007832382599179197	0.0007832382599179197	1	1	1	vizier
2459337.85417	0.0007923168624866254	0.0007923168624866254	1	1	1	vizier
2459337.85417	0.0008015006961565405	0.0008015006961565405	1	1	1	vizier
2459337.85417	0.0008107909806731687	0.0008107909806731687	1	1	1	vizier
2459337.85417	0.0008201889499202203	0.0008201889499202203	1	1	1	vizier
2459337.85417	0.0008296958520834907	0.0008296958520834907	1	1	1	vizier
2459337.85417	0.0008393129498166364	0.0008393129498166364	1	1	1	vizier
2459337.85417	0.0008490415204088747	0.0008490415204088747	1	1	1	vizier
2459337.85417	0.0008588828559546249	0.0008588828559546249	1	1	1	vizier
2459337.85417	0.0008688382635251184	0.0008688382635251184	1	1	1	vizier
2459337.85417	0.0008789090653419955	0.0008789090653419955	1	1	1	vizier
2459337.85417	0.0008890965989529158	0.0008890965989529158	1	1	1	vizier
2459337.85417	0.0008994022174092045	0.0008994022174092045	1	1	1	vizier
2459337.85417	0.0009098272894455558	0.0009098272894455558	1	1	1	vizier
2459337.85417	0.0009203731996618221	0.0009203731996618221	1	1	1	vizier
2459337.85417	0.0009310413487069075	0.0009310413487069075	1	1	1	vizier
2459337.85417	0.0009418331534647951	0.0009418331534647951	1	1	1	vizier
2459337.85417	0.000952750047242729	0.000952750047242729	1	1	1	vizier
2459337.85417	0.0009637934799615786	0.0009637934799615786	1	1	1	vizier
2459337.85417	0.0009749649183484086	0.0009749649183484086	1	1	1	vizier
2459337.85417	0.000986265846131282	0.000986265846131282	1	1	1	vizier
2459337.85417	0.0009976977642363201	0.0009976977642363201	1	1	1	vizier
2459337.85417	0.0010092621909870484	0.0010092621909870484	1	1	1	vizier
2459337.85417	0.0010209606623060475	0.0010209606623060475	1	1	1	vizier
2459337.85417	0.0010327947319189526	0.0010327947319189526	1	1	1	vizier
2459337.85417	0.0010447659715608053	0.0010447659715608053	1	1	1	vizier
2459337.85417	0.001056875971184805	0.001056875971184805	1	1	1	vizier
2459337.85417	0.0010691263391734772	0.0010691263391734772	1	1	1	vizier
2459337.85417	0.0010815187025522892	0.0010815187025522892	1	1	1	vizier
2459337.85417	0.0010940547072057435	0.0010940547072057435	1	1	1	vizier
2459337.85417	0.0011067360180959745	0.0011067360180959745	1	1	1	vizier
2459337.85417	0.0011195643194838794	0.0011195643194838794	1	1	1	vizier
2459337.85417	0.0011325413151528126	0.0011325413151528126	1	1	1	vizier
2459337.85417	0.0011456687286348726	0.0011456687286348726	1	1	1	vizier
2459337.85417	0.0011589483034398118	0.0011589483034398118	1	1	1	vizier
2459337.85417	0.0011723818032865997	0.0011723818032865997	1	1	1	vizier
2459337.85417	0.0011859710123376707	0.0011859710123376707	1	1	1	vizier
2459337.85417	0.0011997177354358855	0.0011997177354358855	1	1	1	vizier
2459337.85417	0.0012136237983442417	0.0012136237983442417	1	1	1	vizier
2459337.85417	0.0012276910479883604	0.0012276910479883604	1	1	1	vizier
2459337.85417	0.0012419213527017847	0.0012419213527017847	1	1	1	vizier
2459337.85417	0.0012563166024741215	0.0012563166024741215	1	1	1	vizier
2459337.85417	0.0012708787092020595	0.0012708787092020595	1	1	1	vizier
2459337.85417	0.0012856096069432965	0.0012856096069432965	1	1	1	vizier
2459337.85417	0.0013005112521734098	0.0013005112521734098	1	1	1	vizier
2459337.85417	0.0013155856240457053	0.0013155856240457053	1	1	1	vizier
2459337.85417	0.001330834724654076	0.001330834724654076	1	1	1	vizier
2459337.85417	0.001346260579298911	0.001346260579298911	1	1	1	vizier
2459337.85417	0.0013618652367560827	0.0013618652367560827	1	1	1	vizier
2459337.85417	0.001377650769549055	0.001377650769549055	1	1	1	vizier
2459337.85417	0.0013936192742241434	0.0013936192742241434	1	1	1	vizier
2459337.85417	0.0014097728716289677	0.0014097728716289677	1	1	1	vizier
2459337.85417	0.0014261137071941298	0.0014261137071941298	1	1	1	vizier
2459337.85417	0.0014426439512181589	0.0014426439512181589	1	1	1	vizier
2459337.85417	0.0014593657991557576	0.0014593657991557576	1	1	1	vizier
2459337.85417	0.001476281471909391	0.001476281471909391	1	1	1	vizier
2459337.85417	0.0014933932161242535	0.0014933932161242535	1	1	1	vizier
2459337.85417	0.0015107033044866557	0.0015107033044866557	1	1	1	vizier
2459337.85417	0.0015282140360258708	0.0015282140360258708	1	1	1	vizier
2459337.85417	0.0015459277364194785	0.0015459277364194785	1	1	1	vizier
2459337.85417	0.0015638467583022478	0.0015638467583022478	1	1	1	vizier
2459337.85417	0.0015819734815786014	0.0015819734815786014	1	1	1	vizier
2459337.85417	0.0016003103137387017	0.0016003103137387017	1	1	1	vizier
2459337.85417	0.0016188596901781992	0.0016188596901781992	1	1	1	vizier
2459337.85417	0.001637624074521689	0.001637624074521689	1	1	1	vizier
2459337.85417	0.0016566059589499151	0.0016566059589499151	1	1	1	vizier
2459337.85417	0.0016758078645307687	0.0016758078645307687	1	1	1	vizier
2459337.85417	0.0016952323415541214	0.0016952323415541214	1	1	1	vizier
2459337.85417	0.001714881969870541	0.001714881969870541	1	1	1	vizier
2459337.85417	0.0017347593592339325	0.0017347593592339325	1	1	1	vizier
2459337.85417	0.001754867149648152	0.001754867149648152	1	1	1	vizier
2459337.85417	0.001775208011717636	0.001775208011717636	1	1	1	vizier
2459337.85417	0.0017957846470020968	0.0017957846470020968	1	1	1	vizier
2459337.85417	0.0018165997883753287	0.0018165997883753287	1	1	1	vizier
2459337.85417	0.0018376562003881724	0.0018376562003881724	1	1	1	vizier
2459337.85417	0.0018589566796356884	0.0018589566796356884	1	1	1	vizier
2459337.85417	0.0018805040551285834	0.0018805040551285834	1	1	1	vizier
2459337.85417	0.0019023011886689458	0.0019023011886689458	1	1	1	vizier
2459337.85417	0.0019243509752303323	0.0019243509752303323	1	1	1	vizier
2459337.85417	0.0019466563433422632	0.0019466563433422632	1	1	1	vizier
2459337.85417	0.0019692202554791737	0.0019692202554791737	1	1	1	vizier
2459337.85417	0.001992045708453871	0.001992045708453871	1	1	1	vizier
2459337.85417	0.0020151357338155586	0.0020151357338155586	1	1	1	vizier
2459337.85417	0.002038493398252464	0.002038493398252464	1	1	1	vizier
2459337.85417	0.0020621218039991447	0.0020621218039991447	1	1	1	vizier
2459337.85417	0.002086024089248505	0.002086024089248505	1	1	1	vizier
2459337.85417	0.0021102034285685966	0.0021102034285685966	1	1	1	vizier
2459337.85417	0.0021346630333242455	0.0021346630333242455	1	1	1	vizier
2459337.85417	0.0021594061521035676	0.0021594061521035676	1	1	1	vizier
2459337.85417	0.0021844360711494285	0.0021844360711494285	1	1	1	vizier
2459337.85417	0.002209756114795903	0.002209756114795903	1	1	1	vizier
2459337.85417	0.0022353696459097966	0.0022353696459097966	1	1	1	vizier
2459337.85417	0.0022612800663372795	0.0022612800663372795	1	1	1	vizier
2459337.85417	0.002287490817355704	0.002287490817355704	1	1	1	vizier
2459337.85417	0.002314005380130654	0.002314005380130654	1	1	1	vizier
2459337.85417	0.0023408272761782944	0.0023408272761782944	1	1	1	vizier
2459337.85417	0.0023679600678330787	0.0023679600678330787	1	1	1	vizier
2459337.85417	0.0023954073587208794	0.0023954073587208794	1	1	1	vizier
2459337.85417	0.0024231727942376005	0.0024231727942376005	1	1	1	vizier
2459337.85417	0.0024512600620333396	0.0024512600620333396	1	1	1	vizier
2459337.85417	0.0024796728925021603	0.0024796728925021603	1	1	1	vizier
2459337.85417	0.002508415059277541	0.002508415059277541	1	1	1	vizier
2459337.85417	0.0025374903797335717	0.0025374903797335717	1	1	1	vizier
2459337.85417	0.002566902715491952	0.002566902715491952	1	1	1	vizier
2459337.85417	0.0025966559729348722	0.0025966559729348722	1	1	1	vizier
2459337.85417	0.0026267541037238384	0.0026267541037238384	1	1	1	vizier
2459337.85417	0.0026572011053245066	0.0026572011053245066	1	1	1	vizier
2459337.85417	0.0026880010215376074	0.0026880010215376074	1	1	1	vizier
2459337.85417	0.002719157943036019	0.002719157943036019	1	1	1	vizier
2459337.85417	0.0027506760079080675	0.0027506760079080675	1	1	1	vizier
2459337.85417	0.0027825594022071257	0.0027825594022071257	1	1	1	vizier
2459337.85417	0.002814812360507581	0.002814812360507581	1	1	1	vizier
2459337.85417	0.0028474391664672478	0.0028474391664672478	1	1	1	vizier
2459337.85417	0.002880444153396298	0.002880444153396298	1	1	1	vizier
2459337.85417	0.0029138317048327885	0.0029138317048327885	1	1	1	vizier
2459337.85417	0.0029476062551248585	0.0029476062551248585	1	1	1	vizier
2459337.85417	0.0029817722900196734	0.0029817722900196734	1	1	1	vizier
2459337.85417	0.0030163343472591974	0.0030163343472591974	1	1	1	vizier
2459337.85417	0.0030512970171828707	0.0030512970171828707	1	1	1	vizier
2459337.85417	0.0030866649433372744	0.0030866649433372744	1	1	1	vizier
2459337.85417	0.0031224428230928578	0.0031224428230928578	1	1	1	vizier
2459337.85417	0.003158635408267819	0.003158635408267819	1	1	1	vizier
2459337.85417	0.0031952475057592136	0.0031952475057592136	1	1	1	vizier
2459337.85417	0.003232283978181381	0.003232283978181381	1	1	1	vizier
2459337.85417	0.003269749744511768	0.003269749744511768	1	1	1	vizier
2459337.85417	0.0033076497807442424	0.0033076497807442424	1	1	1	vizier
2459337.85417	0.0033459891205499747	0.0033459891205499747	1	1	1	vizier
2459337.85417	0.0033847728559459832	0.0033847728559459832	1	1	1	vizier
2459337.85417	0.003424006137971426	0.003424006137971426	1	1	1	vizier
2459337.85417	0.0034636941773717343	0.0034636941773717343	1	1	1	vizier
2459337.85417	0.003503842245290676	0.003503842245290676	1	1	1	vizier
2459337.85417	0.0035444556739704356	0.0035444556739704356	1	1	1	vizier
2459337.85417	0.003585539857459817	0.003585539857459817	1	1	1	vizier
2459337.85417	0.0036271002523306484	0.0036271002523306484	1	1	1	vizier
2459337.85417	0.003669142378402494	0.003669142378402494	1	1	1	vizier
2459337.85417	0.003711671819475767	0.003711671819475767	1	1	1	vizier
2459337.85417	0.003754694224073337	0.003754694224073337	1	1	1	vizier
2459337.85417	0.003798215306190736	0.003798215306190736	1	1	1	vizier
2459337.85417	0.003842240846055061	0.003842240846055061	1	1	1	vizier
2459337.85417	0.0038867766908926675	0.0038867766908926675	1	1	1	vizier
2459337.85417	0.003931828755705771	0.003931828755705771	1	1	1	vizier
2459337.85417	0.003977403024058037	0.003977403024058037	1	1	1	vizier
2459337.85417	0.004023505548869293	0.004023505548869293	1	1	1	vizier
2459337.85417	0.004070142453219439	0.004070142453219439	1	1	1	vizier
2459337.85417	0.004117319931161679	0.004117319931161679	1	1	1	vizier
2459337.85417	0.004165044248545185	0.004165044248545185	1	1	1	vizier
2459337.85417	0.004213321743847289	0.004213321743847289	1	1	1	vizier
2459337.85417	0.0042621588290153245	0.0042621588290153245	1	1	1	vizier
2459337.85417	0.004311561990318229	0.004311561990318229	1	1	1	vizier
2459337.85417	0.004361537789208006	0.004361537789208006	1	1	1	vizier
2459337.85417	0.00441209286319119	0.00441209286319119	1	1	1	vizier
2459337.85417	0.004463233926710397	0.004463233926710397	1	1	1	vizier
2459337.85417	0.004514967772036102	0.004514967772036102	1	1	1	vizier
2459337.85417	0.004567301270168747	0.004567301270168747	1	1	1	vizier
2459337.85417	0.004620241371751313	0.004620241371751313	1	1	1	vizier
2459337.85417	0.004673795107992464	0.004673795107992464	1	1	1	vizier
2459337.85417	0.0047279695916003905	0.0047279695916003905	1	1	1	vizier
2459337.85417	0.0047827720177274855	0.0047827720177274855	1	1	1	vizier
2459337.85417	0.004838209664925958	0.004838209664925958	1	1	1	vizier
2459337.85417	0.004894289896114532	0.004894289896114532	1	1	1	vizier
2459337.85417	0.004951020159556351	0.004951020159556351	1	1	1	vizier
2459337.85417	0.005008407989848212	0.005008407989848212	1	1	1	vizier
2459337.85417	0.005066461008921269	0.005066461008921269	1	1	1	vizier
2459337.85417	0.005125186927053333	0.005125186927053333	1	1	1	vizier
2459337.85417	0.005184593543892913	0.005184593543892913	1	1	1	vizier
2459337.85417	0.005244688749495119	0.005244688749495119	1	1	1	vizier
2459337.85417	0.005305480525369574	0.005305480525369574	1	1	1	vizier
2459337.85417	0.0053669769455404765	0.0053669769455404765	1	1	1	vizier
2459337.85417	0.005429186177618943	0.005429186177618943	1	1	1	vizier
2459337.85417	0.005492116483887789	0.005492116483887789	1	1	1	vizier
2459337.85417	0.005555776222398878	0.005555776222398878	1	1	1	vizier
2459337.85417	0.005620173848083188	0.005620173848083188	1	1	1	vizier
2459337.85417	0.005685317913873753	0.005685317913873753	1	1	1	vizier
2459337.85417	0.005751217071841614	0.005751217071841614	1	1	1	vizier
2459337.85417	0.005817880074344936	0.005817880074344936	1	1	1	vizier
2459337.85417	0.00588531577519145	0.00588531577519145	1	1	1	vizier
2459337.85417	0.00595353313081437	0.00595353313081437	1	1	1	vizier
2459337.85417	0.006022541201461928	0.006022541201461928	1	1	1	vizier
2459337.85417	0.006092349152400711	0.006092349152400711	1	1	1	vizier
2459337.85417	0.006162966255132942	0.006162966255132942	1	1	1	vizier
2459337.85417	0.006234401888627864	0.006234401888627864	1	1	1	vizier
2459337.85417	0.0063066655405674054	0.0063066655405674054	1	1	1	vizier
2459337.85417	0.006379766808606282	0.006379766808606282	1	1	1	vizier
2459337.85417	0.006453715401646702	0.006453715401646702	1	1	1	vizier
2459337.85417	0.006528521141127847	0.006528521141127847	1	1	1	vizier
2459337.85417	0.006604193962330305	0.006604193962330305	1	1	1	vizier
2459337.85417	0.006680743915695614	0.006680743915695614	1	1	1	vizier
2459337.85417	0.00675818116816111	0.00675818116816111	1	1	1	vizier
2459337.85417	0.0068365160045102385	0.0068365160045102385	1	1	1	vizier
2459337.85417	0.006915758828738525	0.006915758828738525	1	1	1	vizier
2459337.85417	0.006995920165435375	0.006995920165435375	1	1	1	vizier
2459337.85417	0.0070770106611818895	0.0070770106611818895	1	1	1	vizier
2459337.85417	0.0071590410859648885	0.0071590410859648885	1	1	1	vizier
2459337.85417	0.007242022334607316	0.007242022334607316	1	1	1	vizier
2459337.85417	0.00732596542821523	0.00732596542821523	1	1	1	vizier
2459337.85417	0.00741088151564157	0.00741088151564157	1	1	1	vizier
2459337.85417	0.007496781874966877	0.007496781874966877	1	1	1	vizier
2459337.85417	0.0075836779149971905	0.0075836779149971905	1	1	1	vizier
2459337.85417	0.007671581176779302	0.007671581176779302	1	1	1	vizier
2459337.85417	0.007760503335133571	0.007760503335133571	1	1	1	vizier
2459337.85417	0.00785045620020451	0.00785045620020451	1	1	1	vizier
2459337.85417	0.00794145171902934	0.00794145171902934	1	1	1	vizier
2459337.85417	0.008033501977124734	0.008033501977124734	1	1	1	vizier
2459337.85417	0.008126619200091946	0.008126619200091946	1	1	1	vizier
2459337.85417	0.008220815755240541	0.008220815755240541	1	1	1	vizier
2459337.85417	0.008316104153230962	0.008316104153230962	1	1	1	vizier
2459337.85417	0.008412497049736118	0.008412497049736118	1	1	1	vizier
2459337.85417	0.008510007247122246	0.008510007247122246	1	1	1	vizier
2459337.85417	0.008608647696149245	0.008608647696149245	1	1	1	vizier
2459337.85417	0.008708431497690725	0.008708431497690725	1	1	1	vizier
2459337.85417	0.00880937190447399	0.00880937190447399	1	1	1	vizier
2459337.85417	0.008911482322840203	0.008911482322840203	1	1	1	vizier
2459337.85417	0.009014776314524917	0.009014776314524917	1	1	1	vizier
2459337.85417	0.009119267598459298	0.009119267598459298	1	1	1	vizier
2459337.85417	0.009224970052592174	0.009224970052592174	1	1	1	vizier
2459337.85417	0.009331897715733239	0.009331897715733239	1	1	1	vizier
2459337.85417	0.009440064789417604	0.009440064789417604	1	1	1	vizier
2459337.85417	0.009549485639791966	0.009549485639791966	1	1	1	vizier
2459337.85417	0.009660174799522647	0.009660174799522647	1	1	1	vizier
2459337.85417	0.009772146969725724	0.009772146969725724	1	1	1	vizier
2459337.85417	0.009885417021919573	0.009885417021919573	1	1	1	vizier
2459337.85417	0.01	0.01	1	1	1	vizier
