2456451.3721  6.5559045226E-07  6.5600000000E-07  1.1477979011E+00  7.2490909747E-01  1  VLT_combined
2456451.3721  6.5560804020E-07  6.5600000000E-07  1.1784962135E+00  7.2490909747E-01  1  VLT_combined
2456451.3721  6.5562562814E-07  6.5600000000E-07  1.2859723641E+00  7.2490909747E-01  1  VLT_combined
2456451.3721  6.5564321608E-07  6.5600000000E-07  1.3175022554E+00  7.2490909747E-01  1  VLT_combined
2456451.3721  6.5566080402E-07  6.5600000000E-07  1.3646660452E+00  7.2490909747E-01  1  VLT_combined
2456451.3721  6.5567839196E-07  6.5600000000E-07  1.4073434134E+00  7.2490909747E-01  1  VLT_combined
2456451.3721  6.5569597990E-07  6.5600000000E-07  1.4292855989E+00  7.2490909747E-01  1  VLT_combined
2456451.3721  6.5571356784E-07  6.5600000000E-07  1.4686809173E+00  7.2490909747E-01  1  VLT_combined
2456451.3721  6.5573115578E-07  6.5600000000E-07  1.5253997210E+00  7.2490909747E-01  1  VLT_combined
2456451.3721  6.5574874372E-07  6.5600000000E-07  1.5721053106E+00  7.2490909747E-01  1  VLT_combined
2456451.3721  6.5576633166E-07  6.5600000000E-07  1.5890076557E+00  7.2490909747E-01  1  VLT_combined
2456451.3721  6.5578391960E-07  6.5600000000E-07  1.6892518679E+00  7.2490909747E-01  1  VLT_combined
2456451.3721  6.5580150754E-07  6.5600000000E-07  1.8709299827E+00  7.2490909747E-01  1  VLT_combined
2456451.3721  6.5581909548E-07  6.5600000000E-07  2.0397622911E+00  7.2490909747E-01  1  VLT_combined
2456451.3721  6.5583668342E-07  6.5600000000E-07  2.1774228809E+00  7.2490909747E-01  1  VLT_combined
2456451.3721  6.5585427136E-07  6.5600000000E-07  2.3424714320E+00  7.2490909747E-01  1  VLT_combined
2456451.3721  6.5587185930E-07  6.5600000000E-07  2.5668248631E+00  7.2490909747E-01  1  VLT_combined
2456451.3721  6.5588944724E-07  6.5600000000E-07  2.8143862708E+00  7.2490909747E-01  1  VLT_combined
2456451.3721  6.5590703518E-07  6.5600000000E-07  3.0696997732E+00  7.2490909747E-01  1  VLT_combined
2456451.3721  6.5592462312E-07  6.5600000000E-07  3.3560866380E+00  7.2490909747E-01  1  VLT_combined
2456451.3721  6.5594221106E-07  6.5600000000E-07  3.6418369757E+00  7.2490909747E-01  1  VLT_combined
2456451.3721  6.5595979899E-07  6.5600000000E-07  4.0091360291E+00  7.2490909747E-01  1  VLT_combined
2456451.3721  6.5597738693E-07  6.5600000000E-07  4.3624660952E+00  7.2490909747E-01  1  VLT_combined
2456451.3721  6.5599497487E-07  6.5600000000E-07  4.7421190439E+00  7.2490909747E-01  1  VLT_combined
2456451.3721  6.5601256281E-07  6.5600000000E-07  5.1108351509E+00  7.2490909747E-01  1  VLT_combined
2456451.3721  6.5603015075E-07  6.5600000000E-07  5.5186740150E+00  7.2490909747E-01  1  VLT_combined
2456451.3721  6.5604773869E-07  6.5600000000E-07  5.8813844228E+00  7.2490909747E-01  1  VLT_combined
2456451.3721  6.5606532663E-07  6.5600000000E-07  6.2929343734E+00  7.2490909747E-01  1  VLT_combined
2456451.3721  6.5608291457E-07  6.5600000000E-07  6.6589532681E+00  7.2490909747E-01  1  VLT_combined
2456451.3721  6.5610050251E-07  6.5600000000E-07  6.9476928023E+00  7.2490909747E-01  1  VLT_combined
2456451.3721  6.5611809045E-07  6.5600000000E-07  7.1717850413E+00  7.2490909747E-01  1  VLT_combined
2456451.3721  6.5613567839E-07  6.5600000000E-07  7.3510312120E+00  7.2490909747E-01  1  VLT_combined
2456451.3721  6.5615326633E-07  6.5600000000E-07  7.5295106202E+00  7.2490909747E-01  1  VLT_combined
2456451.3721  6.5617085427E-07  6.5600000000E-07  7.6784051392E+00  7.2490909747E-01  1  VLT_combined
2456451.3721  6.5618844221E-07  6.5600000000E-07  7.7019596021E+00  7.2490909747E-01  1  VLT_combined
2456451.3721  6.5620603015E-07  6.5600000000E-07  7.6247128405E+00  7.2490909747E-01  1  VLT_combined
2456451.3721  6.5622361809E-07  6.5600000000E-07  7.5135516763E+00  7.2490909747E-01  1  VLT_combined
2456451.3721  6.5624120603E-07  6.5600000000E-07  7.3604226100E+00  7.2490909747E-01  1  VLT_combined
2456451.3721  6.5625879397E-07  6.5600000000E-07  7.2318066696E+00  7.2490909747E-01  1  VLT_combined
2456451.3721  6.5627638191E-07  6.5600000000E-07  7.0528805260E+00  7.2490909747E-01  1  VLT_combined
2456451.3721  6.5629396985E-07  6.5600000000E-07  7.0538292734E+00  7.2490909747E-01  1  VLT_combined
2456451.3721  6.5631155779E-07  6.5600000000E-07  6.9759452427E+00  7.2490909747E-01  1  VLT_combined
2456451.3721  6.5632914573E-07  6.5600000000E-07  7.0276510431E+00  7.2490909747E-01  1  VLT_combined
2456451.3721  6.5634673367E-07  6.5600000000E-07  7.0843102466E+00  7.2490909747E-01  1  VLT_combined
2456451.3721  6.5636432161E-07  6.5600000000E-07  7.1769101414E+00  7.2490909747E-01  1  VLT_combined
2456451.3721  6.5638190955E-07  6.5600000000E-07  7.2909334235E+00  7.2490909747E-01  1  VLT_combined
2456451.3721  6.5639949749E-07  6.5600000000E-07  7.3983031752E+00  7.2490909747E-01  1  VLT_combined
2456451.3721  6.5641708543E-07  6.5600000000E-07  7.4708449354E+00  7.2490909747E-01  1  VLT_combined
2456451.3721  6.5643467337E-07  6.5600000000E-07  7.5240561342E+00  7.2490909747E-01  1  VLT_combined
2456451.3721  6.5645226131E-07  6.5600000000E-07  7.5358000963E+00  7.2490909747E-01  1  VLT_combined
2456451.3721  6.5646984925E-07  6.5600000000E-07  7.4870916974E+00  7.2490909747E-01  1  VLT_combined
2456451.3721  6.5648743719E-07  6.5600000000E-07  7.3967935612E+00  7.2490909747E-01  1  VLT_combined
2456451.3721  6.5650502513E-07  6.5600000000E-07  7.2043024917E+00  7.2490909747E-01  1  VLT_combined
2456451.3721  6.5652261307E-07  6.5600000000E-07  6.9708296364E+00  7.2490909747E-01  1  VLT_combined
2456451.3721  6.5654020101E-07  6.5600000000E-07  6.8133957125E+00  7.2490909747E-01  1  VLT_combined
2456451.3721  6.5655778894E-07  6.5600000000E-07  6.7032280083E+00  7.2490909747E-01  1  VLT_combined
2456451.3721  6.5657537688E-07  6.5600000000E-07  6.6078826981E+00  7.2490909747E-01  1  VLT_combined
2456451.3721  6.5659296482E-07  6.5600000000E-07  6.6275172598E+00  7.2490909747E-01  1  VLT_combined
2456451.3721  6.5661055276E-07  6.5600000000E-07  6.6093093395E+00  7.2490909747E-01  1  VLT_combined
2456451.3721  6.5662814070E-07  6.5600000000E-07  6.6150359993E+00  7.2490909747E-01  1  VLT_combined
2456451.3721  6.5664572864E-07  6.5600000000E-07  6.5407904669E+00  7.2490909747E-01  1  VLT_combined
2456451.3721  6.5666331658E-07  6.5600000000E-07  6.7309008441E+00  7.2490909747E-01  1  VLT_combined
2456451.3721  6.5668090452E-07  6.5600000000E-07  6.7570547834E+00  7.2490909747E-01  1  VLT_combined
2456451.3721  6.5669849246E-07  6.5600000000E-07  6.7336125981E+00  7.2490909747E-01  1  VLT_combined
2456451.3721  6.5671608040E-07  6.5600000000E-07  6.6321638199E+00  7.2490909747E-01  1  VLT_combined
2456451.3721  6.5673366834E-07  6.5600000000E-07  6.4653512515E+00  7.2490909747E-01  1  VLT_combined
2456451.3721  6.5675125628E-07  6.5600000000E-07  6.2320363968E+00  7.2490909747E-01  1  VLT_combined
2456451.3721  6.5676884422E-07  6.5600000000E-07  5.9242947429E+00  7.2490909747E-01  1  VLT_combined
2456451.3721  6.5678643216E-07  6.5600000000E-07  5.5524533923E+00  7.2490909747E-01  1  VLT_combined
2456451.3721  6.5680402010E-07  6.5600000000E-07  5.1742701937E+00  7.2490909747E-01  1  VLT_combined
2456451.3721  6.5682160804E-07  6.5600000000E-07  4.7627431896E+00  7.2490909747E-01  1  VLT_combined
2456451.3721  6.5683919598E-07  6.5600000000E-07  4.3519851281E+00  7.2490909747E-01  1  VLT_combined
2456451.3721  6.5685678392E-07  6.5600000000E-07  3.9284710129E+00  7.2490909747E-01  1  VLT_combined
2456451.3721  6.5687437186E-07  6.5600000000E-07  3.5822725670E+00  7.2490909747E-01  1  VLT_combined
2456451.3721  6.5689195980E-07  6.5600000000E-07  3.2777392737E+00  7.2490909747E-01  1  VLT_combined
2456451.3721  6.5690954774E-07  6.5600000000E-07  3.0107760284E+00  7.2490909747E-01  1  VLT_combined
2456451.3721  6.5692713568E-07  6.5600000000E-07  2.7473079053E+00  7.2490909747E-01  1  VLT_combined
2456451.3721  6.5694472362E-07  6.5600000000E-07  2.5165473742E+00  7.2490909747E-01  1  VLT_combined
2456451.3721  6.5696231156E-07  6.5600000000E-07  2.3160406565E+00  7.2490909747E-01  1  VLT_combined
2456451.3721  6.5697989950E-07  6.5600000000E-07  2.1468111846E+00  7.2490909747E-01  1  VLT_combined
2456451.3721  6.5699748744E-07  6.5600000000E-07  1.9978366755E+00  7.2490909747E-01  1  VLT_combined
2456451.3721  6.5701507538E-07  6.5600000000E-07  1.8549124154E+00  7.2490909747E-01  1  VLT_combined
2456451.3721  6.5703266332E-07  6.5600000000E-07  1.7349262709E+00  7.2490909747E-01  1  VLT_combined
2456451.3721  6.5705025126E-07  6.5600000000E-07  1.6257999177E+00  7.2490909747E-01  1  VLT_combined
2456451.3721  6.5706783920E-07  6.5600000000E-07  1.4811143835E+00  7.2490909747E-01  1  VLT_combined
2456451.3721  6.5708542714E-07  6.5600000000E-07  1.3495478042E+00  7.2490909747E-01  1  VLT_combined
2456451.3721  6.5710301508E-07  6.5600000000E-07  1.3049008530E+00  7.2490909747E-01  1  VLT_combined
2456451.3721  6.5712060302E-07  6.5600000000E-07  1.3290329012E+00  7.2490909747E-01  1  VLT_combined
2456451.3721  6.5713819095E-07  6.5600000000E-07  1.3205560403E+00  7.2490909747E-01  1  VLT_combined
2456451.3721  6.5715577889E-07  6.5600000000E-07  1.2864972727E+00  7.2490909747E-01  1  VLT_combined
2456451.3721  6.5717336683E-07  6.5600000000E-07  1.2498330401E+00  7.2490909747E-01  1  VLT_combined
2456451.3721  6.5719095477E-07  6.5600000000E-07  1.2105947179E+00  7.2490909747E-01  1  VLT_combined
2456451.3721  6.5720854271E-07  6.5600000000E-07  1.1539253134E+00  7.2490909747E-01  1  VLT_combined
2456451.3721  6.5722613065E-07  6.5600000000E-07  1.1277297932E+00  7.2490909747E-01  1  VLT_combined
2456451.3721  6.5724371859E-07  6.5600000000E-07  1.1201148849E+00  7.2490909747E-01  1  VLT_combined
2456451.3721  6.5726130653E-07  6.5600000000E-07  1.1293358593E+00  7.2490909747E-01  1  VLT_combined
2456451.3721  6.5727889447E-07  6.5600000000E-07  1.1315701072E+00  7.2490909747E-01  1  VLT_combined
2456451.3721  6.5729648241E-07  6.5600000000E-07  1.1217818819E+00  7.2490909747E-01  1  VLT_combined
2456451.3721  6.5731407035E-07  6.5600000000E-07  1.1243263017E+00  7.2490909747E-01  1  VLT_combined
2456451.3721  6.5733165829E-07  6.5600000000E-07  1.1120495860E+00  7.2490909747E-01  1  VLT_combined
2456451.3721  6.5734924623E-07  6.5600000000E-07  1.0705485303E+00  7.2490909747E-01  1  VLT_combined
2456451.3721  6.5736683417E-07  6.5600000000E-07  1.0593446796E+00  7.2490909747E-01  1  VLT_combined
2456451.3721  6.5738442211E-07  6.5600000000E-07  1.0550034601E+00  7.2490909747E-01  1  VLT_combined
2456451.3721  6.5740201005E-07  6.5600000000E-07  1.0629871775E+00  7.2490909747E-01  1  VLT_combined
2456451.3721  6.5741959799E-07  6.5600000000E-07  9.9918732477E-01  7.2490909747E-01  1  VLT_combined
2456451.3721  6.5743718593E-07  6.5600000000E-07  8.4660060158E-01  7.2490909747E-01  1  VLT_combined
2456451.3721  6.5745477387E-07  6.5600000000E-07  8.4404706571E-01  7.2490909747E-01  1  VLT_combined
2456451.3721  6.5747236181E-07  6.5600000000E-07  9.4670609420E-01  7.2490909747E-01  1  VLT_combined
2456451.3721  6.5748994975E-07  6.5600000000E-07  1.0472327074E+00  7.2490909747E-01  1  VLT_combined
2456451.3721  6.5750753769E-07  6.5600000000E-07  1.0670516671E+00  7.2490909747E-01  1  VLT_combined
