# hjd ucoord vcoord vis2data vis2err eff_wave
2458656.68012811  -1.16429168e+02  -5.23333359e+01  6.82316160e-01  2.85290100e-02  1.99000010e-06
2458656.65631643  -1.15356249e+02  -5.95526214e+01  5.89190955e-01  3.43185973e-03  1.99801128e-06
2458656.66451055  -1.16020130e+02  -5.70763276e+01  6.46825233e-01  2.51860324e-03  1.99618600e-06
2458656.66451060  -1.16020133e+02  -5.70763151e+01  6.44034713e-01  3.88284459e-03  2.01008042e-06
2458656.68012759  -1.16429173e+02  -5.23334938e+01  6.58955748e-01  2.03350782e-03  2.00727331e-06
2458656.68762276  -1.16226165e+02  -5.00572772e+01  6.44179176e-01  2.09761744e-03  2.00540716e-06
2458656.70556241  -1.14689209e+02  -4.46469359e+01  5.39415811e-01  6.33268455e-03  1.99224587e-06
2458656.65631644  -1.15356249e+02  -5.95526212e+01  6.04848025e-01  4.72576006e-03  2.01245836e-06
2458656.65631644  -1.15356249e+02  -5.95526212e+01  6.07789822e-01  2.44285739e-03  2.03016083e-06
2458656.66451060  -1.16020133e+02  -5.70763151e+01  6.67129646e-01  1.55551635e-03  2.03557725e-06
2458656.68012811  -1.16429168e+02  -5.23333359e+01  6.77457518e-01  1.70315110e-03  2.03848363e-06
2458656.68551764  -1.16283190e+02  -5.06965828e+01  6.65083251e-01  1.43470419e-03  2.03904525e-06
2458656.68762171  -1.16226215e+02  -5.00575976e+01  6.57341399e-01  2.81667366e-03  2.05003402e-06
2458656.70556255  -1.14689191e+02  -4.46468939e+01  5.65955889e-01  3.29455011e-03  2.01219848e-06
2458656.71338628  -1.13559308e+02  -4.23173904e+01  6.15703350e-01  3.02441643e-03  1.99984537e-06
2458656.62719708  -1.10531947e+02  -6.81699930e+01  6.32218810e-01  7.20861921e-03  1.99066062e-06
2458656.65631644  -1.15356249e+02  -5.95526213e+01  5.99821949e-01  1.64341031e-03  2.06004635e-06
2458656.66451057  -1.16020131e+02  -5.70763225e+01  6.57428999e-01  1.76566516e-03  2.06455767e-06
2458656.66451060  -1.16020133e+02  -5.70763151e+01  6.73022521e-01  2.12854307e-03  2.08300402e-06
2458656.68012811  -1.16429168e+02  -5.23333359e+01  6.80094733e-01  1.48053691e-03  2.07924083e-06
2458656.68762260  -1.16226173e+02  -5.00573272e+01  6.68158228e-01  1.28127190e-03  2.07539295e-06
2458656.70556254  -1.14689191e+02  -4.46468945e+01  5.82800871e-01  2.11363095e-03  2.04824384e-06
2458656.71338621  -1.13559321e+02  -4.23174133e+01  6.49233030e-01  2.07183133e-03  2.02804710e-06
2458656.62719708  -1.10531948e+02  -6.81699919e+01  6.44482732e-01  1.68649900e-03  2.00971092e-06
2458656.65631644  -1.15356249e+02  -5.95526212e+01  6.08681209e-01  3.17130219e-03  2.08392876e-06
2458656.65631644  -1.15356249e+02  -5.95526212e+01  6.19002086e-01  1.91126195e-03  2.10308444e-06
2458656.66451060  -1.16020133e+02  -5.70763151e+01  6.79719841e-01  1.28542569e-03  2.10968983e-06
2458656.68012811  -1.16429168e+02  -5.23333359e+01  6.83345306e-01  1.32839935e-03  2.11695577e-06
2458656.68756701  -1.16227696e+02  -5.00742088e+01  6.73961189e-01  1.28595287e-03  2.11237442e-06
2458656.68762171  -1.16226215e+02  -5.00575976e+01  6.73503566e-01  4.16587699e-03  2.13135559e-06
2458656.61829692  -1.08306961e+02  -7.07163628e+01  6.31244298e-01  1.57923844e-03  2.00812483e-06
2458656.62719708  -1.10531947e+02  -6.81699930e+01  6.57904690e-01  3.14678752e-03  2.03161403e-06
2458656.62719708  -1.10531947e+02  -6.81699930e+01  6.75098282e-01  1.56339234e-03  2.17653647e-06
2458656.65631644  -1.15356249e+02  -5.95526212e+01  6.40475107e-01  6.24683504e-03  2.24351522e-06
2458656.65631644  -1.15356249e+02  -5.95526213e+01  6.28079137e-01  1.38765944e-03  2.26563594e-06
2458656.66451059  -1.16020132e+02  -5.70763187e+01  7.14400186e-01  1.18573948e-03  2.27484251e-06
2458656.68012811  -1.16429168e+02  -5.23333359e+01  7.17936597e-01  1.51692767e-03  2.28306554e-06
2458656.68762171  -1.16226215e+02  -5.00575976e+01  7.08766498e-01  1.50482558e-03  2.27894532e-06
2458656.70556252  -1.14689195e+02  -4.46469021e+01  6.35708373e-01  1.31875849e-03  2.24896989e-06
2458656.71338621  -1.13559321e+02  -4.23174133e+01  6.69013907e-01  2.15239769e-03  2.22696628e-06
2458656.59494125  -1.00871794e+02  -7.71161083e+01  5.96685473e-01  4.14553746e-03  2.00030445e-06
2458656.59494125  -1.00871794e+02  -7.71161083e+01  6.14375446e-01  1.36311534e-03  2.02041329e-06
2458656.60275348  -1.03610181e+02  -7.50264275e+01  5.77154451e-01  3.54579708e-03  2.05354399e-06
2458656.60275348  -1.03610181e+02  -7.50264274e+01  6.19643360e-01  7.62090836e-04  2.07417355e-06
2458656.61829692  -1.08306961e+02  -7.07163628e+01  6.51088725e-01  7.42410619e-04  2.16022230e-06
2458656.61829692  -1.08306961e+02  -7.07163627e+01  6.56664467e-01  1.74845851e-03  2.18195291e-06
2458656.62719708  -1.10531947e+02  -6.81699930e+01  6.85773219e-01  1.53959720e-03  2.21058629e-06
2458656.65631644  -1.15356249e+02  -5.95526212e+01  6.30902441e-01  2.72228159e-03  2.30744098e-06
2458656.66451060  -1.16020133e+02  -5.70763151e+01  7.20025207e-01  1.84197611e-03  2.31353245e-06
2458656.66451056  -1.16020130e+02  -5.70763263e+01  7.15011956e-01  1.99775870e-03  2.33676288e-06
2458656.68012811  -1.16429168e+02  -5.23333359e+01  7.24427758e-01  2.10947127e-03  2.31577829e-06
2458656.68389321  -1.16327190e+02  -5.11899086e+01  7.19660487e-01  1.22364273e-03  2.32691376e-06
2458656.68762338  -1.16226135e+02  -5.00570893e+01  7.13027751e-01  1.70404887e-03  2.33807183e-06
2458656.70556241  -1.14689209e+02  -4.46469359e+01  6.43176651e-01  3.79276262e-03  2.28028145e-06
2458656.71018703  -1.14021336e+02  -4.32699640e+01  6.60559615e-01  1.28507318e-03  2.28240933e-06
2458656.71338621  -1.13559321e+02  -4.23174133e+01  6.87234799e-01  4.68162960e-03  2.29080988e-06
2458656.59494125  -1.00871794e+02  -7.71161083e+01  6.14988842e-01  1.03903882e-03  2.09621481e-06
2458656.59494125  -1.00871794e+02  -7.71161083e+01  6.22010997e-01  1.78647715e-03  2.11814475e-06
2458656.60275348  -1.03610181e+02  -7.50264274e+01  6.27559886e-01  6.40593904e-04  2.15525928e-06
2458656.60275348  -1.03610181e+02  -7.50264275e+01  6.24131118e-01  1.85298327e-03  2.17785757e-06
2458656.61829692  -1.08306961e+02  -7.07163627e+01  6.58284595e-01  2.49854701e-03  2.23902353e-06
2458656.61829692  -1.08306961e+02  -7.07163628e+01  6.62857705e-01  1.14687602e-03  2.26248558e-06
2458656.62719708  -1.10531947e+02  -6.81699930e+01  6.86163861e-01  1.78888143e-03  2.29486748e-06
2458656.62719708  -1.10531947e+02  -6.81699930e+01  6.85764257e-01  2.34268106e-03  2.31894888e-06
2458656.65631644  -1.15356249e+02  -5.95526212e+01  5.97806450e-01  3.33488085e-03  2.40365200e-06
2458656.66451060  -1.16020133e+02  -5.70763151e+01  7.04070097e-01  2.27557081e-03  2.41049972e-06
2458656.66451060  -1.16020133e+02  -5.70763151e+01  7.15210099e-01  3.88455207e-03  2.43560023e-06
2458656.68012811  -1.16429168e+02  -5.23333359e+01  7.12221150e-01  2.44491266e-03  2.41736933e-06
2458656.68565987  -1.16279349e+02  -5.06533917e+01  7.15911759e-01  1.81778883e-03  2.42520225e-06
2458656.68762171  -1.16226215e+02  -5.00575976e+01  7.19967161e-01  8.25774937e-03  2.44445143e-06
2458656.70556241  -1.14689209e+02  -4.46469359e+01  6.44335583e-01  2.38426702e-03  2.38909822e-06
2458656.71322150  -1.13583108e+02  -4.23664559e+01  6.93151990e-01  1.82009629e-03  2.36711823e-06
2458656.59494125  -1.00871794e+02  -7.71161083e+01  6.26944895e-01  6.76994154e-04  2.14663259e-06
2458656.60275348  -1.03610181e+02  -7.50264275e+01  6.35910618e-01  9.90521124e-04  2.20437537e-06
2458656.61829692  -1.08306961e+02  -7.07163627e+01  6.60358214e-01  1.26698101e-03  2.29941341e-06
2458656.61829692  -1.08306961e+02  -7.07163627e+01  6.66513271e-01  2.46331692e-03  2.32383687e-06
2458656.62719708  -1.10531948e+02  -6.81699922e+01  6.88426531e-01  1.29174019e-03  2.35188995e-06
2458656.65631644  -1.15356249e+02  -5.95526212e+01  6.09978013e-01  1.55906499e-02  2.42965530e-06
2458656.65631644  -1.15356249e+02  -5.95526212e+01  5.84346829e-01  5.80930857e-03  2.44048823e-06
2458656.66451060  -1.16020133e+02  -5.70763151e+01  7.18232176e-01  6.11407060e-03  2.44630098e-06
2458656.68762171  -1.16226215e+02  -5.00575976e+01  7.25221797e-01  1.00385894e-02  2.44854687e-06
2458656.70898121  -1.14195476e+02  -4.36289933e+01  6.42794968e-01  2.20703518e-03  2.42007144e-06
2458656.71338621  -1.13559321e+02  -4.23174133e+01  6.65666337e-01  3.70713380e-03  2.43018380e-06
2458656.59494125  -1.00871794e+02  -7.71161083e+01  6.30016578e-01  4.11154485e-03  2.17059164e-06
2458656.59494125  -1.00871794e+02  -7.71161083e+01  6.28219994e-01  1.06497894e-03  2.19460441e-06
2458656.60275348  -1.03610181e+02  -7.50264275e+01  6.32785308e-01  1.80112882e-03  2.23387134e-06
2458656.60275348  -1.03610181e+02  -7.50264274e+01  6.35643172e-01  8.86301550e-04  2.25829065e-06
2458656.60275348  -1.03610181e+02  -7.50264275e+01  6.17976420e-01  1.09991591e-02  2.38183225e-06
2458656.61829692  -1.08306961e+02  -7.07163627e+01  6.55470394e-01  3.21860538e-03  2.44194141e-06
2458656.61829692  -8.66969817e+01  -1.85544986e+01  6.87042128e-01  6.17313793e-03  1.99145325e-06
2458656.62719707  -8.75821057e+01  -1.65266322e+01  6.83564359e-01  2.05720627e-03  2.00150606e-06
2458656.65631644  -8.85457494e+01  -9.80755597e+00  6.63694391e-01  1.99178947e-03  2.01259004e-06
2458656.66451058  -8.82801192e+01  -7.91509311e+00  7.13304202e-01  1.73449319e-03  2.00953123e-06
2458656.68003087  -8.71334468e+01  -4.35826591e+00  7.03390631e-01  2.48005305e-03  1.99644593e-06
2458656.59494125  -1.00871794e+02  -7.71161083e+01  6.38413682e-01  8.71453640e-04  2.34571746e-06
2458656.59494125  -1.00871794e+02  -7.71161083e+01  6.60343223e-01  9.44884431e-03  2.37311315e-06
2458656.60275348  -1.03610181e+02  -7.50264275e+01  6.15807827e-01  1.03100152e-03  2.41017007e-06
2458656.61829692  -8.66969816e+01  -1.85544986e+01  7.01218797e-01  1.50294661e-03  2.01629205e-06
2458656.62719708  -8.75821058e+01  -1.65266321e+01  6.91209270e-01  1.31532102e-03  2.03722389e-06
2458656.65631644  -8.85457494e+01  -9.80755596e+00  6.81345036e-01  1.38351101e-03  2.05957393e-06
2458656.66451059  -8.82801191e+01  -7.91509259e+00  7.18733445e-01  1.16820057e-03  2.05336533e-06
2458656.68003089  -8.71334459e+01  -4.35826309e+00  7.04513281e-01  1.49768302e-03  2.02666224e-06
2458656.68762255  -8.62687577e+01  -2.63992187e+00  7.19505521e-01  1.71690840e-03  2.00962459e-06
2458656.59494125  -1.00871794e+02  -7.71161083e+01  6.21343126e-01  1.11174645e-03  2.40216580e-06
2458656.60275348  -1.03610181e+02  -7.50264275e+01  6.17714199e-01  2.59109029e-03  2.44405515e-06
2458656.59494120  -8.30882161e+01  -2.37489306e+01  6.07459678e-01  2.23662040e-03  1.99599782e-06
2458656.65888665  -8.84624307e+01  -9.21395779e+00  7.37762824e-01  9.69312632e-04  2.26365934e-06
2458656.66451060  -8.82801187e+01  -7.91508998e+00  7.56041704e-01  1.77677114e-03  2.27720276e-06
2458656.68003089  -8.71334461e+01  -4.35826375e+00  7.44382537e-01  1.17556643e-03  2.23475891e-06
2458656.68762171  -8.62688661e+01  -2.64011032e+00  7.61617324e-01  1.17313654e-03  2.21260072e-06
2458656.70942701  -8.26705774e+01  +2.16970248e+00  7.02905523e-01  9.31937197e-04  2.12013581e-06
2458656.59494125  -8.30882241e+01  -2.37489220e+01  7.08161373e-01  1.11540739e-03  2.18709635e-06
2458656.60275348  -8.44998455e+01  -2.20363243e+01  7.52140993e-01  1.15080627e-03  2.22425533e-06
2458656.61829692  -8.66969816e+01  -1.85544986e+01  7.46370224e-01  1.18734142e-03  2.28164804e-06
2458656.62719708  -8.75821059e+01  -1.65266321e+01  7.28659406e-01  1.39663468e-03  2.30522245e-06
2458656.65631644  -8.85457495e+01  -9.80755588e+00  7.40330185e-01  1.49081332e-03  2.33069587e-06
2458656.66451059  -8.82801190e+01  -7.91509201e+00  7.72618654e-01  1.29256152e-03  2.32379652e-06
2458656.68003089  -8.71334459e+01  -4.35826309e+00  7.46284516e-01  1.34486055e-03  2.29336085e-06
2458656.68762226  -8.62687945e+01  -2.63998579e+00  7.63374601e-01  1.04473421e-03  2.27066174e-06
2458656.70943793  -8.26683884e+01  +2.17205761e+00  7.17574954e-01  9.47929461e-04  2.17585705e-06
2458656.59494124  -8.30882220e+01  -2.37489243e+01  7.23134466e-01  1.26465756e-03  2.23895874e-06
2458656.60125636  -8.42293256e+01  -2.23645225e+01  7.36427808e-01  1.01241753e-03  2.28099874e-06
2458656.61829692  -8.66969816e+01  -1.85544986e+01  7.56455920e-01  1.37536828e-03  2.34339407e-06
2458656.62719708  -8.75821058e+01  -1.65266321e+01  7.39911948e-01  1.53645393e-03  2.36709170e-06
2458656.65631644  -8.85457495e+01  -9.80755561e+00  7.34354627e-01  2.33605392e-03  2.39366523e-06
2458656.66451060  -8.82801187e+01  -7.91508998e+00  7.81872128e-01  1.88997851e-03  2.38658708e-06
2458656.68003089  -8.71334461e+01  -4.35826369e+00  7.66061405e-01  1.51731045e-03  2.35520175e-06
2458656.68762224  -8.62687972e+01  -2.63999054e+00  7.75934207e-01  1.28515169e-03  2.33239727e-06
2458656.70946576  -8.26628127e+01  +2.17806020e+00  7.23882371e-01  1.20702891e-03  2.23436744e-06
2458656.59545401  -8.31808774e+01  -2.36365136e+01  7.07976246e-01  1.19768366e-03  2.30911089e-06
2458656.60275348  -8.44998454e+01  -2.20363243e+01  7.45225020e-01  1.24385273e-03  2.34975163e-06
2458656.61829692  -8.66969817e+01  -1.85544986e+01  7.58465648e-01  2.19020187e-03  2.40883410e-06
2458656.62719708  -8.75821059e+01  -1.65266321e+01  7.16279067e-01  2.98262655e-03  2.42471274e-06
2458656.65631644  -8.85457495e+01  -9.80755561e+00  7.19776784e-01  5.98758599e-03  2.43800866e-06
2458656.66451060  -8.82801187e+01  -7.91508998e+00  7.72522686e-01  4.09407916e-03  2.43440454e-06
2458656.68003089  -8.71334459e+01  -4.35826309e+00  7.71549144e-01  2.49388277e-03  2.41871952e-06
2458656.68762171  -8.62688661e+01  -2.64011032e+00  7.69294529e-01  2.10216552e-03  2.39696974e-06
2458656.70943319  -8.26693384e+01  +2.17103586e+00  7.31520716e-01  1.10619450e-03  2.29657259e-06
2458656.59494125  -8.30882241e+01  -2.37489220e+01  6.94995911e-01  1.66498774e-03  2.37461707e-06
2458656.60275348  -8.44998455e+01  -2.20363243e+01  7.49758462e-01  1.93512673e-03  2.41498012e-06
2458656.61829692  -8.66969817e+01  -1.85544986e+01  7.52523210e-01  1.00584460e-02  2.44616887e-06
2458656.68762171  -8.62688661e+01  -2.64011032e+00  7.55339372e-01  6.18125682e-03  2.44015708e-06
2458656.70945117  -8.26657357e+01  +2.17491296e+00  7.32857865e-01  1.37879649e-03  2.36229917e-06
2458656.59494125  -8.30882241e+01  -2.37489220e+01  6.94320280e-01  3.27696528e-03  2.42922119e-06
2458656.60275348  -8.44998455e+01  -2.20363243e+01  8.02958357e-01  2.74019356e-02  2.44973580e-06
2458656.71103088  -8.23492529e+01  +2.51557132e+00  7.43739454e-01  2.40074052e-03  2.41631731e-06
2458656.71112530  -6.50993844e+01  -7.52533702e+01  6.65244076e-01  4.58181228e-03  1.99267230e-06
2458656.71338621  -6.52391489e+01  -7.48698879e+01  6.81602925e-01  7.51551738e-03  2.00188973e-06
2458656.71338621  -8.18773788e+01  +3.02349086e+00  7.33715393e-01  1.37406752e-02  2.44712967e-06
2458656.68779680  -6.30695620e+01  -7.91628159e+01  7.21901535e-01  2.43991560e-03  1.99607821e-06
2458656.70578086  -6.47689990e+01  -7.61598676e+01  6.52856564e-01  3.98057626e-03  2.01156152e-06
2458656.71059967  -6.50668908e+01  -7.53425272e+01  6.70270259e-01  1.86897977e-03  2.03446392e-06
2458656.71338622  -6.52391495e+01  -7.48698855e+01  7.03171699e-01  2.00193894e-03  2.06103697e-06
2458656.68042432  -6.21353193e+01  -8.03674258e+01  7.18599741e-01  1.58391502e-03  2.01236233e-06
2458656.68775789  -6.30646309e+01  -7.91691742e+01  7.29209068e-01  1.26159611e-03  2.03025874e-06
2458656.68779680  -6.30695620e+01  -7.91628159e+01  7.30542225e-01  1.90824461e-03  2.06191558e-06
2458656.70578077  -6.47689920e+01  -7.61598841e+01  6.62383652e-01  2.66827973e-03  2.07126536e-06
2458656.70963768  -6.50074225e+01  -7.55056953e+01  6.99352622e-01  1.35398161e-03  2.09735975e-06
2458656.71338621  -6.52391489e+01  -7.48698879e+01  7.15900198e-01  1.83506715e-03  2.12395749e-06
2458656.66451058  -5.96744163e+01  -8.29005904e+01  7.14944541e-01  2.60415982e-03  1.99374498e-06
2458656.66451060  -5.96744169e+01  -8.29005903e+01  7.13981738e-01  2.52647997e-03  2.01021253e-06
2458656.68012777  -6.20977414e+01  -8.04158793e+01  7.32651624e-01  1.01389356e-03  2.06224424e-06
2458656.68567423  -6.28005900e+01  -7.95096291e+01  7.34003313e-01  9.04256252e-04  2.09143416e-06
2458656.68779682  -6.30695638e+01  -7.91628137e+01  7.37426820e-01  1.22722632e-03  2.12435382e-06
2458656.70578127  -6.47690278e+01  -7.61597994e+01  6.90929448e-01  3.34856129e-03  2.13430432e-06
2458656.70868523  -6.49485430e+01  -7.56672431e+01  7.08198605e-01  1.02497513e-03  2.16431460e-06
2458656.71338621  -6.52391489e+01  -7.48698879e+01  7.07851078e-01  1.80745862e-03  2.19062686e-06
2458656.60275346  -5.88562517e+01  +1.64087467e+01  7.32303887e-01  2.58173107e-03  1.99263185e-06
2458656.61829691  -5.90616432e+01  +1.88069359e+01  7.26216376e-01  2.58529249e-03  1.99592642e-06
2458656.62719705  -5.89241654e+01  +2.01797742e+01  7.60660522e-01  2.94688269e-03  1.99374498e-06
2458656.65631644  -5.81708242e+01  -8.41618496e+01  6.39647155e-01  2.27135298e-03  2.00879617e-06
2458656.66160487  -5.91412280e+01  -8.33478454e+01  6.86868845e-01  1.46397017e-03  2.03477618e-06
2458656.66451060  -5.96744168e+01  -8.29005903e+01  7.20802861e-01  9.96174391e-04  2.07038560e-06
2458656.68012811  -6.20977876e+01  -8.04158243e+01  7.33533498e-01  1.03168927e-03  2.12475014e-06
2458656.68376200  -6.25582708e+01  -7.98220725e+01  7.46318662e-01  6.91141490e-04  2.15762492e-06
2458656.68779682  -6.30695638e+01  -7.91628137e+01  7.51510766e-01  1.14521449e-03  2.19076275e-06
2458656.70578127  -6.47690278e+01  -7.61597994e+01  6.98739338e-01  5.21119545e-03  2.20172706e-06
2458656.70779081  -6.48932515e+01  -7.58189514e+01  7.24035794e-01  1.51789151e-03  2.23575363e-06
2458656.71338621  -6.52391491e+01  -7.48698870e+01  7.30356215e-01  1.11364504e-03  2.26190301e-06
2458656.59494125  -5.85395724e+01  +1.52091089e+01  7.38056344e-01  1.56521570e-03  2.04099369e-06
2458656.59999967  -5.87446226e+01  +1.59858745e+01  7.45431214e-01  8.25826360e-04  2.02257620e-06
2458656.61829692  -5.90616434e+01  +1.88069360e+01  7.41638037e-01  1.21762467e-03  2.03715629e-06
2458656.62719708  -5.89241652e+01  +2.01797770e+01  7.62453155e-01  1.26045091e-03  2.03244357e-06
2458656.65631643  -5.71854244e+01  +2.46092283e+01  7.00845413e-01  2.66646276e-03  1.99814206e-06
2458656.65631644  -5.81708242e+01  -8.41618496e+01  6.42065861e-01  1.66474143e-03  2.05961120e-06
2458656.65724995  -5.83421197e+01  -8.40181618e+01  6.54807440e-01  1.55365055e-03  2.09663120e-06
2458656.66451060  -5.96744168e+01  -8.29005903e+01  7.21140908e-01  7.30217430e-04  2.12606774e-06
2458656.66451060  -5.96744169e+01  -8.29005903e+01  7.40892912e-01  1.46545662e-03  2.16160828e-06
2458656.68012811  -6.20977876e+01  -8.04158243e+01  7.61537307e-01  1.64565054e-03  2.19086221e-06
2458656.68194708  -6.23282849e+01  -8.01186172e+01  7.74998203e-01  9.30100680e-04  2.22849668e-06
2458656.66451060  -5.96744169e+01  -8.29005903e+01  7.74802480e-01  1.44422231e-03  2.23136128e-06
2458656.68012811  -6.20977876e+01  -8.04158243e+01  7.72326418e-01  3.00246571e-03  2.26161402e-06
2458656.68024935  -6.21131517e+01  -8.03960139e+01  7.81710666e-01  1.04075906e-03  2.29801107e-06
2458656.68659758  -6.29175946e+01  -7.93587601e+01  7.84344233e-01  9.38959331e-04  2.33014185e-06
2458656.68779682  -6.30695638e+01  -7.91628137e+01  7.88272540e-01  2.85696105e-03  2.37152786e-06
2458656.70629227  -6.48006170e+01  -7.60731255e+01  7.61717283e-01  3.55410692e-03  2.38569944e-06
2458656.71148498  -6.51216186e+01  -7.51923658e+01  7.77587680e-01  2.58888687e-03  2.41771252e-06
2458656.59720753  -5.86314394e+01  +1.55571171e+01  7.88706043e-01  6.90057027e-04  2.17887221e-06
2458656.60496327  -5.88854524e+01  +1.67496943e+01  7.89961118e-01  8.17646259e-04  2.17182677e-06
2458656.62323070  -5.89854327e+01  +1.95679675e+01  7.89412795e-01  6.89580144e-04  2.18163438e-06
2458656.65631643  -5.71854244e+01  +2.46092283e+01  7.58670302e-01  1.68986618e-03  2.14897864e-06
2458656.66041352  -5.67655702e+01  +2.52167518e+01  7.68682573e-01  8.43744948e-04  2.10292220e-06
2458656.66451056  -5.63457195e+01  +2.58242703e+01  7.90859717e-01  1.92863106e-03  2.05765799e-06
2458656.68003089  -5.43455958e+01  +2.80686955e+01  7.68248774e-01  1.45007644e-03  2.02032650e-06
2458656.68762367  -5.31766428e+01  +2.91343330e+01  7.64806810e-01  2.21714423e-03  1.99816683e-06
2458656.62719708  -5.16077829e+01  -8.83497699e+01  6.79751107e-01  1.83945483e-03  2.00681881e-06
2458656.65631644  -5.81708243e+01  -8.41618496e+01  6.82292068e-01  2.22371960e-03  2.21990092e-06
2458656.65913675  -5.86883397e+01  -8.37277418e+01  7.21964094e-01  9.13585851e-04  2.26233003e-06
2458656.66451060  -5.96744169e+01  -8.29005903e+01  7.84046531e-01  1.08880487e-03  2.30322803e-06
2458656.66451058  -5.96744160e+01  -8.29005905e+01  7.55795327e-01  2.38816811e-03  2.33760537e-06
2458656.68012811  -6.20977876e+01  -8.04158243e+01  7.79323969e-01  1.51029262e-03  2.37192418e-06
2458656.68484560  -6.26955858e+01  -7.96450219e+01  7.81720186e-01  1.62837910e-03  2.41180269e-06
2458656.68779682  -6.30695638e+01  -7.91628137e+01  8.19077704e-01  6.19644589e-03  2.44299828e-06
2458656.70578127  -6.47690278e+01  -7.61597994e+01  7.87668226e-01  2.15887495e-02  2.44709363e-06
2458656.59886525  -5.86986375e+01  +1.58116752e+01  8.02350414e-01  6.56413645e-04  2.25860624e-06
2458656.61829692  -5.90616434e+01  +1.88069360e+01  7.91546368e-01  1.05661743e-03  2.27239539e-06
2458656.62719708  -5.89241652e+01  +2.01797771e+01  8.03031857e-01  1.17106165e-03  2.26723749e-06
2458656.65631644  -5.71854245e+01  +2.46092284e+01  7.68253971e-01  1.27068644e-03  2.20025090e-06
2458656.66451059  -5.63457167e+01  +2.58242742e+01  7.92391211e-01  8.60546109e-04  2.16787945e-06
2458656.68003089  -5.43455954e+01  +2.80686959e+01  7.80960542e-01  1.17317004e-03  2.10537024e-06
2458656.68558212  -5.34909618e+01  +2.88478061e+01  7.84639763e-01  8.19957270e-04  2.05219087e-06
2458656.68762171  -5.31769638e+01  +2.91340611e+01  7.91252654e-01  9.90941247e-03  2.00796671e-06
2458656.59494125  -5.85395724e+01  +1.52091089e+01  7.92796164e-01  1.25991783e-03  2.36439403e-06
2458656.60023868  -5.87543115e+01  +1.60225778e+01  7.98823094e-01  6.77832124e-04  2.34297916e-06
2458656.62046539  -5.90281476e+01  +1.91414206e+01  7.94974927e-01  9.69378115e-04  2.36964432e-06
2458656.62719708  -5.89241652e+01  +2.01797770e+01  7.97205899e-01  1.35944259e-03  2.34230427e-06
2458656.65936336  -5.68731867e+01  +2.50610323e+01  7.86413709e-01  8.60610691e-04  2.28241250e-06
2458656.66451060  -5.63457160e+01  +2.58242752e+01  8.05995607e-01  1.96869715e-03  2.22766715e-06
2458656.68003089  -5.43455957e+01  +2.80686955e+01  7.95003106e-01  1.17516963e-03  2.27882776e-06
2458656.68589222  -5.34432216e+01  +2.88913283e+01  8.01890918e-01  8.73650513e-04  2.22030766e-06
2458656.70578116  -4.98924103e+01  +3.15783213e+01  6.81575630e-01  2.05869810e-03  2.08048471e-06
2458656.71326455  -4.83453233e+01  +3.25368910e+01  7.53336772e-01  1.76355636e-03  2.02270700e-06
2458656.61829692  -4.92453172e+01  -8.95232987e+01  6.65588140e-01  2.02682953e-03  2.10097069e-06
2458656.61829692  -4.92453171e+01  -8.95232987e+01  6.75446518e-01  7.93475525e-04  2.13198756e-06
2458656.61829692  -4.92453172e+01  -8.95232987e+01  6.84960815e-01  1.20483397e-03  2.17283745e-06
2458656.62719708  -5.16077818e+01  -8.83497705e+01  7.36221991e-01  1.70880628e-03  2.21628085e-06
2458656.62719708  -5.16077824e+01  -8.83497701e+01  7.38844362e-01  1.18669874e-03  2.26513566e-06
2458656.65631644  -5.71854245e+01  +2.46092284e+01  7.72418815e-01  5.07722527e-03  2.44191585e-06
2458656.66451060  -5.63457160e+01  +2.58242752e+01  8.18135741e-01  2.01059531e-03  2.42391773e-06
2458656.68187356  -5.40619072e+01  +2.83273133e+01  8.07518947e-01  9.01527972e-04  2.35971634e-06
2458656.68762171  -5.31769638e+01  +2.91340611e+01  8.10475825e-01  1.11655197e-03  2.29672274e-06
2458656.70578127  -4.98923884e+01  +3.15783355e+01  7.13050853e-01  3.59892206e-03  2.19754164e-06
2458656.70932752  -4.91592487e+01  +3.20325855e+01  7.42959892e-01  1.24412531e-03  2.13787694e-06
2458656.71338624  -4.83201656e+01  +3.25524785e+01  7.78037554e-01  1.54447857e-03  2.07799708e-06
2458656.60275347  -4.47539291e+01  -9.14351745e+01  6.22596484e-01  1.60228061e-03  1.99980847e-06
2458656.60275348  -4.47539291e+01  -9.14351746e+01  6.26998117e-01  1.15686098e-03  2.03223391e-06
2458656.60275348  -4.47539291e+01  -9.14351745e+01  6.48321375e-01  9.19190960e-04  2.06798044e-06
2458656.61829692  -4.92453172e+01  -8.95232987e+01  6.96919805e-01  1.81279102e-03  2.19954582e-06
2458656.61829692  -4.92453171e+01  -8.95232987e+01  6.98882195e-01  9.69624580e-04  2.23868272e-06
2458656.61867166  -4.93447894e+01  -8.94738870e+01  7.06529173e-01  1.88728661e-03  2.27918577e-06
2458656.62719708  -5.16077824e+01  -8.83497702e+01  7.32664939e-01  1.24023758e-03  2.32537345e-06
2458656.62719708  -5.16077818e+01  -8.83497705e+01  7.29064520e-01  2.10303540e-03  2.37813485e-06
2458656.68003089  -5.43455954e+01  +2.80686959e+01  8.28650664e-01  6.18499891e-03  2.44550833e-06
2458656.68589897  -5.34421852e+01  +2.88922761e+01  8.15626049e-01  1.22108765e-03  2.41154377e-06
2458656.70595446  -4.98565834e+01  +3.16005196e+01  7.23300493e-01  1.87668823e-03  2.26854873e-06
2458656.71338622  -4.83201693e+01  +3.25524764e+01  7.97429112e-01  1.01181879e-03  2.19620927e-06
2458656.59494125  -4.23322219e+01  -9.23252172e+01  6.42935626e-01  1.56166776e-03  2.00952024e-06
2458656.59494125  -4.23322219e+01  -9.23252172e+01  6.38010190e-01  1.11692850e-03  2.04715287e-06
2458656.60275348  -4.47539291e+01  -9.14351746e+01  6.44238065e-01  1.16965062e-03  2.09172315e-06
2458656.60275348  -4.47539291e+01  -9.14351746e+01  6.54333486e-01  7.40669211e-04  2.12662250e-06
2458656.60275348  -4.47539291e+01  -9.14351746e+01  6.61312811e-01  7.08580230e-04  2.16694981e-06
2458656.61829692  -4.92453172e+01  -8.95232987e+01  7.04923758e-01  1.52174297e-03  2.30785181e-06
2458656.61829692  -4.92453171e+01  -8.95232987e+01  7.00933312e-01  1.23520880e-03  2.35611625e-06
2458656.62346037  -5.06159073e+01  -8.88424732e+01  7.16462409e-01  2.70860094e-03  2.40398609e-06
2458656.60275348  -4.47539291e+01  -9.14351746e+01  6.73888735e-01  7.93970983e-04  2.23095631e-06
2458656.60275348  -4.47539291e+01  -9.14351746e+01  6.68024605e-01  1.20173287e-03  2.27641011e-06
2458656.61829692  -4.92453172e+01  -8.95232987e+01  7.05739362e-01  2.58321539e-03  2.42617066e-06
2458656.69415882  -3.04274390e+01  -4.68950729e+01  7.92936252e-01  1.87016650e-03  2.03770554e-06
2458656.70873841  -3.14220087e+01  -4.57224961e+01  7.70661063e-01  1.10489221e-03  2.08512326e-06
2458656.71202263  -3.16056828e+01  -4.54528559e+01  7.97433589e-01  1.15254519e-03  2.14684505e-06
2458656.65631644  -3.13603249e+01  -3.44167841e+01  7.93169255e-01  1.63144823e-03  2.05440997e-06
2458656.66126236  -3.17068332e+01  -3.40079000e+01  8.20096956e-01  5.85223531e-04  2.12076776e-06
2458656.68016520  -3.27633701e+01  -3.24125435e+01  8.34654241e-01  5.81527205e-04  2.17425884e-06
2458656.69579110  -3.32529186e+01  -3.10622421e+01  8.25155411e-01  8.29573280e-04  2.21882264e-06
2458656.71057801  -3.35402753e+01  -2.97746925e+01  8.12773079e-01  1.12437535e-03  2.25914776e-06
2458656.66451059  -2.77400141e+01  -4.91612252e+01  8.19992563e-01  3.37395894e-03  1.99813290e-06
2458656.66930234  -2.82203580e+01  -4.88040786e+01  8.51440930e-01  1.38561852e-03  2.03101353e-06
2458656.68245653  -2.95078204e+01  -4.78170147e+01  8.72334912e-01  8.82881148e-04  2.08754775e-06
2458656.68566732  -2.97867032e+01  -4.75685581e+01  8.87635288e-01  8.03737196e-04  2.15485822e-06
2458656.70512621  -3.11876508e+01  -4.60146540e+01  8.08210747e-01  1.45513564e-03  2.20040613e-06
2458656.71036669  -3.15130725e+01  -4.55888112e+01  8.09012172e-01  1.06108972e-03  2.27225606e-06
2458656.65856432  -2.93489514e+01  -4.07404953e+01  7.76002948e-01  1.76124662e-03  2.14492011e-06
2458656.62538923  -2.84502243e+01  -3.68394616e+01  7.39285864e-01  1.19345206e-03  2.04139390e-06
2458656.62719708  -2.86579407e+01  -3.67064095e+01  7.59689814e-01  2.50652728e-03  2.11009178e-06
2458656.65631644  -3.13603250e+01  -3.44167840e+01  8.29072752e-01  1.66392719e-03  2.19159678e-06
2458656.66081032  -3.16751634e+01  -3.40452707e+01  8.55894078e-01  7.26607585e-04  2.26762150e-06
2458656.67979462  -3.27420842e+01  -3.24437933e+01  8.54421613e-01  6.51788442e-04  2.32997184e-06
2458656.69829658  -3.33040083e+01  -3.08441528e+01  8.13711377e-01  1.00609842e-03  2.37743505e-06
2458656.71128772  -3.35445545e+01  -2.97125953e+01  7.98309027e-01  1.93250783e-03  2.41342505e-06
2458656.65631644  -2.68104991e+01  -4.97450657e+01  7.68046261e-01  2.87168726e-03  2.01005662e-06
2458656.65877993  -2.70899482e+01  -4.95695401e+01  8.09553396e-01  1.01961043e-03  2.07338782e-06
2458656.66260457  -2.75238009e+01  -4.92970316e+01  8.66692047e-01  7.42004481e-04  2.13663657e-06
2458656.67453184  -2.87445851e+01  -4.84143039e+01  9.13372629e-01  1.16858184e-03  2.20164653e-06
2458656.68363939  -2.96105615e+01  -4.77254825e+01  9.16381511e-01  7.55243839e-04  2.27730735e-06
2458656.69352357  -3.03791401e+01  -4.69453946e+01  8.77185643e-01  1.09935465e-03  2.34852024e-06
2458656.66845906  -2.92267582e+01  -4.28682879e+01  8.00990395e-01  1.13222487e-03  2.25440498e-06
2458656.61829692  -2.76353383e+01  -3.73614346e+01  7.53369667e-01  1.22754971e-03  2.09070817e-06
2458656.62340181  -2.82218759e+01  -3.69857296e+01  7.83090233e-01  8.04945648e-04  2.17372275e-06
2458656.62719708  -2.86579404e+01  -3.67064097e+01  8.04135997e-01  1.42326384e-03  2.25894122e-06
2458656.61829692  -2.16099788e+01  -5.21618641e+01  7.95472339e-01  1.10501874e-03  2.09344184e-06
2458656.61932915  -2.17653752e+01  -5.21017284e+01  8.17353196e-01  9.67475003e-04  2.17624657e-06
2458656.62399302  -2.24674908e+01  -5.18300221e+01  8.38862213e-01  9.27700036e-04  2.24680029e-06
2458656.62719708  -2.29498413e+01  -5.16433609e+01  8.51106081e-01  1.20297443e-03  2.34854844e-06
2458656.62719708  -2.29498411e+01  -5.16433610e+01  8.40929321e-01  4.45163273e-03  2.40891441e-06
2458656.59494125  -2.45486517e+01  -3.89580309e+01  7.60059072e-01  2.72597003e-03  2.34946583e-06
2458656.59558689  -2.46391427e+01  -3.89156376e+01  7.62024164e-01  1.62579077e-03  2.40889222e-06
2458656.59494122  -1.77835667e+01  -5.33671872e+01  6.92929592e-01  2.26013622e-03  2.00205958e-06
2458656.59853258  -1.83934931e+01  -5.31938387e+01  7.23570250e-01  7.67551550e-04  2.04951762e-06
2458656.60275348  -1.91103359e+01  -5.29901032e+01  7.65383596e-01  7.72382976e-04  2.12047502e-06
2458656.60275348  -1.91103359e+01  -5.29901032e+01  7.86208890e-01  1.15996658e-03  2.20574563e-06
2458656.61829692  -2.16099788e+01  -5.21618641e+01  8.34046975e-01  1.82373907e-03  2.29643897e-06
2458656.61829692  -2.16099788e+01  -5.21618641e+01  8.33118036e-01  1.17593375e-03  2.37201553e-06
2458656.62356353  -2.24028331e+01  -5.18550435e+01  8.28353478e-01  2.54235329e-03  2.43502453e-06
2458656.59494125  -1.77835703e+01  -5.33671863e+01  7.41706627e-01  1.23165936e-02  2.09251584e-06
2458656.59494124  -1.77835693e+01  -5.33671866e+01  7.43264686e-01  9.78226872e-04  2.13535286e-06
2458656.59546485  -1.78724948e+01  -5.33419129e+01  7.65559631e-01  1.06432146e-03  2.22662864e-06
2458656.59884736  -1.84469527e+01  -5.31786449e+01  7.64631024e-01  6.44166721e-04  2.31304123e-06
2458656.60275348  -1.91103359e+01  -5.29901032e+01  7.59760353e-01  1.36652076e-03  2.40245968e-06
2458656.59494125  -1.77835703e+01  -5.33671863e+01  8.46650233e-01  1.56006322e-02  2.37152790e-06
2458656.59494125  -1.77835703e+01  -5.33671863e+01  7.27313329e-01  1.66647926e-03  2.41100552e-06
