2456451.3721  6.5450000000E-07  1.9886363636E-11  9.7706494141E-01  3.4323202769E-03  1  VLT/XSHOOTER
2456451.3721  6.5452000000E-07  1.9886363636E-11  9.5367000326E-01  3.4137188594E-03  1  VLT/XSHOOTER
2456451.3721  6.5454000000E-07  1.9886363636E-11  8.8460530599E-01  3.2869863510E-03  1  VLT/XSHOOTER
2456451.3721  6.5456000000E-07  1.9886363636E-11  7.8177897135E-01  3.1259794235E-03  1  VLT/XSHOOTER
2456451.3721  6.5458000000E-07  1.9886363636E-11  7.7452913411E-01  3.0980116526E-03  1  VLT/XSHOOTER
2456451.3721  6.5460000000E-07  1.9886363636E-11  8.8043660482E-01  3.2690741221E-03  1  VLT/XSHOOTER
2456451.3721  6.5462000000E-07  1.9886363636E-11  9.5920768229E-01  3.4232095083E-03  1  VLT/XSHOOTER
2456451.3721  6.5464000000E-07  1.9886363636E-11  9.8223331706E-01  3.4595365524E-03  1  VLT/XSHOOTER
2456451.3721  6.5466000000E-07  1.9886363636E-11  9.8570255534E-01  3.4501142502E-03  1  VLT/XSHOOTER
2456451.3721  6.5468000000E-07  1.9886363636E-11  9.8936254883E-01  3.4738133748E-03  1  VLT/XSHOOTER
2456451.3721  6.5470000000E-07  1.9886363636E-11  9.8657617188E-01  3.4612436295E-03  1  VLT/XSHOOTER
2456451.3721  6.5472000000E-07  1.9886363636E-11  9.8086962891E-01  3.4560464223E-03  1  VLT/XSHOOTER
2456451.3721  6.5474000000E-07  1.9886363636E-11  9.8076798503E-01  3.4572025935E-03  1  VLT/XSHOOTER
2456451.3721  6.5476000000E-07  1.9886363636E-11  9.7958178711E-01  3.4515164693E-03  1  VLT/XSHOOTER
2456451.3721  6.5478000000E-07  1.9886363636E-11  9.8903361003E-01  3.4744822184E-03  1  VLT/XSHOOTER
2456451.3721  6.5480000000E-07  1.9886363636E-11  1.0096160482E+00  3.4927409490E-03  1  VLT/XSHOOTER
2456451.3721  6.5482000000E-07  1.9886363636E-11  1.0082833659E+00  3.4934479396E-03  1  VLT/XSHOOTER
2456451.3721  6.5484000000E-07  1.9886363636E-11  1.0005712891E+00  3.4870189031E-03  1  VLT/XSHOOTER
2456451.3721  6.5486000000E-07  1.9886363636E-11  1.0020293783E+00  3.4786132177E-03  1  VLT/XSHOOTER
2456451.3721  6.5488000000E-07  1.9886363636E-11  1.0133261719E+00  3.5090532303E-03  1  VLT/XSHOOTER
2456451.3721  6.5490000000E-07  1.9886363636E-11  1.0159088542E+00  3.5073833466E-03  1  VLT/XSHOOTER
2456451.3721  6.5492000000E-07  1.9886363636E-11  1.0164248047E+00  3.5107164383E-03  1  VLT/XSHOOTER
2456451.3721  6.5494000000E-07  1.9886363636E-11  1.0160855306E+00  3.5122950872E-03  1  VLT/XSHOOTER
2456451.3721  6.5496000000E-07  1.9886363636E-11  1.0172562663E+00  3.5139398575E-03  1  VLT/XSHOOTER
2456451.3721  6.5498000000E-07  1.9886363636E-11  1.0186193848E+00  3.5064687729E-03  1  VLT/XSHOOTER
2456451.3721  6.5500000000E-07  1.9886363636E-11  1.0266115723E+00  3.5297756195E-03  1  VLT/XSHOOTER
2456451.3721  6.5502000000E-07  1.9886363636E-11  1.0331617839E+00  3.5382181803E-03  1  VLT/XSHOOTER
2456451.3721  6.5504000000E-07  1.9886363636E-11  1.0343243001E+00  3.5422496796E-03  1  VLT/XSHOOTER
2456451.3721  6.5506000000E-07  1.9886363636E-11  1.0339169922E+00  3.5325797399E-03  1  VLT/XSHOOTER
2456451.3721  6.5508000000E-07  1.9886363636E-11  1.0207666829E+00  3.5181703568E-03  1  VLT/XSHOOTER
2456451.3721  6.5510000000E-07  1.9886363636E-11  9.9301399740E-01  3.4688768387E-03  1  VLT/XSHOOTER
2456451.3721  6.5512000000E-07  1.9886363636E-11  9.9855590820E-01  3.5026384989E-03  1  VLT/XSHOOTER
2456451.3721  6.5514000000E-07  1.9886363636E-11  1.0261115723E+00  3.5300534566E-03  1  VLT/XSHOOTER
2456451.3721  6.5516000000E-07  1.9886363636E-11  1.0554719238E+00  3.5667107900E-03  1  VLT/XSHOOTER
2456451.3721  6.5518000000E-07  1.9886363636E-11  1.0609763184E+00  3.5880575180E-03  1  VLT/XSHOOTER
2456451.3721  6.5520000000E-07  1.9886363636E-11  1.0633184408E+00  3.5945866903E-03  1  VLT/XSHOOTER
2456451.3721  6.5522000000E-07  1.9886363636E-11  1.0732623698E+00  3.6127494176E-03  1  VLT/XSHOOTER
2456451.3721  6.5524000000E-07  1.9886363636E-11  1.0660203451E+00  3.6016902924E-03  1  VLT/XSHOOTER
2456451.3721  6.5526000000E-07  1.9886363636E-11  1.0702957357E+00  3.6216713587E-03  1  VLT/XSHOOTER
2456451.3721  6.5528000000E-07  1.9886363636E-11  1.1076013184E+00  3.6629371643E-03  1  VLT/XSHOOTER
2456451.3721  6.5530000000E-07  1.9886363636E-11  1.1117639160E+00  3.6740026474E-03  1  VLT/XSHOOTER
2456451.3721  6.5532000000E-07  1.9886363636E-11  1.1081216634E+00  3.6748256683E-03  1  VLT/XSHOOTER
2456451.3721  6.5534000000E-07  1.9886363636E-11  1.0860612793E+00  3.7115942637E-03  1  VLT/XSHOOTER
2456451.3721  6.5536000000E-07  1.9886363636E-11  1.0374650879E+00  3.6257950465E-03  1  VLT/XSHOOTER
2456451.3721  6.5538000000E-07  1.9886363636E-11  1.0598623861E+00  3.6175514857E-03  1  VLT/XSHOOTER
2456451.3721  6.5540000000E-07  1.9886363636E-11  1.1507836100E+00  3.7290646235E-03  1  VLT/XSHOOTER
2456451.3721  6.5542000000E-07  1.9886363636E-11  1.2093675130E+00  3.8192612330E-03  1  VLT/XSHOOTER
2456451.3721  6.5544000000E-07  1.9886363636E-11  1.2240200195E+00  3.8498261770E-03  1  VLT/XSHOOTER
2456451.3721  6.5546000000E-07  1.9886363636E-11  1.2567978516E+00  3.8956270218E-03  1  VLT/XSHOOTER
2456451.3721  6.5548000000E-07  1.9886363636E-11  1.2689387207E+00  3.9194777807E-03  1  VLT/XSHOOTER
2456451.3721  6.5550000000E-07  1.9886363636E-11  1.2944150391E+00  3.9582866033E-03  1  VLT/XSHOOTER
2456451.3721  6.5552000000E-07  1.9886363636E-11  1.3118033040E+00  3.9832665126E-03  1  VLT/XSHOOTER
2456451.3721  6.5554000000E-07  1.9886363636E-11  1.2963248698E+00  3.9738365809E-03  1  VLT/XSHOOTER
2456451.3721  6.5556000000E-07  1.9886363636E-11  1.3397152507E+00  4.0317033132E-03  1  VLT/XSHOOTER
2456451.3721  6.5558000000E-07  1.9886363636E-11  1.4680607096E+00  4.2162148158E-03  1  VLT/XSHOOTER
2456451.3721  6.5560000000E-07  1.9886363636E-11  1.5844484049E+00  4.3635822932E-03  1  VLT/XSHOOTER
2456451.3721  6.5562000000E-07  1.9886363636E-11  1.6494612630E+00  4.4618371328E-03  1  VLT/XSHOOTER
2456451.3721  6.5564000000E-07  1.9886363636E-11  1.7463172201E+00  4.6105438868E-03  1  VLT/XSHOOTER
2456451.3721  6.5566000000E-07  1.9886363636E-11  1.8585909831E+00  4.7323951721E-03  1  VLT/XSHOOTER
2456451.3721  6.5568000000E-07  1.9886363636E-11  2.0075052083E+00  4.9458748500E-03  1  VLT/XSHOOTER
2456451.3721  6.5570000000E-07  1.9886363636E-11  2.1584949544E+00  5.1195408503E-03  1  VLT/XSHOOTER
2456451.3721  6.5572000000E-07  1.9886363636E-11  2.3294044596E+00  5.3072261810E-03  1  VLT/XSHOOTER
2456451.3721  6.5574000000E-07  1.9886363636E-11  2.5622491862E+00  5.5719807943E-03  1  VLT/XSHOOTER
2456451.3721  6.5576000000E-07  1.9886363636E-11  2.8351181641E+00  5.8906224569E-03  1  VLT/XSHOOTER
2456451.3721  6.5578000000E-07  1.9886363636E-11  3.1704944661E+00  6.2559057872E-03  1  VLT/XSHOOTER
2456451.3721  6.5580000000E-07  1.9886363636E-11  3.5553649089E+00  6.6379089355E-03  1  VLT/XSHOOTER
2456451.3721  6.5582000000E-07  1.9886363636E-11  4.0510608724E+00  7.1223144531E-03  1  VLT/XSHOOTER
2456451.3721  6.5584000000E-07  1.9886363636E-11  4.6019759115E+00  7.5967578888E-03  1  VLT/XSHOOTER
2456451.3721  6.5586000000E-07  1.9886363636E-11  5.2995732422E+00  8.2702649434E-03  1  VLT/XSHOOTER
2456451.3721  6.5588000000E-07  1.9886363636E-11  6.0875488281E+00  8.8757635752E-03  1  VLT/XSHOOTER
2456451.3721  6.5590000000E-07  1.9886363636E-11  6.9538522135E+00  9.6465943654E-03  1  VLT/XSHOOTER
2456451.3721  6.5592000000E-07  1.9886363636E-11  7.9683535156E+00  1.0401521683E-02  1  VLT/XSHOOTER
2456451.3721  6.5594000000E-07  1.9886363636E-11  9.0242135417E+00  1.1199035645E-02  1  VLT/XSHOOTER
2456451.3721  6.5596000000E-07  1.9886363636E-11  9.9599407552E+00  1.1860210419E-02  1  VLT/XSHOOTER
2456451.3721  6.5598000000E-07  1.9886363636E-11  1.0861800130E+01  1.2532691956E-02  1  VLT/XSHOOTER
2456451.3721  6.5600000000E-07  1.9886363636E-11  1.1545557292E+01  1.2934298197E-02  1  VLT/XSHOOTER
2456451.3721  6.5602000000E-07  1.9886363636E-11  1.2037890625E+01  1.3346998851E-02  1  VLT/XSHOOTER
2456451.3721  6.5604000000E-07  1.9886363636E-11  1.2313114583E+01  1.3585765839E-02  1  VLT/XSHOOTER
2456451.3721  6.5606000000E-07  1.9886363636E-11  1.2314335937E+01  1.3579764048E-02  1  VLT/XSHOOTER
2456451.3721  6.5608000000E-07  1.9886363636E-11  1.2087920573E+01  1.3419010162E-02  1  VLT/XSHOOTER
2456451.3721  6.5610000000E-07  1.9886363636E-11  1.1593406250E+01  1.3090015411E-02  1  VLT/XSHOOTER
2456451.3721  6.5612000000E-07  1.9886363636E-11  1.1075691406E+01  1.2727010091E-02  1  VLT/XSHOOTER
2456451.3721  6.5614000000E-07  1.9886363636E-11  1.0556267578E+01  1.2387547811E-02  1  VLT/XSHOOTER
2456451.3721  6.5616000000E-07  1.9886363636E-11  1.0018276693E+01  1.2041666667E-02  1  VLT/XSHOOTER
2456451.3721  6.5618000000E-07  1.9886363636E-11  9.5134954427E+00  1.1603619893E-02  1  VLT/XSHOOTER
2456451.3721  6.5620000000E-07  1.9886363636E-11  9.0520026042E+00  1.1311536153E-02  1  VLT/XSHOOTER
2456451.3721  6.5622000000E-07  1.9886363636E-11  8.5517714844E+00  1.0965014140E-02  1  VLT/XSHOOTER
2456451.3721  6.5624000000E-07  1.9886363636E-11  8.2187727865E+00  1.0675507863E-02  1  VLT/XSHOOTER
2456451.3721  6.5626000000E-07  1.9886363636E-11  8.1220416667E+00  1.0615510305E-02  1  VLT/XSHOOTER
2456451.3721  6.5628000000E-07  1.9886363636E-11  8.0740540365E+00  1.0590361913E-02  1  VLT/XSHOOTER
2456451.3721  6.5630000000E-07  1.9886363636E-11  8.2247402344E+00  1.0676390330E-02  1  VLT/XSHOOTER
2456451.3721  6.5632000000E-07  1.9886363636E-11  8.5012207031E+00  1.0872702281E-02  1  VLT/XSHOOTER
2456451.3721  6.5634000000E-07  1.9886363636E-11  8.9065371094E+00  1.1200893402E-02  1  VLT/XSHOOTER
2456451.3721  6.5636000000E-07  1.9886363636E-11  9.4104622396E+00  1.1561819712E-02  1  VLT/XSHOOTER
2456451.3721  6.5638000000E-07  1.9886363636E-11  9.8432884115E+00  1.1858250936E-02  1  VLT/XSHOOTER
2456451.3721  6.5640000000E-07  1.9886363636E-11  1.0109128906E+01  1.2090170542E-02  1  VLT/XSHOOTER
2456451.3721  6.5642000000E-07  1.9886363636E-11  1.0341804036E+01  1.2226117452E-02  1  VLT/XSHOOTER
2456451.3721  6.5644000000E-07  1.9886363636E-11  1.0412110677E+01  1.2293792725E-02  1  VLT/XSHOOTER
2456451.3721  6.5646000000E-07  1.9886363636E-11  1.0226241536E+01  1.2196816762E-02  1  VLT/XSHOOTER
2456451.3721  6.5648000000E-07  1.9886363636E-11  9.7817395833E+00  1.1807652791E-02  1  VLT/XSHOOTER
2456451.3721  6.5650000000E-07  1.9886363636E-11  9.1520371094E+00  1.1392841339E-02  1  VLT/XSHOOTER
2456451.3721  6.5652000000E-07  1.9886363636E-11  8.4474843750E+00  1.0869665782E-02  1  VLT/XSHOOTER
2456451.3721  6.5654000000E-07  1.9886363636E-11  7.7071725260E+00  1.0268696467E-02  1  VLT/XSHOOTER
2456451.3721  6.5656000000E-07  1.9886363636E-11  6.9768242188E+00  9.7319329580E-03  1  VLT/XSHOOTER
2456451.3721  6.5658000000E-07  1.9886363636E-11  6.2946256510E+00  9.1534372965E-03  1  VLT/XSHOOTER
2456451.3721  6.5660000000E-07  1.9886363636E-11  5.6294186198E+00  8.5827967326E-03  1  VLT/XSHOOTER
2456451.3721  6.5662000000E-07  1.9886363636E-11  5.0063125000E+00  8.0760014852E-03  1  VLT/XSHOOTER
2456451.3721  6.5664000000E-07  1.9886363636E-11  4.4743795573E+00  7.5645236969E-03  1  VLT/XSHOOTER
2456451.3721  6.5666000000E-07  1.9886363636E-11  3.9756852214E+00  7.1275914510E-03  1  VLT/XSHOOTER
2456451.3721  6.5668000000E-07  1.9886363636E-11  3.5282412109E+00  6.6624883016E-03  1  VLT/XSHOOTER
2456451.3721  6.5670000000E-07  1.9886363636E-11  3.1445647786E+00  6.2898553212E-03  1  VLT/XSHOOTER
2456451.3721  6.5672000000E-07  1.9886363636E-11  2.7834485677E+00  5.9159501394E-03  1  VLT/XSHOOTER
2456451.3721  6.5674000000E-07  1.9886363636E-11  2.4908868815E+00  5.5369644165E-03  1  VLT/XSHOOTER
2456451.3721  6.5676000000E-07  1.9886363636E-11  2.2367633464E+00  5.2495937347E-03  1  VLT/XSHOOTER
2456451.3721  6.5678000000E-07  1.9886363636E-11  2.0493712565E+00  5.0271994273E-03  1  VLT/XSHOOTER
2456451.3721  6.5680000000E-07  1.9886363636E-11  1.8838069661E+00  4.8254000346E-03  1  VLT/XSHOOTER
2456451.3721  6.5682000000E-07  1.9886363636E-11  1.7314869792E+00  4.6301018397E-03  1  VLT/XSHOOTER
2456451.3721  6.5684000000E-07  1.9886363636E-11  1.5494905599E+00  4.3921524684E-03  1  VLT/XSHOOTER
2456451.3721  6.5686000000E-07  1.9886363636E-11  1.3871355794E+00  4.1745856603E-03  1  VLT/XSHOOTER
2456451.3721  6.5688000000E-07  1.9886363636E-11  1.3257736003E+00  4.0908762614E-03  1  VLT/XSHOOTER
2456451.3721  6.5690000000E-07  1.9886363636E-11  1.3252050781E+00  4.0591160456E-03  1  VLT/XSHOOTER
2456451.3721  6.5692000000E-07  1.9886363636E-11  1.3347074382E+00  4.0738960902E-03  1  VLT/XSHOOTER
2456451.3721  6.5694000000E-07  1.9886363636E-11  1.2974004720E+00  4.0323301951E-03  1  VLT/XSHOOTER
2456451.3721  6.5696000000E-07  1.9886363636E-11  1.2724994303E+00  4.0112743378E-03  1  VLT/XSHOOTER
2456451.3721  6.5698000000E-07  1.9886363636E-11  1.2446678874E+00  3.9523881276E-03  1  VLT/XSHOOTER
2456451.3721  6.5700000000E-07  1.9886363636E-11  1.2351849772E+00  3.9351711273E-03  1  VLT/XSHOOTER
2456451.3721  6.5702000000E-07  1.9886363636E-11  1.1810406901E+00  3.8456989924E-03  1  VLT/XSHOOTER
2456451.3721  6.5704000000E-07  1.9886363636E-11  1.1659408366E+00  3.8319918315E-03  1  VLT/XSHOOTER
2456451.3721  6.5706000000E-07  1.9886363636E-11  1.1328107910E+00  3.7935953140E-03  1  VLT/XSHOOTER
2456451.3721  6.5708000000E-07  1.9886363636E-11  1.1416332194E+00  3.7980877558E-03  1  VLT/XSHOOTER
2456451.3721  6.5710000000E-07  1.9886363636E-11  1.1343116862E+00  3.8012269338E-03  1  VLT/XSHOOTER
2456451.3721  6.5712000000E-07  1.9886363636E-11  1.1315776367E+00  3.7878243128E-03  1  VLT/XSHOOTER
2456451.3721  6.5714000000E-07  1.9886363636E-11  1.1295706380E+00  3.7856000264E-03  1  VLT/XSHOOTER
2456451.3721  6.5716000000E-07  1.9886363636E-11  1.1054814453E+00  3.7705755234E-03  1  VLT/XSHOOTER
2456451.3721  6.5718000000E-07  1.9886363636E-11  1.0681171875E+00  3.6764459610E-03  1  VLT/XSHOOTER
2456451.3721  6.5720000000E-07  1.9886363636E-11  9.6037223307E-01  3.5199629466E-03  1  VLT/XSHOOTER
2456451.3721  6.5722000000E-07  1.9886363636E-11  8.7905623372E-01  3.3820486069E-03  1  VLT/XSHOOTER
2456451.3721  6.5724000000E-07  1.9886363636E-11  9.1079947917E-01  3.4520448049E-03  1  VLT/XSHOOTER
2456451.3721  6.5726000000E-07  1.9886363636E-11  1.0102677409E+00  3.5924841563E-03  1  VLT/XSHOOTER
2456451.3721  6.5728000000E-07  1.9886363636E-11  1.0598994141E+00  3.6938044230E-03  1  VLT/XSHOOTER
2456451.3721  6.5730000000E-07  1.9886363636E-11  1.0742897135E+00  3.7134021123E-03  1  VLT/XSHOOTER
2456451.3721  6.5732000000E-07  1.9886363636E-11  1.0537105306E+00  3.6670567195E-03  1  VLT/XSHOOTER
2456451.3721  6.5734000000E-07  1.9886363636E-11  9.9024544271E-01  3.5852740606E-03  1  VLT/XSHOOTER
2456451.3721  6.5736000000E-07  1.9886363636E-11  9.1557926432E-01  3.4425392151E-03  1  VLT/XSHOOTER
2456451.3721  6.5738000000E-07  1.9886363636E-11  9.1798828125E-01  3.4515676498E-03  1  VLT/XSHOOTER
2456451.3721  6.5740000000E-07  1.9886363636E-11  9.7666609701E-01  3.5410674413E-03  1  VLT/XSHOOTER
2456451.3721  6.5742000000E-07  1.9886363636E-11  9.6552498372E-01  3.5225969950E-03  1  VLT/XSHOOTER
2456451.3721  6.5744000000E-07  1.9886363636E-11  8.6864648438E-01  3.3733129501E-03  1  VLT/XSHOOTER
2456451.3721  6.5746000000E-07  1.9886363636E-11  8.6289550781E-01  3.3554035823E-03  1  VLT/XSHOOTER
2456451.3721  6.5748000000E-07  1.9886363636E-11  9.4310050456E-01  3.4936491648E-03  1  VLT/XSHOOTER
2456451.3721  6.5750000000E-07  1.9886363636E-11  1.0189629720E+00  3.6114641825E-03  1  VLT/XSHOOTER
2456451.3721  6.5752000000E-07  1.9886363636E-11  1.0420758464E+00  3.7156124115E-03  1  VLT/XSHOOTER
2456451.3721  6.5754000000E-07  1.9886363636E-11  1.0315987956E+00  3.6402406693E-03  1  VLT/XSHOOTER
2456451.3721  6.5756000000E-07  1.9886363636E-11  1.0264300944E+00  3.6265335083E-03  1  VLT/XSHOOTER
2456451.3721  6.5758000000E-07  1.9886363636E-11  1.0227673340E+00  3.6405932109E-03  1  VLT/XSHOOTER
2456451.3721  6.5760000000E-07  1.9886363636E-11  1.0206765137E+00  3.6122760773E-03  1  VLT/XSHOOTER
2456451.3721  6.5762000000E-07  1.9886363636E-11  1.0275653483E+00  3.6359923681E-03  1  VLT/XSHOOTER
2456451.3721  6.5764000000E-07  1.9886363636E-11  1.0300197754E+00  3.6329050064E-03  1  VLT/XSHOOTER
2456451.3721  6.5766000000E-07  1.9886363636E-11  1.0350799154E+00  3.6543954213E-03  1  VLT/XSHOOTER
2456451.3721  6.5768000000E-07  1.9886363636E-11  1.0388289388E+00  3.6596965790E-03  1  VLT/XSHOOTER
2456451.3721  6.5770000000E-07  1.9886363636E-11  1.0309967448E+00  3.6904945374E-03  1  VLT/XSHOOTER
2456451.3721  6.5772000000E-07  1.9886363636E-11  1.0269188639E+00  3.6969159444E-03  1  VLT/XSHOOTER
2456451.3721  6.5774000000E-07  1.9886363636E-11  1.0291599121E+00  3.6686557134E-03  1  VLT/XSHOOTER
2456451.3721  6.5776000000E-07  1.9886363636E-11  1.0215170898E+00  3.6549997330E-03  1  VLT/XSHOOTER
2456451.3721  6.5778000000E-07  1.9886363636E-11  1.0285282389E+00  3.6559063594E-03  1  VLT/XSHOOTER
2456451.3721  6.5780000000E-07  1.9886363636E-11  1.0183239746E+00  3.6398893992E-03  1  VLT/XSHOOTER
2456451.3721  6.5782000000E-07  1.9886363636E-11  1.0188963216E+00  3.6380821864E-03  1  VLT/XSHOOTER
2456451.3721  6.5784000000E-07  1.9886363636E-11  1.0142639974E+00  3.6467409134E-03  1  VLT/XSHOOTER
2456451.3721  6.5786000000E-07  1.9886363636E-11  1.0100850423E+00  3.6289275487E-03  1  VLT/XSHOOTER
2456451.3721  6.5788000000E-07  1.9886363636E-11  1.0128034668E+00  3.6467593511E-03  1  VLT/XSHOOTER
2456451.3721  6.5790000000E-07  1.9886363636E-11  1.0162595215E+00  3.6562000910E-03  1  VLT/XSHOOTER
2456451.3721  6.5792000000E-07  1.9886363636E-11  1.0182390951E+00  3.6570564906E-03  1  VLT/XSHOOTER
2456451.3721  6.5794000000E-07  1.9886363636E-11  1.0126831055E+00  3.6535437902E-03  1  VLT/XSHOOTER
2456451.3721  6.5796000000E-07  1.9886363636E-11  1.0038207194E+00  3.6344366074E-03  1  VLT/XSHOOTER
2456451.3721  6.5798000000E-07  1.9886363636E-11  9.8781152344E-01  3.5940243403E-03  1  VLT/XSHOOTER
2456451.3721  6.5800000000E-07  1.9886363636E-11  9.8874373372E-01  3.5963236491E-03  1  VLT/XSHOOTER
