2456451.3721  1.2700200000E-06  6.0000000000E-11  9.3452246094E-01  1.4137543270E-03  1  VLT/XSHOOTER
2456451.3721  1.2700800000E-06  6.0000000000E-11  9.2958628627E-01  1.4220660073E-03  1  VLT/XSHOOTER
2456451.3721  1.2701400000E-06  6.0000000000E-11  9.5042096819E-01  1.4267944608E-03  1  VLT/XSHOOTER
2456451.3721  1.2702000000E-06  6.0000000000E-11  9.5324246652E-01  1.4180774689E-03  1  VLT/XSHOOTER
2456451.3721  1.2702600000E-06  6.0000000000E-11  9.2696023996E-01  1.4064456395E-03  1  VLT/XSHOOTER
2456451.3721  1.2703200000E-06  6.0000000000E-11  8.2749072266E-01  1.3788077491E-03  1  VLT/XSHOOTER
2456451.3721  1.2703800000E-06  6.0000000000E-11  8.5050641741E-01  1.4091821398E-03  1  VLT/XSHOOTER
2456451.3721  1.2704400000E-06  6.0000000000E-11  9.3047523717E-01  1.4343844822E-03  1  VLT/XSHOOTER
2456451.3721  1.2705000000E-06  6.0000000000E-11  9.5034130859E-01  1.4223646436E-03  1  VLT/XSHOOTER
2456451.3721  1.2705600000E-06  6.0000000000E-11  9.5088916016E-01  1.4107832227E-03  1  VLT/XSHOOTER
2456451.3721  1.2706200000E-06  6.0000000000E-11  8.9811969866E-01  1.4038750785E-03  1  VLT/XSHOOTER
2456451.3721  1.2706800000E-06  6.0000000000E-11  8.6804952567E-01  1.4200017112E-03  1  VLT/XSHOOTER
2456451.3721  1.2707400000E-06  6.0000000000E-11  9.2815464565E-01  1.4389854159E-03  1  VLT/XSHOOTER
2456451.3721  1.2708000000E-06  6.0000000000E-11  9.5390227400E-01  1.4455857958E-03  1  VLT/XSHOOTER
2456451.3721  1.2708600000E-06  6.0000000000E-11  9.5698800223E-01  1.4368385587E-03  1  VLT/XSHOOTER
2456451.3721  1.2709200000E-06  6.0000000000E-11  9.5129387556E-01  1.4248903819E-03  1  VLT/XSHOOTER
2456451.3721  1.2709800000E-06  6.0000000000E-11  9.4618826730E-01  1.4212265015E-03  1  VLT/XSHOOTER
2456451.3721  1.2710400000E-06  6.0000000000E-11  9.5334437779E-01  1.4465552739E-03  1  VLT/XSHOOTER
2456451.3721  1.2711000000E-06  6.0000000000E-11  9.5406766183E-01  1.4633174624E-03  1  VLT/XSHOOTER
2456451.3721  1.2711600000E-06  6.0000000000E-11  9.5597719029E-01  1.4736716407E-03  1  VLT/XSHOOTER
2456451.3721  1.2712200000E-06  6.0000000000E-11  9.5800453404E-01  1.4531833104E-03  1  VLT/XSHOOTER
2456451.3721  1.2712800000E-06  6.0000000000E-11  9.0271714565E-01  1.3934710366E-03  1  VLT/XSHOOTER
2456451.3721  1.2713400000E-06  6.0000000000E-11  8.2698123605E-01  1.1209874153E-03  1  VLT/XSHOOTER
2456451.3721  1.2714000000E-06  6.0000000000E-11  8.8402936663E-01  1.1550814765E-03  1  VLT/XSHOOTER
2456451.3721  1.2714600000E-06  6.0000000000E-11  9.4731215123E-01  1.1839249475E-03  1  VLT/XSHOOTER
2456451.3721  1.2715200000E-06  6.0000000000E-11  9.6367285156E-01  1.2018711908E-03  1  VLT/XSHOOTER
2456451.3721  1.2715800000E-06  6.0000000000E-11  9.4022091239E-01  1.1899751936E-03  1  VLT/XSHOOTER
2456451.3721  1.2716400000E-06  6.0000000000E-11  8.6443603516E-01  1.1563536780E-03  1  VLT/XSHOOTER
2456451.3721  1.2717000000E-06  6.0000000000E-11  8.7728299386E-01  1.1570682526E-03  1  VLT/XSHOOTER
2456451.3721  1.2717600000E-06  6.0000000000E-11  9.4677657645E-01  1.1854278019E-03  1  VLT/XSHOOTER
2456451.3721  1.2718200000E-06  6.0000000000E-11  9.6923472377E-01  1.2095064436E-03  1  VLT/XSHOOTER
2456451.3721  1.2718800000E-06  6.0000000000E-11  9.6331794085E-01  1.2015890394E-03  1  VLT/XSHOOTER
2456451.3721  1.2719400000E-06  6.0000000000E-11  9.6247433036E-01  1.1820534297E-03  1  VLT/XSHOOTER
2456451.3721  1.2720000000E-06  6.0000000000E-11  9.6098346819E-01  1.1712093353E-03  1  VLT/XSHOOTER
2456451.3721  1.2720600000E-06  6.0000000000E-11  9.6459333147E-01  1.1855125427E-03  1  VLT/XSHOOTER
2456451.3721  1.2721200000E-06  6.0000000000E-11  9.5010449219E-01  1.2174906049E-03  1  VLT/XSHOOTER
2456451.3721  1.2721800000E-06  6.0000000000E-11  9.3585072545E-01  1.2338473456E-03  1  VLT/XSHOOTER
2456451.3721  1.2722400000E-06  6.0000000000E-11  9.5038657924E-01  1.2088272912E-03  1  VLT/XSHOOTER
2456451.3721  1.2723000000E-06  6.0000000000E-11  9.1538281250E-01  1.1642560959E-03  1  VLT/XSHOOTER
2456451.3721  1.2723600000E-06  6.0000000000E-11  8.2396693638E-01  1.1628133229E-03  1  VLT/XSHOOTER
2456451.3721  1.2724200000E-06  6.0000000000E-11  8.6348486328E-01  1.2032864434E-03  1  VLT/XSHOOTER
2456451.3721  1.2724800000E-06  6.0000000000E-11  9.4441148158E-01  1.2170870645E-03  1  VLT/XSHOOTER
2456451.3721  1.2725400000E-06  6.0000000000E-11  9.6347398158E-01  1.1889647075E-03  1  VLT/XSHOOTER
2456451.3721  1.2726000000E-06  6.0000000000E-11  9.4341629464E-01  1.1727071490E-03  1  VLT/XSHOOTER
2456451.3721  1.2726600000E-06  6.0000000000E-11  8.6973493304E-01  1.1559764317E-03  1  VLT/XSHOOTER
2456451.3721  1.2727200000E-06  6.0000000000E-11  8.7206682478E-01  1.1739898409E-03  1  VLT/XSHOOTER
2456451.3721  1.2727800000E-06  6.0000000000E-11  9.4722070313E-01  1.2053620475E-03  1  VLT/XSHOOTER
2456451.3721  1.2728400000E-06  6.0000000000E-11  9.6313636998E-01  1.1959419250E-03  1  VLT/XSHOOTER
2456451.3721  1.2729000000E-06  6.0000000000E-11  9.8126848493E-01  1.2198689325E-03  1  VLT/XSHOOTER
2456451.3721  1.2729600000E-06  6.0000000000E-11  9.9297781808E-01  1.2860231400E-03  1  VLT/XSHOOTER
2456451.3721  1.2730200000E-06  6.0000000000E-11  9.6650069754E-01  1.2034995215E-03  1  VLT/XSHOOTER
2456451.3721  1.2730800000E-06  6.0000000000E-11  9.7292145647E-01  1.2075263432E-03  1  VLT/XSHOOTER
2456451.3721  1.2731400000E-06  6.0000000000E-11  9.7025327846E-01  1.2012390409E-03  1  VLT/XSHOOTER
2456451.3721  1.2732000000E-06  6.0000000000E-11  9.9574288504E-01  1.3234846933E-03  1  VLT/XSHOOTER
2456451.3721  1.2732600000E-06  6.0000000000E-11  9.8387193080E-01  1.2583070483E-03  1  VLT/XSHOOTER
2456451.3721  1.2733200000E-06  6.0000000000E-11  9.5754150391E-01  1.1940269470E-03  1  VLT/XSHOOTER
2456451.3721  1.2733800000E-06  6.0000000000E-11  8.9431459263E-01  1.1703913552E-03  1  VLT/XSHOOTER
2456451.3721  1.2734400000E-06  6.0000000000E-11  8.4622914342E-01  1.1506270000E-03  1  VLT/XSHOOTER
2456451.3721  1.2735000000E-06  6.0000000000E-11  9.1080936105E-01  1.1734090533E-03  1  VLT/XSHOOTER
2456451.3721  1.2735600000E-06  6.0000000000E-11  9.5733649554E-01  1.1882254737E-03  1  VLT/XSHOOTER
2456451.3721  1.2736200000E-06  6.0000000000E-11  9.5431487165E-01  1.1904254641E-03  1  VLT/XSHOOTER
2456451.3721  1.2736800000E-06  6.0000000000E-11  8.9279192243E-01  1.1662485940E-03  1  VLT/XSHOOTER
2456451.3721  1.2737400000E-06  6.0000000000E-11  8.2716803850E-01  1.1384231704E-03  1  VLT/XSHOOTER
2456451.3721  1.2738000000E-06  6.0000000000E-11  8.8964348493E-01  1.2734899521E-03  1  VLT/XSHOOTER
2456451.3721  1.2738600000E-06  6.0000000000E-11  9.5454178292E-01  1.3604497910E-03  1  VLT/XSHOOTER
2456451.3721  1.2739200000E-06  6.0000000000E-11  9.6711314174E-01  1.3782295500E-03  1  VLT/XSHOOTER
2456451.3721  1.2739800000E-06  6.0000000000E-11  9.4696435547E-01  1.3127912794E-03  1  VLT/XSHOOTER
2456451.3721  1.2740400000E-06  6.0000000000E-11  9.3887234933E-01  1.2049029214E-03  1  VLT/XSHOOTER
2456451.3721  1.2741000000E-06  6.0000000000E-11  9.0719684710E-01  1.2198791504E-03  1  VLT/XSHOOTER
2456451.3721  1.2741600000E-06  6.0000000000E-11  9.3730280413E-01  1.2203995841E-03  1  VLT/XSHOOTER
2456451.3721  1.2742200000E-06  6.0000000000E-11  9.6710742188E-01  1.2107993535E-03  1  VLT/XSHOOTER
2456451.3721  1.2742800000E-06  6.0000000000E-11  9.6937451172E-01  1.2033371244E-03  1  VLT/XSHOOTER
2456451.3721  1.2743400000E-06  6.0000000000E-11  9.6208168248E-01  1.1992246083E-03  1  VLT/XSHOOTER
2456451.3721  1.2744000000E-06  6.0000000000E-11  9.5291120257E-01  1.2191347395E-03  1  VLT/XSHOOTER
2456451.3721  1.2744600000E-06  6.0000000000E-11  9.0741936384E-01  1.2165076392E-03  1  VLT/XSHOOTER
2456451.3721  1.2745200000E-06  6.0000000000E-11  8.6318966239E-01  1.1777079446E-03  1  VLT/XSHOOTER
2456451.3721  1.2745800000E-06  6.0000000000E-11  9.1900202288E-01  1.1908926283E-03  1  VLT/XSHOOTER
2456451.3721  1.2746400000E-06  6.0000000000E-11  9.6771058873E-01  1.2162011010E-03  1  VLT/XSHOOTER
2456451.3721  1.2747000000E-06  6.0000000000E-11  9.7097802734E-01  1.2089118958E-03  1  VLT/XSHOOTER
2456451.3721  1.2747600000E-06  6.0000000000E-11  9.3498646763E-01  1.1878923689E-03  1  VLT/XSHOOTER
2456451.3721  1.2748200000E-06  6.0000000000E-11  8.8138971819E-01  1.1935261318E-03  1  VLT/XSHOOTER
2456451.3721  1.2748800000E-06  6.0000000000E-11  9.2149700056E-01  1.2921976362E-03  1  VLT/XSHOOTER
2456451.3721  1.2749400000E-06  6.0000000000E-11  9.8878794643E-01  1.4150558199E-03  1  VLT/XSHOOTER
2456451.3721  1.2750000000E-06  6.0000000000E-11  1.0053676758E+00  1.3977366856E-03  1  VLT/XSHOOTER
2456451.3721  1.2750600000E-06  6.0000000000E-11  1.0054127372E+00  1.3470032556E-03  1  VLT/XSHOOTER
2456451.3721  1.2751200000E-06  6.0000000000E-11  9.9481759208E-01  1.3977576665E-03  1  VLT/XSHOOTER
2456451.3721  1.2751800000E-06  6.0000000000E-11  9.7472398158E-01  1.2155591420E-03  1  VLT/XSHOOTER
2456451.3721  1.2752400000E-06  6.0000000000E-11  9.7846456473E-01  1.2200777871E-03  1  VLT/XSHOOTER
2456451.3721  1.2753000000E-06  6.0000000000E-11  9.7552964565E-01  1.2031958444E-03  1  VLT/XSHOOTER
2456451.3721  1.2753600000E-06  6.0000000000E-11  9.7599553571E-01  1.1914484841E-03  1  VLT/XSHOOTER
2456451.3721  1.2754200000E-06  6.0000000000E-11  9.7824281529E-01  1.1942390714E-03  1  VLT/XSHOOTER
2456451.3721  1.2754800000E-06  6.0000000000E-11  9.7862792969E-01  1.2080903734E-03  1  VLT/XSHOOTER
2456451.3721  1.2755400000E-06  6.0000000000E-11  9.6515945871E-01  1.2181271144E-03  1  VLT/XSHOOTER
2456451.3721  1.2756000000E-06  6.0000000000E-11  9.0193631417E-01  1.1938229970E-03  1  VLT/XSHOOTER
2456451.3721  1.2756600000E-06  6.0000000000E-11  8.9702915737E-01  1.1938107354E-03  1  VLT/XSHOOTER
2456451.3721  1.2757200000E-06  6.0000000000E-11  9.8499595424E-01  1.2504972730E-03  1  VLT/XSHOOTER
2456451.3721  1.2757800000E-06  6.0000000000E-11  1.0057684849E+00  1.2653893062E-03  1  VLT/XSHOOTER
2456451.3721  1.2758400000E-06  6.0000000000E-11  9.6689278739E-01  1.2253747668E-03  1  VLT/XSHOOTER
2456451.3721  1.2759000000E-06  6.0000000000E-11  9.2145291574E-01  1.1971969604E-03  1  VLT/XSHOOTER
2456451.3721  1.2759600000E-06  6.0000000000E-11  9.0451667132E-01  1.1915834972E-03  1  VLT/XSHOOTER
2456451.3721  1.2760200000E-06  6.0000000000E-11  9.0818498884E-01  1.2670669556E-03  1  VLT/XSHOOTER
2456451.3721  1.2760800000E-06  6.0000000000E-11  9.2080991908E-01  1.3871235166E-03  1  VLT/XSHOOTER
2456451.3721  1.2761400000E-06  6.0000000000E-11  9.6596463449E-01  1.3376986640E-03  1  VLT/XSHOOTER
2456451.3721  1.2762000000E-06  6.0000000000E-11  9.8122579520E-01  1.2324145181E-03  1  VLT/XSHOOTER
2456451.3721  1.2762600000E-06  6.0000000000E-11  9.7381940569E-01  1.1845850263E-03  1  VLT/XSHOOTER
2456451.3721  1.2763200000E-06  6.0000000000E-11  9.7052134487E-01  1.1781208856E-03  1  VLT/XSHOOTER
2456451.3721  1.2763800000E-06  6.0000000000E-11  9.7591294643E-01  1.1975772040E-03  1  VLT/XSHOOTER
2456451.3721  1.2764400000E-06  6.0000000000E-11  9.7984249442E-01  1.2188074929E-03  1  VLT/XSHOOTER
2456451.3721  1.2765000000E-06  6.0000000000E-11  9.9913051060E-01  1.2919202532E-03  1  VLT/XSHOOTER
2456451.3721  1.2765600000E-06  6.0000000000E-11  9.9593624442E-01  1.2570092337E-03  1  VLT/XSHOOTER
2456451.3721  1.2766200000E-06  6.0000000000E-11  9.7498472377E-01  1.2109366826E-03  1  VLT/XSHOOTER
2456451.3721  1.2766800000E-06  6.0000000000E-11  9.6203906250E-01  1.2260148185E-03  1  VLT/XSHOOTER
2456451.3721  1.2767400000E-06  6.0000000000E-11  9.1721868025E-01  1.2166998727E-03  1  VLT/XSHOOTER
2456451.3721  1.2768000000E-06  6.0000000000E-11  9.2857261440E-01  1.2278141294E-03  1  VLT/XSHOOTER
2456451.3721  1.2768600000E-06  6.0000000000E-11  9.6569726563E-01  1.2075826100E-03  1  VLT/XSHOOTER
2456451.3721  1.2769200000E-06  6.0000000000E-11  9.7654708426E-01  1.1903307778E-03  1  VLT/XSHOOTER
2456451.3721  1.2769800000E-06  6.0000000000E-11  9.7085128348E-01  1.1965735299E-03  1  VLT/XSHOOTER
2456451.3721  1.2770400000E-06  6.0000000000E-11  9.3599142020E-01  1.2102990832E-03  1  VLT/XSHOOTER
2456451.3721  1.2771000000E-06  6.0000000000E-11  9.3943261719E-01  1.2212751934E-03  1  VLT/XSHOOTER
2456451.3721  1.2771600000E-06  6.0000000000E-11  9.7059361049E-01  1.2135975701E-03  1  VLT/XSHOOTER
2456451.3721  1.2772200000E-06  6.0000000000E-11  9.8114655413E-01  1.2128116063E-03  1  VLT/XSHOOTER
2456451.3721  1.2772800000E-06  6.0000000000E-11  9.8230175781E-01  1.2521245139E-03  1  VLT/XSHOOTER
2456451.3721  1.2773400000E-06  6.0000000000E-11  9.8077134487E-01  1.3188160488E-03  1  VLT/XSHOOTER
2456451.3721  1.2774000000E-06  6.0000000000E-11  9.7821916853E-01  1.3126978193E-03  1  VLT/XSHOOTER
2456451.3721  1.2774600000E-06  6.0000000000E-11  9.8030043248E-01  1.2496321542E-03  1  VLT/XSHOOTER
2456451.3721  1.2775200000E-06  6.0000000000E-11  9.8288978795E-01  1.2131255014E-03  1  VLT/XSHOOTER
2456451.3721  1.2775800000E-06  6.0000000000E-11  9.7779729353E-01  1.1906711033E-03  1  VLT/XSHOOTER
2456451.3721  1.2776400000E-06  6.0000000000E-11  9.7382421875E-01  1.1733023780E-03  1  VLT/XSHOOTER
2456451.3721  1.2777000000E-06  6.0000000000E-11  9.7734953962E-01  1.1848655428E-03  1  VLT/XSHOOTER
2456451.3721  1.2777600000E-06  6.0000000000E-11  9.8777936663E-01  1.2591130393E-03  1  VLT/XSHOOTER
2456451.3721  1.2778200000E-06  6.0000000000E-11  9.8675000000E-01  1.9442627771E-03  1  VLT/XSHOOTER
2456451.3721  1.2778800000E-06  6.0000000000E-11  9.6332659040E-01  2.1085572924E-03  1  VLT/XSHOOTER
2456451.3721  1.2779400000E-06  6.0000000000E-11  9.3430001395E-01  1.4454085486E-03  1  VLT/XSHOOTER
2456451.3721  1.2780000000E-06  6.0000000000E-11  9.2662953404E-01  1.2638805934E-03  1  VLT/XSHOOTER
2456451.3721  1.2780600000E-06  6.0000000000E-11  9.2994084821E-01  1.2696331569E-03  1  VLT/XSHOOTER
2456451.3721  1.2781200000E-06  6.0000000000E-11  9.5485135324E-01  1.2833001273E-03  1  VLT/XSHOOTER
2456451.3721  1.2781800000E-06  6.0000000000E-11  9.5870284598E-01  1.2463690894E-03  1  VLT/XSHOOTER
2456451.3721  1.2782400000E-06  6.0000000000E-11  9.4675034877E-01  1.2265394756E-03  1  VLT/XSHOOTER
2456451.3721  1.2783000000E-06  6.0000000000E-11  9.6801960100E-01  1.2276521410E-03  1  VLT/XSHOOTER
2456451.3721  1.2783600000E-06  6.0000000000E-11  9.8707268415E-01  1.2210525785E-03  1  VLT/XSHOOTER
2456451.3721  1.2784200000E-06  6.0000000000E-11  9.9303208705E-01  1.2183719363E-03  1  VLT/XSHOOTER
2456451.3721  1.2784800000E-06  6.0000000000E-11  9.9254408482E-01  1.2367967878E-03  1  VLT/XSHOOTER
2456451.3721  1.2785400000E-06  6.0000000000E-11  9.8558461217E-01  1.2580480576E-03  1  VLT/XSHOOTER
2456451.3721  1.2786000000E-06  6.0000000000E-11  9.8563169643E-01  1.2425212860E-03  1  VLT/XSHOOTER
2456451.3721  1.2786600000E-06  6.0000000000E-11  9.8480657087E-01  1.2201905932E-03  1  VLT/XSHOOTER
2456451.3721  1.2787200000E-06  6.0000000000E-11  9.8916196987E-01  1.1960483279E-03  1  VLT/XSHOOTER
2456451.3721  1.2787800000E-06  6.0000000000E-11  9.9014578683E-01  1.2058853422E-03  1  VLT/XSHOOTER
2456451.3721  1.2788400000E-06  6.0000000000E-11  9.8551171875E-01  1.2187020438E-03  1  VLT/XSHOOTER
2456451.3721  1.2789000000E-06  6.0000000000E-11  9.7765569196E-01  1.1978198460E-03  1  VLT/XSHOOTER
2456451.3721  1.2789600000E-06  6.0000000000E-11  9.7627573940E-01  1.1745119095E-03  1  VLT/XSHOOTER
2456451.3721  1.2790200000E-06  6.0000000000E-11  9.8231180246E-01  1.1765635354E-03  1  VLT/XSHOOTER
2456451.3721  1.2790800000E-06  6.0000000000E-11  9.7359277344E-01  1.2101967675E-03  1  VLT/XSHOOTER
2456451.3721  1.2791400000E-06  6.0000000000E-11  9.8452992467E-01  1.3718580518E-03  1  VLT/XSHOOTER
2456451.3721  1.2792000000E-06  6.0000000000E-11  9.7671254185E-01  1.3274526596E-03  1  VLT/XSHOOTER
2456451.3721  1.2792600000E-06  6.0000000000E-11  9.8864683315E-01  1.2060639518E-03  1  VLT/XSHOOTER
2456451.3721  1.2793200000E-06  6.0000000000E-11  9.8802001953E-01  1.2022944859E-03  1  VLT/XSHOOTER
2456451.3721  1.2793800000E-06  6.0000000000E-11  9.8294133650E-01  1.2337612425E-03  1  VLT/XSHOOTER
2456451.3721  1.2794400000E-06  6.0000000000E-11  9.7916336496E-01  1.2366461073E-03  1  VLT/XSHOOTER
2456451.3721  1.2795000000E-06  6.0000000000E-11  9.8448165458E-01  1.2146421160E-03  1  VLT/XSHOOTER
2456451.3721  1.2795600000E-06  6.0000000000E-11  9.9065471540E-01  1.2138729095E-03  1  VLT/XSHOOTER
2456451.3721  1.2796200000E-06  6.0000000000E-11  9.8248304967E-01  1.2980206353E-03  1  VLT/XSHOOTER
2456451.3721  1.2796800000E-06  6.0000000000E-11  9.7845424107E-01  1.2997290748E-03  1  VLT/XSHOOTER
2456451.3721  1.2797400000E-06  6.0000000000E-11  9.9944824219E-01  1.3266210556E-03  1  VLT/XSHOOTER
2456451.3721  1.2798000000E-06  6.0000000000E-11  9.8698674665E-01  1.3185904367E-03  1  VLT/XSHOOTER
2456451.3721  1.2798600000E-06  6.0000000000E-11  9.9311655971E-01  1.2805450984E-03  1  VLT/XSHOOTER
2456451.3721  1.2799200000E-06  6.0000000000E-11  1.0000789621E+00  1.2305428641E-03  1  VLT/XSHOOTER
2456451.3721  1.2799800000E-06  6.0000000000E-11  9.8080712891E-01  1.2015646526E-03  1  VLT/XSHOOTER
2456451.3721  1.2800400000E-06  6.0000000000E-11  9.4356996373E-01  1.2016620636E-03  1  VLT/XSHOOTER
2456451.3721  1.2801000000E-06  6.0000000000E-11  9.5087695313E-01  1.2155867985E-03  1  VLT/XSHOOTER
2456451.3721  1.2801600000E-06  6.0000000000E-11  1.0112531390E+00  1.3904330390E-03  1  VLT/XSHOOTER
2456451.3721  1.2802200000E-06  6.0000000000E-11  1.0053512137E+00  1.2373458317E-03  1  VLT/XSHOOTER
2456451.3721  1.2802800000E-06  6.0000000000E-11  1.0035288783E+00  1.3578191485E-03  1  VLT/XSHOOTER
2456451.3721  1.2803400000E-06  6.0000000000E-11  1.0045770787E+00  1.5206210273E-03  1  VLT/XSHOOTER
2456451.3721  1.2804000000E-06  6.0000000000E-11  1.0161933594E+00  1.4799285616E-03  1  VLT/XSHOOTER
2456451.3721  1.2804600000E-06  6.0000000000E-11  1.0250036272E+00  1.3498922076E-03  1  VLT/XSHOOTER
2456451.3721  1.2805200000E-06  6.0000000000E-11  1.0210237165E+00  1.3139533997E-03  1  VLT/XSHOOTER
2456451.3721  1.2805800000E-06  6.0000000000E-11  9.9468240792E-01  1.2147331238E-03  1  VLT/XSHOOTER
2456451.3721  1.2806400000E-06  6.0000000000E-11  1.0051480190E+00  1.3096302577E-03  1  VLT/XSHOOTER
2456451.3721  1.2807000000E-06  6.0000000000E-11  1.0289914202E+00  1.2655057907E-03  1  VLT/XSHOOTER
2456451.3721  1.2807600000E-06  6.0000000000E-11  9.7116852679E-01  1.5360621044E-03  1  VLT/XSHOOTER
2456451.3721  1.2808200000E-06  6.0000000000E-11  9.6709284319E-01  1.6093664169E-03  1  VLT/XSHOOTER
2456451.3721  1.2808800000E-06  6.0000000000E-11  1.0551891044E+00  1.8112959181E-03  1  VLT/XSHOOTER
2456451.3721  1.2809400000E-06  6.0000000000E-11  1.1292721819E+00  1.2962985720E-03  1  VLT/XSHOOTER
2456451.3721  1.2810000000E-06  6.0000000000E-11  1.1472472796E+00  1.3232267925E-03  1  VLT/XSHOOTER
2456451.3721  1.2810600000E-06  6.0000000000E-11  1.1913858817E+00  1.3497731345E-03  1  VLT/XSHOOTER
2456451.3721  1.2811200000E-06  6.0000000000E-11  1.2677275391E+00  1.3711094175E-03  1  VLT/XSHOOTER
2456451.3721  1.2811800000E-06  6.0000000000E-11  1.3784342913E+00  1.4406172889E-03  1  VLT/XSHOOTER
2456451.3721  1.2812400000E-06  6.0000000000E-11  1.5113844866E+00  1.5544105257E-03  1  VLT/XSHOOTER
2456451.3721  1.2813000000E-06  6.0000000000E-11  1.6677550223E+00  2.1371803284E-03  1  VLT/XSHOOTER
2456451.3721  1.2813600000E-06  6.0000000000E-11  1.8423643973E+00  2.2965423039E-03  1  VLT/XSHOOTER
2456451.3721  1.2814200000E-06  6.0000000000E-11  1.9858394252E+00  2.3847048623E-03  1  VLT/XSHOOTER
2456451.3721  1.2814800000E-06  6.0000000000E-11  2.0818703962E+00  2.3971165248E-03  1  VLT/XSHOOTER
2456451.3721  1.2815400000E-06  6.0000000000E-11  2.1497181920E+00  2.4019464765E-03  1  VLT/XSHOOTER
2456451.3721  1.2816000000E-06  6.0000000000E-11  2.1801248605E+00  2.4239937919E-03  1  VLT/XSHOOTER
2456451.3721  1.2816600000E-06  6.0000000000E-11  2.1893430525E+00  2.4794954572E-03  1  VLT/XSHOOTER
2456451.3721  1.2817200000E-06  6.0000000000E-11  2.1807914342E+00  2.5260200500E-03  1  VLT/XSHOOTER
2456451.3721  1.2817800000E-06  6.0000000000E-11  2.1931842913E+00  2.5370840345E-03  1  VLT/XSHOOTER
2456451.3721  1.2818400000E-06  6.0000000000E-11  2.1844146205E+00  2.4792556763E-03  1  VLT/XSHOOTER
2456451.3721  1.2819000000E-06  6.0000000000E-11  2.1271809431E+00  2.3780487606E-03  1  VLT/XSHOOTER
2456451.3721  1.2819600000E-06  6.0000000000E-11  2.0280732422E+00  2.2942897252E-03  1  VLT/XSHOOTER
2456451.3721  1.2820200000E-06  6.0000000000E-11  1.8763911830E+00  2.2262875693E-03  1  VLT/XSHOOTER
2456451.3721  1.2820800000E-06  6.0000000000E-11  1.6843618862E+00  2.1574179786E-03  1  VLT/XSHOOTER
2456451.3721  1.2821400000E-06  6.0000000000E-11  1.5366601563E+00  2.0834534509E-03  1  VLT/XSHOOTER
2456451.3721  1.2822000000E-06  6.0000000000E-11  1.4490795201E+00  1.9722313200E-03  1  VLT/XSHOOTER
2456451.3721  1.2822600000E-06  6.0000000000E-11  1.3355904018E+00  1.8240133013E-03  1  VLT/XSHOOTER
2456451.3721  1.2823200000E-06  6.0000000000E-11  1.2308871373E+00  1.7164062772E-03  1  VLT/XSHOOTER
2456451.3721  1.2823800000E-06  6.0000000000E-11  1.1561291155E+00  1.6660382407E-03  1  VLT/XSHOOTER
2456451.3721  1.2824400000E-06  6.0000000000E-11  1.1229132254E+00  1.6740556444E-03  1  VLT/XSHOOTER
2456451.3721  1.2825000000E-06  6.0000000000E-11  1.0952167271E+00  1.6820524761E-03  1  VLT/XSHOOTER
2456451.3721  1.2825600000E-06  6.0000000000E-11  1.0630767997E+00  1.6667348317E-03  1  VLT/XSHOOTER
2456451.3721  1.2826200000E-06  6.0000000000E-11  1.0323980190E+00  1.6058985846E-03  1  VLT/XSHOOTER
2456451.3721  1.2826800000E-06  6.0000000000E-11  1.0125410854E+00  1.5545662471E-03  1  VLT/XSHOOTER
2456451.3721  1.2827400000E-06  6.0000000000E-11  1.0029446150E+00  1.5369443893E-03  1  VLT/XSHOOTER
2456451.3721  1.2828000000E-06  6.0000000000E-11  9.9845417132E-01  1.5478978838E-03  1  VLT/XSHOOTER
2456451.3721  1.2828600000E-06  6.0000000000E-11  1.0039677734E+00  1.5854079383E-03  1  VLT/XSHOOTER
2456451.3721  1.2829200000E-06  6.0000000000E-11  1.0006328125E+00  1.6037683487E-03  1  VLT/XSHOOTER
2456451.3721  1.2829800000E-06  6.0000000000E-11  9.7320096261E-01  1.5832341058E-03  1  VLT/XSHOOTER
2456451.3721  1.2830400000E-06  6.0000000000E-11  9.4214488002E-01  1.5875993456E-03  1  VLT/XSHOOTER
2456451.3721  1.2831000000E-06  6.0000000000E-11  9.2530126953E-01  1.6338107245E-03  1  VLT/XSHOOTER
2456451.3721  1.2831600000E-06  6.0000000000E-11  9.1687158203E-01  1.6591420855E-03  1  VLT/XSHOOTER
2456451.3721  1.2832200000E-06  6.0000000000E-11  9.6200062779E-01  1.5479000637E-03  1  VLT/XSHOOTER
2456451.3721  1.2832800000E-06  6.0000000000E-11  1.0106329520E+00  1.4109919412E-03  1  VLT/XSHOOTER
2456451.3721  1.2833400000E-06  6.0000000000E-11  1.0543532366E+00  1.7024632863E-03  1  VLT/XSHOOTER
2456451.3721  1.2834000000E-06  6.0000000000E-11  1.0361171177E+00  1.6599935804E-03  1  VLT/XSHOOTER
2456451.3721  1.2834600000E-06  6.0000000000E-11  1.0006261858E+00  1.5388580050E-03  1  VLT/XSHOOTER
2456451.3721  1.2835200000E-06  6.0000000000E-11  9.8671505301E-01  1.4913009916E-03  1  VLT/XSHOOTER
2456451.3721  1.2835800000E-06  6.0000000000E-11  9.8749665179E-01  1.4932959420E-03  1  VLT/XSHOOTER
2456451.3721  1.2836400000E-06  6.0000000000E-11  9.8980468750E-01  1.5154346739E-03  1  VLT/XSHOOTER
2456451.3721  1.2837000000E-06  6.0000000000E-11  9.9870898437E-01  1.5514078140E-03  1  VLT/XSHOOTER
2456451.3721  1.2837600000E-06  6.0000000000E-11  9.9738441685E-01  1.5581215450E-03  1  VLT/XSHOOTER
2456451.3721  1.2838200000E-06  6.0000000000E-11  9.8953327288E-01  1.5293743951E-03  1  VLT/XSHOOTER
2456451.3721  1.2838800000E-06  6.0000000000E-11  9.7994921875E-01  1.4920285089E-03  1  VLT/XSHOOTER
2456451.3721  1.2839400000E-06  6.0000000000E-11  9.7385498047E-01  1.4673772539E-03  1  VLT/XSHOOTER
2456451.3721  1.2840000000E-06  6.0000000000E-11  9.7584912109E-01  1.4745665959E-03  1  VLT/XSHOOTER
2456451.3721  1.2840600000E-06  6.0000000000E-11  9.8708775112E-01  1.5071969713E-03  1  VLT/XSHOOTER
2456451.3721  1.2841200000E-06  6.0000000000E-11  9.8863602121E-01  1.5526557650E-03  1  VLT/XSHOOTER
2456451.3721  1.2841800000E-06  6.0000000000E-11  9.8185658482E-01  1.5752030781E-03  1  VLT/XSHOOTER
2456451.3721  1.2842400000E-06  6.0000000000E-11  9.8162904576E-01  1.5530410494E-03  1  VLT/XSHOOTER
2456451.3721  1.2843000000E-06  6.0000000000E-11  9.8781926618E-01  1.5034156527E-03  1  VLT/XSHOOTER
2456451.3721  1.2843600000E-06  6.0000000000E-11  9.9395779855E-01  1.4773239408E-03  1  VLT/XSHOOTER
2456451.3721  1.2844200000E-06  6.0000000000E-11  9.9406731306E-01  1.4840965271E-03  1  VLT/XSHOOTER
2456451.3721  1.2844800000E-06  6.0000000000E-11  9.8914411272E-01  1.5039413997E-03  1  VLT/XSHOOTER
2456451.3721  1.2845400000E-06  6.0000000000E-11  9.6895319475E-01  1.5119025367E-03  1  VLT/XSHOOTER
2456451.3721  1.2846000000E-06  6.0000000000E-11  9.4098465402E-01  1.4960560117E-03  1  VLT/XSHOOTER
2456451.3721  1.2846600000E-06  6.0000000000E-11  9.4597942243E-01  1.4819464002E-03  1  VLT/XSHOOTER
2456451.3721  1.2847200000E-06  6.0000000000E-11  9.7600704520E-01  1.4682851519E-03  1  VLT/XSHOOTER
2456451.3721  1.2847800000E-06  6.0000000000E-11  9.9167829241E-01  1.4632468905E-03  1  VLT/XSHOOTER
2456451.3721  1.2848400000E-06  6.0000000000E-11  9.9616545759E-01  1.4691317422E-03  1  VLT/XSHOOTER
2456451.3721  1.2849000000E-06  6.0000000000E-11  1.0070200195E+00  1.4984536852E-03  1  VLT/XSHOOTER
2456451.3721  1.2849600000E-06  6.0000000000E-11  1.0116981724E+00  1.5241090230E-03  1  VLT/XSHOOTER
2456451.3721  1.2850200000E-06  6.0000000000E-11  1.0145964704E+00  1.5385404314E-03  1  VLT/XSHOOTER
2456451.3721  1.2850800000E-06  6.0000000000E-11  1.0103494001E+00  1.5135278702E-03  1  VLT/XSHOOTER
2456451.3721  1.2851400000E-06  6.0000000000E-11  1.0039656110E+00  1.4797416415E-03  1  VLT/XSHOOTER
2456451.3721  1.2852000000E-06  6.0000000000E-11  9.9638155692E-01  1.4621185575E-03  1  VLT/XSHOOTER
2456451.3721  1.2852600000E-06  6.0000000000E-11  9.9172293527E-01  1.4616937637E-03  1  VLT/XSHOOTER
2456451.3721  1.2853200000E-06  6.0000000000E-11  9.9283530971E-01  1.4713897705E-03  1  VLT/XSHOOTER
2456451.3721  1.2853800000E-06  6.0000000000E-11  9.9379861886E-01  1.5089605876E-03  1  VLT/XSHOOTER
2456451.3721  1.2854400000E-06  6.0000000000E-11  1.0027725307E+00  1.5240531649E-03  1  VLT/XSHOOTER
2456451.3721  1.2855000000E-06  6.0000000000E-11  1.0051928711E+00  1.5195248468E-03  1  VLT/XSHOOTER
2456451.3721  1.2855600000E-06  6.0000000000E-11  9.9824065290E-01  1.5539090293E-03  1  VLT/XSHOOTER
2456451.3721  1.2856200000E-06  6.0000000000E-11  9.9610002790E-01  1.4431101935E-03  1  VLT/XSHOOTER
2456451.3721  1.2856800000E-06  6.0000000000E-11  9.9094147600E-01  1.4295876367E-03  1  VLT/XSHOOTER
2456451.3721  1.2857400000E-06  6.0000000000E-11  9.9399441964E-01  1.4446981975E-03  1  VLT/XSHOOTER
2456451.3721  1.2858000000E-06  6.0000000000E-11  9.9916580636E-01  1.4695373263E-03  1  VLT/XSHOOTER
2456451.3721  1.2858600000E-06  6.0000000000E-11  1.0081122349E+00  1.5010995865E-03  1  VLT/XSHOOTER
2456451.3721  1.2859200000E-06  6.0000000000E-11  1.0094806083E+00  1.5052119664E-03  1  VLT/XSHOOTER
2456451.3721  1.2859800000E-06  6.0000000000E-11  1.0065726144E+00  1.4867189952E-03  1  VLT/XSHOOTER
2456451.3721  1.2860400000E-06  6.0000000000E-11  9.9075634766E-01  1.4850894383E-03  1  VLT/XSHOOTER
2456451.3721  1.2861000000E-06  6.0000000000E-11  9.8460546875E-01  1.4689303807E-03  1  VLT/XSHOOTER
2456451.3721  1.2861600000E-06  6.0000000000E-11  9.6919824219E-01  1.4952197756E-03  1  VLT/XSHOOTER
2456451.3721  1.2862200000E-06  6.0000000000E-11  9.5325390625E-01  1.5871775491E-03  1  VLT/XSHOOTER
2456451.3721  1.2862800000E-06  6.0000000000E-11  9.7222377232E-01  1.5387145451E-03  1  VLT/XSHOOTER
2456451.3721  1.2863400000E-06  6.0000000000E-11  9.9422154018E-01  1.5107465472E-03  1  VLT/XSHOOTER
2456451.3721  1.2864000000E-06  6.0000000000E-11  1.0027958287E+00  1.4972072329E-03  1  VLT/XSHOOTER
2456451.3721  1.2864600000E-06  6.0000000000E-11  1.0028514927E+00  1.4633915765E-03  1  VLT/XSHOOTER
2456451.3721  1.2865200000E-06  6.0000000000E-11  9.9798444475E-01  1.4335125514E-03  1  VLT/XSHOOTER
2456451.3721  1.2865800000E-06  6.0000000000E-11  9.9498611886E-01  1.7917088100E-03  1  VLT/XSHOOTER
2456451.3721  1.2866400000E-06  6.0000000000E-11  9.9955029297E-01  1.7959258216E-03  1  VLT/XSHOOTER
2456451.3721  1.2867000000E-06  6.0000000000E-11  9.8213113839E-01  1.6991506304E-03  1  VLT/XSHOOTER
2456451.3721  1.2867600000E-06  6.0000000000E-11  1.0103743722E+00  1.4923839569E-03  1  VLT/XSHOOTER
2456451.3721  1.2868200000E-06  6.0000000000E-11  1.0086766881E+00  1.4878519603E-03  1  VLT/XSHOOTER
2456451.3721  1.2868800000E-06  6.0000000000E-11  1.0026139090E+00  1.4686213902E-03  1  VLT/XSHOOTER
2456451.3721  1.2869400000E-06  6.0000000000E-11  9.9950348772E-01  1.4367163522E-03  1  VLT/XSHOOTER
2456451.3721  1.2870000000E-06  6.0000000000E-11  9.9539488002E-01  1.4193387713E-03  1  VLT/XSHOOTER
2456451.3721  1.2870600000E-06  6.0000000000E-11  9.9909019252E-01  1.4192517144E-03  1  VLT/XSHOOTER
2456451.3721  1.2871200000E-06  6.0000000000E-11  9.9985260882E-01  1.4262951442E-03  1  VLT/XSHOOTER
2456451.3721  1.2871800000E-06  6.0000000000E-11  1.0084151088E+00  1.4581812450E-03  1  VLT/XSHOOTER
2456451.3721  1.2872400000E-06  6.0000000000E-11  1.0108959961E+00  1.4629996164E-03  1  VLT/XSHOOTER
2456451.3721  1.2873000000E-06  6.0000000000E-11  1.0123185686E+00  1.4694607598E-03  1  VLT/XSHOOTER
2456451.3721  1.2873600000E-06  6.0000000000E-11  1.0085957031E+00  1.4481293815E-03  1  VLT/XSHOOTER
2456451.3721  1.2874200000E-06  6.0000000000E-11  1.0044727958E+00  1.4188934054E-03  1  VLT/XSHOOTER
2456451.3721  1.2874800000E-06  6.0000000000E-11  9.9722140067E-01  1.3923813956E-03  1  VLT/XSHOOTER
2456451.3721  1.2875400000E-06  6.0000000000E-11  9.9760435268E-01  1.3865447726E-03  1  VLT/XSHOOTER
2456451.3721  1.2876000000E-06  6.0000000000E-11  9.9257366071E-01  1.3943924223E-03  1  VLT/XSHOOTER
2456451.3721  1.2876600000E-06  6.0000000000E-11  9.9481752232E-01  1.4175860541E-03  1  VLT/XSHOOTER
2456451.3721  1.2877200000E-06  6.0000000000E-11  9.9795410156E-01  1.4385004044E-03  1  VLT/XSHOOTER
2456451.3721  1.2877800000E-06  6.0000000000E-11  9.8521547154E-01  1.4364587239E-03  1  VLT/XSHOOTER
2456451.3721  1.2878400000E-06  6.0000000000E-11  9.5129038783E-01  1.4049624034E-03  1  VLT/XSHOOTER
2456451.3721  1.2879000000E-06  6.0000000000E-11  9.3203752790E-01  1.3691617421E-03  1  VLT/XSHOOTER
2456451.3721  1.2879600000E-06  6.0000000000E-11  9.5621379743E-01  1.3652869633E-03  1  VLT/XSHOOTER
2456451.3721  1.2880200000E-06  6.0000000000E-11  9.8340729632E-01  1.3746711186E-03  1  VLT/XSHOOTER
2456451.3721  1.2880800000E-06  6.0000000000E-11  1.0392669503E+00  1.7235013417E-03  1  VLT/XSHOOTER
2456451.3721  1.2881400000E-06  6.0000000000E-11  1.0387745536E+00  1.7480753490E-03  1  VLT/XSHOOTER
2456451.3721  1.2882000000E-06  6.0000000000E-11  1.0017878767E+00  1.4379517691E-03  1  VLT/XSHOOTER
2456451.3721  1.2882600000E-06  6.0000000000E-11  1.0088029436E+00  1.4484912327E-03  1  VLT/XSHOOTER
2456451.3721  1.2883200000E-06  6.0000000000E-11  9.7885644531E-01  1.4402539389E-03  1  VLT/XSHOOTER
2456451.3721  1.2883800000E-06  6.0000000000E-11  9.9612513951E-01  1.8571186066E-03  1  VLT/XSHOOTER
2456451.3721  1.2884400000E-06  6.0000000000E-11  1.0137809710E+00  1.9085036686E-03  1  VLT/XSHOOTER
2456451.3721  1.2885000000E-06  6.0000000000E-11  1.0073291713E+00  1.8827284404E-03  1  VLT/XSHOOTER
2456451.3721  1.2885600000E-06  6.0000000000E-11  1.0159535435E+00  1.8943579538E-03  1  VLT/XSHOOTER
2456451.3721  1.2886200000E-06  6.0000000000E-11  1.0139127372E+00  1.8902405330E-03  1  VLT/XSHOOTER
2456451.3721  1.2886800000E-06  6.0000000000E-11  9.6425327846E-01  1.3969866889E-03  1  VLT/XSHOOTER
2456451.3721  1.2887400000E-06  6.0000000000E-11  1.0003459124E+00  1.4317749568E-03  1  VLT/XSHOOTER
2456451.3721  1.2888000000E-06  6.0000000000E-11  1.0131336496E+00  1.4444274902E-03  1  VLT/XSHOOTER
2456451.3721  1.2888600000E-06  6.0000000000E-11  1.0101891044E+00  1.4235726765E-03  1  VLT/XSHOOTER
2456451.3721  1.2889200000E-06  6.0000000000E-11  9.9825767299E-01  1.3953488214E-03  1  VLT/XSHOOTER
2456451.3721  1.2889800000E-06  6.0000000000E-11  9.8950341797E-01  1.3852006367E-03  1  VLT/XSHOOTER
2456451.3721  1.2890400000E-06  6.0000000000E-11  9.9203606306E-01  1.3836957387E-03  1  VLT/XSHOOTER
2456451.3721  1.2891000000E-06  6.0000000000E-11  9.9830140904E-01  1.3886706488E-03  1  VLT/XSHOOTER
2456451.3721  1.2891600000E-06  6.0000000000E-11  1.0033288923E+00  1.4028175899E-03  1  VLT/XSHOOTER
2456451.3721  1.2892200000E-06  6.0000000000E-11  1.0080930525E+00  1.4234288079E-03  1  VLT/XSHOOTER
2456451.3721  1.2892800000E-06  6.0000000000E-11  1.0118995536E+00  1.4334759031E-03  1  VLT/XSHOOTER
2456451.3721  1.2893400000E-06  6.0000000000E-11  1.0115465960E+00  1.4277185713E-03  1  VLT/XSHOOTER
2456451.3721  1.2894000000E-06  6.0000000000E-11  1.0045106027E+00  1.3943399702E-03  1  VLT/XSHOOTER
2456451.3721  1.2894600000E-06  6.0000000000E-11  9.9263909040E-01  1.3652181625E-03  1  VLT/XSHOOTER
2456451.3721  1.2895200000E-06  6.0000000000E-11  9.8163964844E-01  1.3433694839E-03  1  VLT/XSHOOTER
2456451.3721  1.2895800000E-06  6.0000000000E-11  9.8073883929E-01  1.3441460473E-03  1  VLT/XSHOOTER
2456451.3721  1.2896400000E-06  6.0000000000E-11  9.8579471261E-01  1.3583025251E-03  1  VLT/XSHOOTER
2456451.3721  1.2897000000E-06  6.0000000000E-11  9.8559647042E-01  1.3779107503E-03  1  VLT/XSHOOTER
2456451.3721  1.2897600000E-06  6.0000000000E-11  9.6028027344E-01  1.3780810492E-03  1  VLT/XSHOOTER
2456451.3721  1.2898200000E-06  6.0000000000E-11  8.6792285156E-01  1.5499458313E-03  1  VLT/XSHOOTER
2456451.3721  1.2898800000E-06  6.0000000000E-11  8.1187255859E-01  1.4738007954E-03  1  VLT/XSHOOTER
2456451.3721  1.2899400000E-06  6.0000000000E-11  8.5452483259E-01  1.3280018398E-03  1  VLT/XSHOOTER
2456451.3721  1.2900000000E-06  6.0000000000E-11  9.2309165737E-01  1.3855494090E-03  1  VLT/XSHOOTER
2456451.3721  1.2900600000E-06  6.0000000000E-11  9.7205664063E-01  1.3976580756E-03  1  VLT/XSHOOTER
2456451.3721  1.2901200000E-06  6.0000000000E-11  9.8731480190E-01  1.5532045364E-03  1  VLT/XSHOOTER
2456451.3721  1.2901800000E-06  6.0000000000E-11  9.9677329799E-01  1.8725516456E-03  1  VLT/XSHOOTER
2456451.3721  1.2902400000E-06  6.0000000000E-11  1.0039686802E+00  1.9509292330E-03  1  VLT/XSHOOTER
2456451.3721  1.2903000000E-06  6.0000000000E-11  1.0140504325E+00  1.7057759421E-03  1  VLT/XSHOOTER
2456451.3721  1.2903600000E-06  6.0000000000E-11  1.0127096819E+00  1.4580362865E-03  1  VLT/XSHOOTER
2456451.3721  1.2904200000E-06  6.0000000000E-11  1.0095849609E+00  1.3949721200E-03  1  VLT/XSHOOTER
2456451.3721  1.2904800000E-06  6.0000000000E-11  1.0067885742E+00  1.3699432101E-03  1  VLT/XSHOOTER
2456451.3721  1.2905400000E-06  6.0000000000E-11  9.9784012277E-01  1.3484397616E-03  1  VLT/XSHOOTER
2456451.3721  1.2906000000E-06  6.0000000000E-11  9.9321170480E-01  1.3354673386E-03  1  VLT/XSHOOTER
2456451.3721  1.2906600000E-06  6.0000000000E-11  9.7723932757E-01  1.3413248062E-03  1  VLT/XSHOOTER
2456451.3721  1.2907200000E-06  6.0000000000E-11  9.4662395368E-01  1.4413731439E-03  1  VLT/XSHOOTER
2456451.3721  1.2907800000E-06  6.0000000000E-11  9.7289306641E-01  1.3341212954E-03  1  VLT/XSHOOTER
2456451.3721  1.2908400000E-06  6.0000000000E-11  9.6243973214E-01  1.3473794120E-03  1  VLT/XSHOOTER
2456451.3721  1.2909000000E-06  6.0000000000E-11  9.6230113002E-01  1.3615879331E-03  1  VLT/XSHOOTER
2456451.3721  1.2909600000E-06  6.0000000000E-11  9.8152999442E-01  1.3705960682E-03  1  VLT/XSHOOTER
2456451.3721  1.2910200000E-06  6.0000000000E-11  9.9953529576E-01  1.3658176150E-03  1  VLT/XSHOOTER
2456451.3721  1.2910800000E-06  6.0000000000E-11  1.0058879046E+00  1.3529608590E-03  1  VLT/XSHOOTER
2456451.3721  1.2911400000E-06  6.0000000000E-11  1.0031766183E+00  1.3456854139E-03  1  VLT/XSHOOTER
2456451.3721  1.2912000000E-06  6.0000000000E-11  1.0024430804E+00  1.3440926416E-03  1  VLT/XSHOOTER
2456451.3721  1.2912600000E-06  6.0000000000E-11  9.9813720703E-01  1.3433555876E-03  1  VLT/XSHOOTER
2456451.3721  1.2913200000E-06  6.0000000000E-11  9.9147537667E-01  1.3426320212E-03  1  VLT/XSHOOTER
2456451.3721  1.2913800000E-06  6.0000000000E-11  9.8553710938E-01  1.3506674085E-03  1  VLT/XSHOOTER
2456451.3721  1.2914400000E-06  6.0000000000E-11  9.9050913783E-01  1.3684749603E-03  1  VLT/XSHOOTER
2456451.3721  1.2915000000E-06  6.0000000000E-11  9.9644677734E-01  1.3770115716E-03  1  VLT/XSHOOTER
2456451.3721  1.2915600000E-06  6.0000000000E-11  9.9626353237E-01  1.3698979786E-03  1  VLT/XSHOOTER
2456451.3721  1.2916200000E-06  6.0000000000E-11  9.9256159319E-01  1.3849465506E-03  1  VLT/XSHOOTER
2456451.3721  1.2916800000E-06  6.0000000000E-11  9.8912925502E-01  1.4800822394E-03  1  VLT/XSHOOTER
2456451.3721  1.2917400000E-06  6.0000000000E-11  9.9175111607E-01  1.5864859990E-03  1  VLT/XSHOOTER
2456451.3721  1.2918000000E-06  6.0000000000E-11  9.9887095424E-01  1.5978061131E-03  1  VLT/XSHOOTER
2456451.3721  1.2918600000E-06  6.0000000000E-11  9.8821805246E-01  1.4060506821E-03  1  VLT/XSHOOTER
2456451.3721  1.2919200000E-06  6.0000000000E-11  9.8930064174E-01  1.3394081933E-03  1  VLT/XSHOOTER
2456451.3721  1.2919800000E-06  6.0000000000E-11  1.0023249860E+00  1.3517610005E-03  1  VLT/XSHOOTER
2456451.3721  1.2920400000E-06  6.0000000000E-11  1.0130287388E+00  1.3720870699E-03  1  VLT/XSHOOTER
2456451.3721  1.2921000000E-06  6.0000000000E-11  1.0151243722E+00  1.3778502601E-03  1  VLT/XSHOOTER
2456451.3721  1.2921600000E-06  6.0000000000E-11  1.0122041016E+00  1.3672481264E-03  1  VLT/XSHOOTER
2456451.3721  1.2922200000E-06  6.0000000000E-11  1.0075821010E+00  1.3436739785E-03  1  VLT/XSHOOTER
2456451.3721  1.2922800000E-06  6.0000000000E-11  9.9668736049E-01  1.3179637364E-03  1  VLT/XSHOOTER
2456451.3721  1.2923400000E-06  6.0000000000E-11  9.9012144252E-01  1.3013091769E-03  1  VLT/XSHOOTER
2456451.3721  1.2924000000E-06  6.0000000000E-11  9.9499407087E-01  1.3018259321E-03  1  VLT/XSHOOTER
2456451.3721  1.2924600000E-06  6.0000000000E-11  1.0028261719E+00  1.3067669187E-03  1  VLT/XSHOOTER
2456451.3721  1.2925200000E-06  6.0000000000E-11  1.0039550781E+00  1.3232292448E-03  1  VLT/XSHOOTER
2456451.3721  1.2925800000E-06  6.0000000000E-11  1.0053946708E+00  1.3385590145E-03  1  VLT/XSHOOTER
2456451.3721  1.2926400000E-06  6.0000000000E-11  1.0088910435E+00  1.3568949018E-03  1  VLT/XSHOOTER
2456451.3721  1.2927000000E-06  6.0000000000E-11  1.0103842076E+00  1.3646285193E-03  1  VLT/XSHOOTER
2456451.3721  1.2927600000E-06  6.0000000000E-11  1.0090225307E+00  1.3578239168E-03  1  VLT/XSHOOTER
2456451.3721  1.2928200000E-06  6.0000000000E-11  1.0042242606E+00  1.3388139180E-03  1  VLT/XSHOOTER
2456451.3721  1.2928800000E-06  6.0000000000E-11  1.0563458426E+00  1.5480819430E-03  1  VLT/XSHOOTER
2456451.3721  1.2929400000E-06  6.0000000000E-11  1.0921451590E+00  1.6407938004E-03  1  VLT/XSHOOTER
2456451.3721  1.2930000000E-06  6.0000000000E-11  1.0588878348E+00  1.4659738541E-03  1  VLT/XSHOOTER
2456451.3721  1.2930600000E-06  6.0000000000E-11  1.0209166434E+00  1.3568010330E-03  1  VLT/XSHOOTER
2456451.3721  1.2931200000E-06  6.0000000000E-11  9.8560065569E-01  1.2858611516E-03  1  VLT/XSHOOTER
2456451.3721  1.2931800000E-06  6.0000000000E-11  9.8643561663E-01  1.3042993546E-03  1  VLT/XSHOOTER
2456451.3721  1.2932400000E-06  6.0000000000E-11  9.9684926060E-01  1.3296044213E-03  1  VLT/XSHOOTER
2456451.3721  1.2933000000E-06  6.0000000000E-11  1.0047924107E+00  1.3564593451E-03  1  VLT/XSHOOTER
2456451.3721  1.2933600000E-06  6.0000000000E-11  1.0013577706E+00  1.3543808801E-03  1  VLT/XSHOOTER
2456451.3721  1.2934200000E-06  6.0000000000E-11  9.9779617746E-01  1.3466362272E-03  1  VLT/XSHOOTER
2456451.3721  1.2934800000E-06  6.0000000000E-11  9.9389299665E-01  1.3084508351E-03  1  VLT/XSHOOTER
2456451.3721  1.2935400000E-06  6.0000000000E-11  9.8192194475E-01  1.2870728629E-03  1  VLT/XSHOOTER
2456451.3721  1.2936000000E-06  6.0000000000E-11  9.7018889509E-01  1.2631720134E-03  1  VLT/XSHOOTER
2456451.3721  1.2936600000E-06  6.0000000000E-11  9.7387458147E-01  1.2546745028E-03  1  VLT/XSHOOTER
2456451.3721  1.2937200000E-06  6.0000000000E-11  9.8604813058E-01  1.2629733767E-03  1  VLT/XSHOOTER
2456451.3721  1.2937800000E-06  6.0000000000E-11  1.0005042550E+00  1.2841591154E-03  1  VLT/XSHOOTER
2456451.3721  1.2938400000E-06  6.0000000000E-11  1.0032864118E+00  1.3198753084E-03  1  VLT/XSHOOTER
2456451.3721  1.2939000000E-06  6.0000000000E-11  1.0106599470E+00  1.3769706999E-03  1  VLT/XSHOOTER
2456451.3721  1.2939600000E-06  6.0000000000E-11  1.0143123605E+00  1.4128298078E-03  1  VLT/XSHOOTER
2456451.3721  1.2940200000E-06  6.0000000000E-11  1.0159415458E+00  1.4028818948E-03  1  VLT/XSHOOTER
2456451.3721  1.2940800000E-06  6.0000000000E-11  1.0163120815E+00  1.3623916081E-03  1  VLT/XSHOOTER
2456451.3721  1.2941400000E-06  6.0000000000E-11  1.0128067801E+00  1.3215024131E-03  1  VLT/XSHOOTER
2456451.3721  1.2942000000E-06  6.0000000000E-11  1.0091104213E+00  1.3021729333E-03  1  VLT/XSHOOTER
2456451.3721  1.2942600000E-06  6.0000000000E-11  1.0052900391E+00  1.2766530173E-03  1  VLT/XSHOOTER
2456451.3721  1.2943200000E-06  6.0000000000E-11  1.0024852818E+00  1.2663209098E-03  1  VLT/XSHOOTER
2456451.3721  1.2943800000E-06  6.0000000000E-11  1.0021054688E+00  1.2636382239E-03  1  VLT/XSHOOTER
2456451.3721  1.2944400000E-06  6.0000000000E-11  9.9730078125E-01  1.2633004870E-03  1  VLT/XSHOOTER
2456451.3721  1.2945000000E-06  6.0000000000E-11  1.0016943359E+00  1.2792139053E-03  1  VLT/XSHOOTER
2456451.3721  1.2945600000E-06  6.0000000000E-11  1.0038060826E+00  1.2931386403E-03  1  VLT/XSHOOTER
2456451.3721  1.2946200000E-06  6.0000000000E-11  1.0079109235E+00  1.3086828504E-03  1  VLT/XSHOOTER
2456451.3721  1.2946800000E-06  6.0000000000E-11  1.0160089286E+00  1.3251638412E-03  1  VLT/XSHOOTER
2456451.3721  1.2947400000E-06  6.0000000000E-11  1.0176092355E+00  1.3252371379E-03  1  VLT/XSHOOTER
2456451.3721  1.2948000000E-06  6.0000000000E-11  1.0174035296E+00  1.3183487483E-03  1  VLT/XSHOOTER
2456451.3721  1.2948600000E-06  6.0000000000E-11  1.0175191127E+00  1.3021121706E-03  1  VLT/XSHOOTER
2456451.3721  1.2949200000E-06  6.0000000000E-11  1.0118140346E+00  1.2885006496E-03  1  VLT/XSHOOTER
2456451.3721  1.2949800000E-06  6.0000000000E-11  9.9693394252E-01  1.2670211792E-03  1  VLT/XSHOOTER
2456451.3721  1.2950400000E-06  6.0000000000E-11  9.9006919643E-01  1.2530565262E-03  1  VLT/XSHOOTER
2456451.3721  1.2951000000E-06  6.0000000000E-11  9.8444231306E-01  1.2514050347E-03  1  VLT/XSHOOTER
2456451.3721  1.2951600000E-06  6.0000000000E-11  9.8374637277E-01  1.2463677270E-03  1  VLT/XSHOOTER
2456451.3721  1.2952200000E-06  6.0000000000E-11  9.8952148438E-01  1.2597417831E-03  1  VLT/XSHOOTER
2456451.3721  1.2952800000E-06  6.0000000000E-11  9.9525355748E-01  1.2775464739E-03  1  VLT/XSHOOTER
2456451.3721  1.2953400000E-06  6.0000000000E-11  9.8715234375E-01  1.2831136159E-03  1  VLT/XSHOOTER
2456451.3721  1.2954000000E-06  6.0000000000E-11  9.9293847656E-01  1.2975424358E-03  1  VLT/XSHOOTER
2456451.3721  1.2954600000E-06  6.0000000000E-11  1.0061595982E+00  1.3072215489E-03  1  VLT/XSHOOTER
2456451.3721  1.2955200000E-06  6.0000000000E-11  1.0094711914E+00  1.3162542071E-03  1  VLT/XSHOOTER
2456451.3721  1.2955800000E-06  6.0000000000E-11  1.0106967773E+00  1.3094592776E-03  1  VLT/XSHOOTER
2456451.3721  1.2956400000E-06  6.0000000000E-11  1.0101544364E+00  1.2881398882E-03  1  VLT/XSHOOTER
2456451.3721  1.2957000000E-06  6.0000000000E-11  1.0091506696E+00  1.2813656671E-03  1  VLT/XSHOOTER
2456451.3721  1.2957600000E-06  6.0000000000E-11  1.0021713170E+00  1.2655220032E-03  1  VLT/XSHOOTER
2456451.3721  1.2958200000E-06  6.0000000000E-11  9.9942361886E-01  1.2523265566E-03  1  VLT/XSHOOTER
2456451.3721  1.2958800000E-06  6.0000000000E-11  1.0002672294E+00  1.2459912981E-03  1  VLT/XSHOOTER
2456451.3721  1.2959400000E-06  6.0000000000E-11  1.0057721819E+00  1.2533792768E-03  1  VLT/XSHOOTER
2456451.3721  1.2960000000E-06  6.0000000000E-11  1.0089196429E+00  1.2674146380E-03  1  VLT/XSHOOTER
2456451.3721  1.2960600000E-06  6.0000000000E-11  1.0093440988E+00  1.2853884016E-03  1  VLT/XSHOOTER
2456451.3721  1.2961200000E-06  6.0000000000E-11  1.0060802176E+00  1.2948581151E-03  1  VLT/XSHOOTER
2456451.3721  1.2961800000E-06  6.0000000000E-11  1.0129665179E+00  1.3049488068E-03  1  VLT/XSHOOTER
2456451.3721  1.2962400000E-06  6.0000000000E-11  1.0091949637E+00  1.3053231921E-03  1  VLT/XSHOOTER
2456451.3721  1.2963000000E-06  6.0000000000E-11  1.0041654576E+00  1.2995749882E-03  1  VLT/XSHOOTER
2456451.3721  1.2963600000E-06  6.0000000000E-11  1.0067019392E+00  1.2904228483E-03  1  VLT/XSHOOTER
2456451.3721  1.2964200000E-06  6.0000000000E-11  1.0099252930E+00  1.2721625737E-03  1  VLT/XSHOOTER
2456451.3721  1.2964800000E-06  6.0000000000E-11  1.0055004883E+00  1.2543445315E-03  1  VLT/XSHOOTER
2456451.3721  1.2965400000E-06  6.0000000000E-11  9.9817508371E-01  1.2370200838E-03  1  VLT/XSHOOTER
2456451.3721  1.2966000000E-06  6.0000000000E-11  9.9330280413E-01  1.2303340094E-03  1  VLT/XSHOOTER
2456451.3721  1.2966600000E-06  6.0000000000E-11  9.9878662109E-01  1.2393469129E-03  1  VLT/XSHOOTER
2456451.3721  1.2967200000E-06  6.0000000000E-11  1.0059529855E+00  1.2573931558E-03  1  VLT/XSHOOTER
2456451.3721  1.2967800000E-06  6.0000000000E-11  9.4563623047E-01  1.3778922217E-03  1  VLT/XSHOOTER
2456451.3721  1.2968400000E-06  6.0000000000E-11  9.3999958147E-01  1.3919428417E-03  1  VLT/XSHOOTER
2456451.3721  1.2969000000E-06  6.0000000000E-11  9.7763427734E-01  1.2676604135E-03  1  VLT/XSHOOTER
2456451.3721  1.2969600000E-06  6.0000000000E-11  9.0660679408E-01  1.3321663993E-03  1  VLT/XSHOOTER
2456451.3721  1.2970200000E-06  6.0000000000E-11  9.6188539342E-01  1.2699648993E-03  1  VLT/XSHOOTER
2456451.3721  1.2970800000E-06  6.0000000000E-11  9.8058468192E-01  1.2721043995E-03  1  VLT/XSHOOTER
2456451.3721  1.2971400000E-06  6.0000000000E-11  9.9622726004E-01  1.2790211269E-03  1  VLT/XSHOOTER
2456451.3721  1.2972000000E-06  6.0000000000E-11  1.0121878488E+00  1.2781994683E-03  1  VLT/XSHOOTER
2456451.3721  1.2972600000E-06  6.0000000000E-11  1.0127221680E+00  1.2661650521E-03  1  VLT/XSHOOTER
2456451.3721  1.2973200000E-06  6.0000000000E-11  1.0021624581E+00  1.2570013319E-03  1  VLT/XSHOOTER
2456451.3721  1.2973800000E-06  6.0000000000E-11  9.7833670480E-01  1.2335687365E-03  1  VLT/XSHOOTER
2456451.3721  1.2974400000E-06  6.0000000000E-11  9.2965290179E-01  1.1958577292E-03  1  VLT/XSHOOTER
2456451.3721  1.2975000000E-06  6.0000000000E-11  9.0036090960E-01  1.4769118173E-03  1  VLT/XSHOOTER
2456451.3721  1.2975600000E-06  6.0000000000E-11  9.3667961775E-01  1.5852804184E-03  1  VLT/XSHOOTER
2456451.3721  1.2976200000E-06  6.0000000000E-11  9.8509953962E-01  1.6314956120E-03  1  VLT/XSHOOTER
2456451.3721  1.2976800000E-06  6.0000000000E-11  1.0295010463E+00  1.5327750615E-03  1  VLT/XSHOOTER
2456451.3721  1.2977400000E-06  6.0000000000E-11  1.0110448521E+00  1.2586883817E-03  1  VLT/XSHOOTER
2456451.3721  1.2978000000E-06  6.0000000000E-11  1.0151981724E+00  1.2747438976E-03  1  VLT/XSHOOTER
2456451.3721  1.2978600000E-06  6.0000000000E-11  1.0115977260E+00  1.2783214024E-03  1  VLT/XSHOOTER
2456451.3721  1.2979200000E-06  6.0000000000E-11  1.0066572266E+00  1.2814499991E-03  1  VLT/XSHOOTER
2456451.3721  1.2979800000E-06  6.0000000000E-11  1.0120365513E+00  1.2847059795E-03  1  VLT/XSHOOTER
2456451.3721  1.2980400000E-06  6.0000000000E-11  1.0182851562E+00  1.2838016238E-03  1  VLT/XSHOOTER
2456451.3721  1.2981000000E-06  6.0000000000E-11  1.0152764369E+00  1.3008075442E-03  1  VLT/XSHOOTER
2456451.3721  1.2981600000E-06  6.0000000000E-11  1.0120315290E+00  1.3824411120E-03  1  VLT/XSHOOTER
2456451.3721  1.2982200000E-06  6.0000000000E-11  1.0115799386E+00  1.4156059538E-03  1  VLT/XSHOOTER
2456451.3721  1.2982800000E-06  6.0000000000E-11  1.0124530552E+00  1.3241438184E-03  1  VLT/XSHOOTER
2456451.3721  1.2983400000E-06  6.0000000000E-11  1.0108668387E+00  1.2472030095E-03  1  VLT/XSHOOTER
2456451.3721  1.2984000000E-06  6.0000000000E-11  1.0092151228E+00  1.2377431052E-03  1  VLT/XSHOOTER
2456451.3721  1.2984600000E-06  6.0000000000E-11  1.0291642020E+00  2.0810786656E-03  1  VLT/XSHOOTER
2456451.3721  1.2985200000E-06  6.0000000000E-11  1.0100140206E+00  1.3167651040E-03  1  VLT/XSHOOTER
2456451.3721  1.2985800000E-06  6.0000000000E-11  1.0055714983E+00  3.3364380428E-03  1  VLT/XSHOOTER
2456451.3721  1.2986400000E-06  6.0000000000E-11  1.0043738142E+00  1.2470660891E-03  1  VLT/XSHOOTER
2456451.3721  1.2987000000E-06  6.0000000000E-11  1.0467633231E+00  1.3722808020E-03  1  VLT/XSHOOTER
2456451.3721  1.2987600000E-06  6.0000000000E-11  1.0627386998E+00  1.4168084008E-03  1  VLT/XSHOOTER
2456451.3721  1.2988200000E-06  6.0000000000E-11  1.0155136021E+00  1.2799737113E-03  1  VLT/XSHOOTER
2456451.3721  1.2988800000E-06  6.0000000000E-11  1.0207792969E+00  1.2785219465E-03  1  VLT/XSHOOTER
2456451.3721  1.2989400000E-06  6.0000000000E-11  1.0234482422E+00  1.2769987924E-03  1  VLT/XSHOOTER
2456451.3721  1.2990000000E-06  6.0000000000E-11  1.0166436942E+00  1.2725012643E-03  1  VLT/XSHOOTER
2456451.3721  1.2990600000E-06  6.0000000000E-11  9.8635679408E-01  1.2401388713E-03  1  VLT/XSHOOTER
2456451.3721  1.2991200000E-06  6.0000000000E-11  9.6656354632E-01  1.2207666125E-03  1  VLT/XSHOOTER
2456451.3721  1.2991800000E-06  6.0000000000E-11  9.8140436663E-01  1.2218550273E-03  1  VLT/XSHOOTER
2456451.3721  1.2992400000E-06  6.0000000000E-11  1.0041162109E+00  1.2220949445E-03  1  VLT/XSHOOTER
2456451.3721  1.2993000000E-06  6.0000000000E-11  1.0017208426E+00  1.2116359983E-03  1  VLT/XSHOOTER
2456451.3721  1.2993600000E-06  6.0000000000E-11  9.8661718750E-01  1.1977036340E-03  1  VLT/XSHOOTER
2456451.3721  1.2994200000E-06  6.0000000000E-11  9.8118275670E-01  1.1922249113E-03  1  VLT/XSHOOTER
2456451.3721  1.2994800000E-06  6.0000000000E-11  9.9675955636E-01  1.2008575712E-03  1  VLT/XSHOOTER
2456451.3721  1.2995400000E-06  6.0000000000E-11  1.0078913923E+00  1.2114899499E-03  1  VLT/XSHOOTER
2456451.3721  1.2996000000E-06  6.0000000000E-11  1.0107609515E+00  1.2177595411E-03  1  VLT/XSHOOTER
2456451.3721  1.2996600000E-06  6.0000000000E-11  1.0101157924E+00  1.2301458631E-03  1  VLT/XSHOOTER
2456451.3721  1.2997200000E-06  6.0000000000E-11  1.0121466936E+00  1.2436730521E-03  1  VLT/XSHOOTER
2456451.3721  1.2997800000E-06  6.0000000000E-11  1.0165853097E+00  1.2514450891E-03  1  VLT/XSHOOTER
2456451.3721  1.2998400000E-06  6.0000000000E-11  1.0191466936E+00  1.2615357808E-03  1  VLT/XSHOOTER
2456451.3721  1.2999000000E-06  6.0000000000E-11  1.0054698661E+00  1.2757590158E-03  1  VLT/XSHOOTER
2456451.3721  1.2999600000E-06  6.0000000000E-11  9.7725467355E-01  1.2922894614E-03  1  VLT/XSHOOTER
