2456451.3721  4.8400000000E-07  1.9900497512E-12  9.1249981916E-01  5.7484870487E-03  1  VLT/XSHOOTER
2456451.3721  4.8402000000E-07  1.9900497512E-12  9.2606553819E-01  5.7678900825E-03  1  VLT/XSHOOTER
2456451.3721  4.8404000000E-07  1.9900497512E-12  8.9544741030E-01  5.6932442277E-03  1  VLT/XSHOOTER
2456451.3721  4.8406000000E-07  1.9900497512E-12  9.3034315321E-01  5.7911470201E-03  1  VLT/XSHOOTER
2456451.3721  4.8408000000E-07  1.9900497512E-12  1.0299698893E+00  6.0402269717E-03  1  VLT/XSHOOTER
2456451.3721  4.8410000000E-07  1.9900497512E-12  1.0808872251E+00  6.1513611122E-03  1  VLT/XSHOOTER
2456451.3721  4.8412000000E-07  1.9900497512E-12  1.0613207104E+00  6.1002681873E-03  1  VLT/XSHOOTER
2456451.3721  4.8414000000E-07  1.9900497512E-12  1.0309102828E+00  6.0468857377E-03  1  VLT/XSHOOTER
2456451.3721  4.8416000000E-07  1.9900497512E-12  1.0343239113E+00  6.0472679138E-03  1  VLT/XSHOOTER
2456451.3721  4.8418000000E-07  1.9900497512E-12  1.0756589084E+00  6.1266892045E-03  1  VLT/XSHOOTER
2456451.3721  4.8420000000E-07  1.9900497512E-12  1.0786298286E+00  6.1369712264E-03  1  VLT/XSHOOTER
2456451.3721  4.8422000000E-07  1.9900497512E-12  1.0274234122E+00  6.0203425090E-03  1  VLT/XSHOOTER
2456451.3721  4.8424000000E-07  1.9900497512E-12  9.3663782190E-01  5.7594027343E-03  1  VLT/XSHOOTER
2456451.3721  4.8426000000E-07  1.9900497512E-12  8.7096408420E-01  5.5811405182E-03  1  VLT/XSHOOTER
2456451.3721  4.8428000000E-07  1.9900497512E-12  8.6315321181E-01  5.5560836086E-03  1  VLT/XSHOOTER
2456451.3721  4.8430000000E-07  1.9900497512E-12  9.0275960286E-01  5.6660207113E-03  1  VLT/XSHOOTER
2456451.3721  4.8432000000E-07  1.9900497512E-12  9.8028654876E-01  5.8860029998E-03  1  VLT/XSHOOTER
2456451.3721  4.8434000000E-07  1.9900497512E-12  1.0030030201E+00  5.9115568797E-03  1  VLT/XSHOOTER
2456451.3721  4.8436000000E-07  1.9900497512E-12  9.5316569010E-01  5.8142488974E-03  1  VLT/XSHOOTER
2456451.3721  4.8438000000E-07  1.9900497512E-12  9.6046495226E-01  5.8214078126E-03  1  VLT/XSHOOTER
2456451.3721  4.8440000000E-07  1.9900497512E-12  9.9469880281E-01  5.8934748614E-03  1  VLT/XSHOOTER
2456451.3721  4.8442000000E-07  1.9900497512E-12  1.0637455693E+00  6.0784940366E-03  1  VLT/XSHOOTER
2456451.3721  4.8444000000E-07  1.9900497512E-12  1.1040118634E+00  6.1740585610E-03  1  VLT/XSHOOTER
2456451.3721  4.8446000000E-07  1.9900497512E-12  1.1189133030E+00  6.1965963576E-03  1  VLT/XSHOOTER
2456451.3721  4.8448000000E-07  1.9900497512E-12  1.1216796875E+00  6.1967171563E-03  1  VLT/XSHOOTER
2456451.3721  4.8450000000E-07  1.9900497512E-12  1.0843390119E+00  6.1113717821E-03  1  VLT/XSHOOTER
2456451.3721  4.8452000000E-07  1.9900497512E-12  1.0515308521E+00  6.0068745083E-03  1  VLT/XSHOOTER
2456451.3721  4.8454000000E-07  1.9900497512E-12  1.0569511357E+00  6.0190843653E-03  1  VLT/XSHOOTER
2456451.3721  4.8456000000E-07  1.9900497512E-12  1.1010081199E+00  6.1181887874E-03  1  VLT/XSHOOTER
2456451.3721  4.8458000000E-07  1.9900497512E-12  1.1059448242E+00  6.1261770460E-03  1  VLT/XSHOOTER
2456451.3721  4.8460000000E-07  1.9900497512E-12  1.0833789062E+00  6.0593555592E-03  1  VLT/XSHOOTER
2456451.3721  4.8462000000E-07  1.9900497512E-12  1.1044747360E+00  6.1089671100E-03  1  VLT/XSHOOTER
2456451.3721  4.8464000000E-07  1.9900497512E-12  1.1367623336E+00  6.2026327628E-03  1  VLT/XSHOOTER
2456451.3721  4.8466000000E-07  1.9900497512E-12  1.1174553313E+00  6.1295700073E-03  1  VLT/XSHOOTER
2456451.3721  4.8468000000E-07  1.9900497512E-12  1.0632126194E+00  5.9825275562E-03  1  VLT/XSHOOTER
2456451.3721  4.8470000000E-07  1.9900497512E-12  1.0343062789E+00  5.9219770078E-03  1  VLT/XSHOOTER
2456451.3721  4.8472000000E-07  1.9900497512E-12  1.0677407950E+00  5.9816374602E-03  1  VLT/XSHOOTER
2456451.3721  4.8474000000E-07  1.9900497512E-12  1.1175800239E+00  6.0994204768E-03  1  VLT/XSHOOTER
2456451.3721  4.8476000000E-07  1.9900497512E-12  1.1004776114E+00  6.0799916585E-03  1  VLT/XSHOOTER
2456451.3721  4.8478000000E-07  1.9900497512E-12  1.0309255642E+00  5.8952070166E-03  1  VLT/XSHOOTER
2456451.3721  4.8480000000E-07  1.9900497512E-12  9.6846254702E-01  5.7346587711E-03  1  VLT/XSHOOTER
2456451.3721  4.8482000000E-07  1.9900497512E-12  9.4537163628E-01  5.6591108110E-03  1  VLT/XSHOOTER
2456451.3721  4.8484000000E-07  1.9900497512E-12  9.3614610460E-01  5.6320024420E-03  1  VLT/XSHOOTER
2456451.3721  4.8486000000E-07  1.9900497512E-12  9.3928927951E-01  5.6421866240E-03  1  VLT/XSHOOTER
2456451.3721  4.8488000000E-07  1.9900497512E-12  9.8065104167E-01  5.7484248832E-03  1  VLT/XSHOOTER
2456451.3721  4.8490000000E-07  1.9900497512E-12  1.0294892940E+00  5.8665918421E-03  1  VLT/XSHOOTER
2456451.3721  4.8492000000E-07  1.9900497512E-12  1.0757235605E+00  5.9885222824E-03  1  VLT/XSHOOTER
2456451.3721  4.8494000000E-07  1.9900497512E-12  1.0924090350E+00  6.0506615815E-03  1  VLT/XSHOOTER
2456451.3721  4.8496000000E-07  1.9900497512E-12  1.1388386140E+00  6.1330258405E-03  1  VLT/XSHOOTER
2456451.3721  4.8498000000E-07  1.9900497512E-12  1.1600396955E+00  6.1856933876E-03  1  VLT/XSHOOTER
2456451.3721  4.8500000000E-07  1.9900497512E-12  1.1759980830E+00  6.2280556008E-03  1  VLT/XSHOOTER
2456451.3721  4.8502000000E-07  1.9900497512E-12  1.1842700195E+00  6.2303034465E-03  1  VLT/XSHOOTER
2456451.3721  4.8504000000E-07  1.9900497512E-12  1.1671725803E+00  6.1880422522E-03  1  VLT/XSHOOTER
2456451.3721  4.8506000000E-07  1.9900497512E-12  1.1510190611E+00  6.1292930886E-03  1  VLT/XSHOOTER
2456451.3721  4.8508000000E-07  1.9900497512E-12  1.0586378762E+00  5.8985173261E-03  1  VLT/XSHOOTER
2456451.3721  4.8510000000E-07  1.9900497512E-12  9.3462049696E-01  5.5963155958E-03  1  VLT/XSHOOTER
2456451.3721  4.8512000000E-07  1.9900497512E-12  9.0740234375E-01  5.5181633985E-03  1  VLT/XSHOOTER
2456451.3721  4.8514000000E-07  1.9900497512E-12  1.0065317564E+00  5.7665718926E-03  1  VLT/XSHOOTER
2456451.3721  4.8516000000E-07  1.9900497512E-12  1.0819234664E+00  5.9290681062E-03  1  VLT/XSHOOTER
2456451.3721  4.8518000000E-07  1.9900497512E-12  1.0948825412E+00  5.9512555158E-03  1  VLT/XSHOOTER
2456451.3721  4.8520000000E-07  1.9900497512E-12  1.0820820674E+00  5.9230981050E-03  1  VLT/XSHOOTER
2456451.3721  4.8522000000E-07  1.9900497512E-12  1.0647727684E+00  5.8689018532E-03  1  VLT/XSHOOTER
2456451.3721  4.8524000000E-07  1.9900497512E-12  1.1011186162E+00  5.9639648155E-03  1  VLT/XSHOOTER
2456451.3721  4.8526000000E-07  1.9900497512E-12  1.1278975875E+00  6.0458748429E-03  1  VLT/XSHOOTER
2456451.3721  4.8528000000E-07  1.9900497512E-12  1.1448012514E+00  6.0685355575E-03  1  VLT/XSHOOTER
2456451.3721  4.8530000000E-07  1.9900497512E-12  1.1388874421E+00  6.0363169070E-03  1  VLT/XSHOOTER
2456451.3721  4.8532000000E-07  1.9900497512E-12  1.1173126447E+00  5.9989053232E-03  1  VLT/XSHOOTER
2456451.3721  4.8534000000E-07  1.9900497512E-12  1.0991500289E+00  5.9608134517E-03  1  VLT/XSHOOTER
2456451.3721  4.8536000000E-07  1.9900497512E-12  1.1013344546E+00  5.9406287582E-03  1  VLT/XSHOOTER
2456451.3721  4.8538000000E-07  1.9900497512E-12  1.1298929398E+00  6.0203213162E-03  1  VLT/XSHOOTER
2456451.3721  4.8540000000E-07  1.9900497512E-12  1.1194530346E+00  5.9788244742E-03  1  VLT/XSHOOTER
2456451.3721  4.8542000000E-07  1.9900497512E-12  1.0946707718E+00  5.9104205944E-03  1  VLT/XSHOOTER
2456451.3721  4.8544000000E-07  1.9900497512E-12  1.0293486871E+00  5.7635999609E-03  1  VLT/XSHOOTER
2456451.3721  4.8546000000E-07  1.9900497512E-12  1.0206259946E+00  5.7245862042E-03  1  VLT/XSHOOTER
2456451.3721  4.8548000000E-07  1.9900497512E-12  9.8594337746E-01  5.6333181593E-03  1  VLT/XSHOOTER
2456451.3721  4.8550000000E-07  1.9900497512E-12  9.3152985749E-01  5.4977077908E-03  1  VLT/XSHOOTER
2456451.3721  4.8552000000E-07  1.9900497512E-12  9.0172290943E-01  5.4115715733E-03  1  VLT/XSHOOTER
2456451.3721  4.8554000000E-07  1.9900497512E-12  9.2489791305E-01  5.4717159271E-03  1  VLT/XSHOOTER
2456451.3721  4.8556000000E-07  1.9900497512E-12  1.0057201244E+00  5.6604131063E-03  1  VLT/XSHOOTER
2456451.3721  4.8558000000E-07  1.9900497512E-12  1.1125102177E+00  5.9331434744E-03  1  VLT/XSHOOTER
2456451.3721  4.8560000000E-07  1.9900497512E-12  1.2475767687E+00  6.2385177612E-03  1  VLT/XSHOOTER
2456451.3721  4.8562000000E-07  1.9900497512E-12  1.3483981662E+00  6.4644439132E-03  1  VLT/XSHOOTER
2456451.3721  4.8564000000E-07  1.9900497512E-12  1.3987905093E+00  6.5889966046E-03  1  VLT/XSHOOTER
2456451.3721  4.8566000000E-07  1.9900497512E-12  1.4330384657E+00  6.6506138554E-03  1  VLT/XSHOOTER
2456451.3721  4.8568000000E-07  1.9900497512E-12  1.4132894784E+00  6.6196378072E-03  1  VLT/XSHOOTER
2456451.3721  4.8570000000E-07  1.9900497512E-12  1.4341867405E+00  6.6600877267E-03  1  VLT/XSHOOTER
2456451.3721  4.8572000000E-07  1.9900497512E-12  1.5559400318E+00  6.8956071359E-03  1  VLT/XSHOOTER
2456451.3721  4.8574000000E-07  1.9900497512E-12  1.7073573134E+00  7.2057102345E-03  1  VLT/XSHOOTER
2456451.3721  4.8576000000E-07  1.9900497512E-12  1.8517292390E+00  7.4645190769E-03  1  VLT/XSHOOTER
2456451.3721  4.8578000000E-07  1.9900497512E-12  2.0042272497E+00  7.7718494557E-03  1  VLT/XSHOOTER
2456451.3721  4.8580000000E-07  1.9900497512E-12  2.2398920356E+00  8.1950901173E-03  1  VLT/XSHOOTER
2456451.3721  4.8582000000E-07  1.9900497512E-12  2.6041299552E+00  8.7904548645E-03  1  VLT/XSHOOTER
2456451.3721  4.8584000000E-07  1.9900497512E-12  2.9515275969E+00  9.3666754829E-03  1  VLT/XSHOOTER
2456451.3721  4.8586000000E-07  1.9900497512E-12  3.3409989873E+00  9.9546368917E-03  1  VLT/XSHOOTER
2456451.3721  4.8588000000E-07  1.9900497512E-12  3.8590523727E+00  1.0687528540E-02  1  VLT/XSHOOTER
2456451.3721  4.8590000000E-07  1.9900497512E-12  4.4070753762E+00  1.1409555365E-02  1  VLT/XSHOOTER
2456451.3721  4.8592000000E-07  1.9900497512E-12  4.9051960359E+00  1.2062153286E-02  1  VLT/XSHOOTER
2456451.3721  4.8594000000E-07  1.9900497512E-12  5.2983763744E+00  1.2549680074E-02  1  VLT/XSHOOTER
2456451.3721  4.8596000000E-07  1.9900497512E-12  5.6635655382E+00  1.2953869855E-02  1  VLT/XSHOOTER
2456451.3721  4.8598000000E-07  1.9900497512E-12  5.7946502459E+00  1.3100874159E-02  1  VLT/XSHOOTER
2456451.3721  4.8600000000E-07  1.9900497512E-12  5.6748632812E+00  1.2965774536E-02  1  VLT/XSHOOTER
2456451.3721  4.8602000000E-07  1.9900497512E-12  5.3448744936E+00  1.2633809690E-02  1  VLT/XSHOOTER
2456451.3721  4.8604000000E-07  1.9900497512E-12  4.9095797164E+00  1.2071463973E-02  1  VLT/XSHOOTER
2456451.3721  4.8606000000E-07  1.9900497512E-12  4.5029955150E+00  1.1538569839E-02  1  VLT/XSHOOTER
2456451.3721  4.8608000000E-07  1.9900497512E-12  4.2338617622E+00  1.1169938688E-02  1  VLT/XSHOOTER
2456451.3721  4.8610000000E-07  1.9900497512E-12  4.0902155671E+00  1.0977404559E-02  1  VLT/XSHOOTER
2456451.3721  4.8612000000E-07  1.9900497512E-12  4.1025701678E+00  1.0969727834E-02  1  VLT/XSHOOTER
2456451.3721  4.8614000000E-07  1.9900497512E-12  4.2300802951E+00  1.1139293953E-02  1  VLT/XSHOOTER
2456451.3721  4.8616000000E-07  1.9900497512E-12  4.4965404369E+00  1.1490292726E-02  1  VLT/XSHOOTER
2456451.3721  4.8618000000E-07  1.9900497512E-12  4.8551627604E+00  1.1915831389E-02  1  VLT/XSHOOTER
2456451.3721  4.8620000000E-07  1.9900497512E-12  5.1686414931E+00  1.2309676276E-02  1  VLT/XSHOOTER
2456451.3721  4.8622000000E-07  1.9900497512E-12  5.3434924769E+00  1.2493108114E-02  1  VLT/XSHOOTER
2456451.3721  4.8624000000E-07  1.9900497512E-12  5.3242039207E+00  1.2488496568E-02  1  VLT/XSHOOTER
2456451.3721  4.8626000000E-07  1.9900497512E-12  5.1622554977E+00  1.2275911967E-02  1  VLT/XSHOOTER
2456451.3721  4.8628000000E-07  1.9900497512E-12  4.7715017361E+00  1.1793138716E-02  1  VLT/XSHOOTER
2456451.3721  4.8630000000E-07  1.9900497512E-12  4.2768395544E+00  1.1115457040E-02  1  VLT/XSHOOTER
2456451.3721  4.8632000000E-07  1.9900497512E-12  3.7038158275E+00  1.0336088958E-02  1  VLT/XSHOOTER
2456451.3721  4.8634000000E-07  1.9900497512E-12  3.1948480903E+00  9.5995839437E-03  1  VLT/XSHOOTER
2456451.3721  4.8636000000E-07  1.9900497512E-12  2.8024772135E+00  8.9993158976E-03  1  VLT/XSHOOTER
2456451.3721  4.8638000000E-07  1.9900497512E-12  2.4525613064E+00  8.4090063307E-03  1  VLT/XSHOOTER
2456451.3721  4.8640000000E-07  1.9900497512E-12  2.1478846571E+00  7.8651279873E-03  1  VLT/XSHOOTER
2456451.3721  4.8642000000E-07  1.9900497512E-12  1.8650424986E+00  7.3554371021E-03  1  VLT/XSHOOTER
2456451.3721  4.8644000000E-07  1.9900497512E-12  1.6182785373E+00  6.8439815663E-03  1  VLT/XSHOOTER
2456451.3721  4.8646000000E-07  1.9900497512E-12  1.5161715133E+00  6.6411258556E-03  1  VLT/XSHOOTER
2456451.3721  4.8648000000E-07  1.9900497512E-12  1.4872535084E+00  6.5758479083E-03  1  VLT/XSHOOTER
2456451.3721  4.8650000000E-07  1.9900497512E-12  1.3926112196E+00  6.3729978491E-03  1  VLT/XSHOOTER
2456451.3721  4.8652000000E-07  1.9900497512E-12  1.2910736762E+00  6.1504462913E-03  1  VLT/XSHOOTER
2456451.3721  4.8654000000E-07  1.9900497512E-12  1.2231282552E+00  5.9560789885E-03  1  VLT/XSHOOTER
2456451.3721  4.8656000000E-07  1.9900497512E-12  1.1606912797E+00  5.8336250870E-03  1  VLT/XSHOOTER
2456451.3721  4.8658000000E-07  1.9900497512E-12  1.0689398872E+00  5.6245726126E-03  1  VLT/XSHOOTER
2456451.3721  4.8660000000E-07  1.9900497512E-12  1.0631521267E+00  5.6031492021E-03  1  VLT/XSHOOTER
2456451.3721  4.8662000000E-07  1.9900497512E-12  1.1198965567E+00  5.7297618301E-03  1  VLT/XSHOOTER
2456451.3721  4.8664000000E-07  1.9900497512E-12  1.1837415003E+00  5.8646385758E-03  1  VLT/XSHOOTER
2456451.3721  4.8666000000E-07  1.9900497512E-12  1.2027856445E+00  5.9018166860E-03  1  VLT/XSHOOTER
2456451.3721  4.8668000000E-07  1.9900497512E-12  1.1962553349E+00  5.8885461313E-03  1  VLT/XSHOOTER
2456451.3721  4.8670000000E-07  1.9900497512E-12  1.1295131655E+00  5.7373297656E-03  1  VLT/XSHOOTER
2456451.3721  4.8672000000E-07  1.9900497512E-12  1.0427254232E+00  5.5222472438E-03  1  VLT/XSHOOTER
2456451.3721  4.8674000000E-07  1.9900497512E-12  9.8016511140E-01  5.3784607075E-03  1  VLT/XSHOOTER
2456451.3721  4.8676000000E-07  1.9900497512E-12  9.4093967014E-01  5.2762402429E-03  1  VLT/XSHOOTER
2456451.3721  4.8678000000E-07  1.9900497512E-12  9.1327962240E-01  5.2066057700E-03  1  VLT/XSHOOTER
2456451.3721  4.8680000000E-07  1.9900497512E-12  9.2825276693E-01  5.2343167199E-03  1  VLT/XSHOOTER
2456451.3721  4.8682000000E-07  1.9900497512E-12  1.0323990885E+00  5.4887725689E-03  1  VLT/XSHOOTER
2456451.3721  4.8684000000E-07  1.9900497512E-12  1.1214094148E+00  5.6884846864E-03  1  VLT/XSHOOTER
2456451.3721  4.8686000000E-07  1.9900497512E-12  1.1580237269E+00  5.7865478374E-03  1  VLT/XSHOOTER
2456451.3721  4.8688000000E-07  1.9900497512E-12  1.1430289714E+00  5.7494371909E-03  1  VLT/XSHOOTER
2456451.3721  4.8690000000E-07  1.9900497512E-12  1.1095466218E+00  5.6787003411E-03  1  VLT/XSHOOTER
2456451.3721  4.8692000000E-07  1.9900497512E-12  1.1065209057E+00  5.6572458479E-03  1  VLT/XSHOOTER
2456451.3721  4.8694000000E-07  1.9900497512E-12  1.1030881076E+00  5.6430986192E-03  1  VLT/XSHOOTER
2456451.3721  4.8696000000E-07  1.9900497512E-12  1.0225815611E+00  5.4658571879E-03  1  VLT/XSHOOTER
2456451.3721  4.8698000000E-07  1.9900497512E-12  9.8306957104E-01  5.3560995173E-03  1  VLT/XSHOOTER
2456451.3721  4.8700000000E-07  1.9900497512E-12  1.0259851526E+00  5.4491375111E-03  1  VLT/XSHOOTER
2456451.3721  4.8702000000E-07  1.9900497512E-12  9.9587103950E-01  5.3682744062E-03  1  VLT/XSHOOTER
2456451.3721  4.8704000000E-07  1.9900497512E-12  8.9919858579E-01  5.1236050217E-03  1  VLT/XSHOOTER
2456451.3721  4.8706000000E-07  1.9900497512E-12  7.6884738498E-01  4.8116041113E-03  1  VLT/XSHOOTER
2456451.3721  4.8708000000E-07  1.9900497512E-12  6.7295563874E-01  4.5224829073E-03  1  VLT/XSHOOTER
2456451.3721  4.8710000000E-07  1.9900497512E-12  6.5057052047E-01  4.4399212025E-03  1  VLT/XSHOOTER
2456451.3721  4.8712000000E-07  1.9900497512E-12  7.1735134549E-01  4.5926673324E-03  1  VLT/XSHOOTER
2456451.3721  4.8714000000E-07  1.9900497512E-12  7.2932694047E-01  4.6244402285E-03  1  VLT/XSHOOTER
2456451.3721  4.8716000000E-07  1.9900497512E-12  6.7158655237E-01  4.4651119797E-03  1  VLT/XSHOOTER
2456451.3721  4.8718000000E-07  1.9900497512E-12  6.6003910771E-01  4.4511413574E-03  1  VLT/XSHOOTER
2456451.3721  4.8720000000E-07  1.9900497512E-12  7.7849292896E-01  4.7594960531E-03  1  VLT/XSHOOTER
2456451.3721  4.8722000000E-07  1.9900497512E-12  9.4137613932E-01  5.1650100284E-03  1  VLT/XSHOOTER
2456451.3721  4.8724000000E-07  1.9900497512E-12  1.0297350622E+00  5.3861141205E-03  1  VLT/XSHOOTER
2456451.3721  4.8726000000E-07  1.9900497512E-12  1.0503262442E+00  5.4467317793E-03  1  VLT/XSHOOTER
2456451.3721  4.8728000000E-07  1.9900497512E-12  1.0096941913E+00  5.3457786419E-03  1  VLT/XSHOOTER
2456451.3721  4.8730000000E-07  1.9900497512E-12  9.7170184100E-01  5.2649469729E-03  1  VLT/XSHOOTER
2456451.3721  4.8732000000E-07  1.9900497512E-12  9.8522885923E-01  5.2753897066E-03  1  VLT/XSHOOTER
2456451.3721  4.8734000000E-07  1.9900497512E-12  1.0396962710E+00  5.4189837420E-03  1  VLT/XSHOOTER
2456451.3721  4.8736000000E-07  1.9900497512E-12  1.0717691153E+00  5.4853831397E-03  1  VLT/XSHOOTER
2456451.3721  4.8738000000E-07  1.9900497512E-12  1.0751201714E+00  5.4886658986E-03  1  VLT/XSHOOTER
2456451.3721  4.8740000000E-07  1.9900497512E-12  1.0512306496E+00  5.4287288807E-03  1  VLT/XSHOOTER
2456451.3721  4.8742000000E-07  1.9900497512E-12  1.0568839518E+00  5.4448314949E-03  1  VLT/XSHOOTER
2456451.3721  4.8744000000E-07  1.9900497512E-12  1.0340466761E+00  5.3795397723E-03  1  VLT/XSHOOTER
2456451.3721  4.8746000000E-07  1.9900497512E-12  1.0100113932E+00  5.3092850579E-03  1  VLT/XSHOOTER
2456451.3721  4.8748000000E-07  1.9900497512E-12  9.7949155454E-01  5.2175719650E-03  1  VLT/XSHOOTER
2456451.3721  4.8750000000E-07  1.9900497512E-12  8.9470829716E-01  5.0350206870E-03  1  VLT/XSHOOTER
2456451.3721  4.8752000000E-07  1.9900497512E-12  8.6123164424E-01  4.9282787464E-03  1  VLT/XSHOOTER
2456451.3721  4.8754000000E-07  1.9900497512E-12  8.7611563223E-01  4.9596316726E-03  1  VLT/XSHOOTER
2456451.3721  4.8756000000E-07  1.9900497512E-12  9.3697781033E-01  5.1085994862E-03  1  VLT/XSHOOTER
2456451.3721  4.8758000000E-07  1.9900497512E-12  1.0066823098E+00  5.2690700248E-03  1  VLT/XSHOOTER
2456451.3721  4.8760000000E-07  1.9900497512E-12  1.0603518338E+00  5.4089574461E-03  1  VLT/XSHOOTER
2456451.3721  4.8762000000E-07  1.9900497512E-12  1.1033855975E+00  5.5070555652E-03  1  VLT/XSHOOTER
2456451.3721  4.8764000000E-07  1.9900497512E-12  1.1454626013E+00  5.5930575618E-03  1  VLT/XSHOOTER
2456451.3721  4.8766000000E-07  1.9900497512E-12  1.1713037109E+00  5.6601513757E-03  1  VLT/XSHOOTER
2456451.3721  4.8768000000E-07  1.9900497512E-12  1.1628207284E+00  5.6333400585E-03  1  VLT/XSHOOTER
2456451.3721  4.8770000000E-07  1.9900497512E-12  1.1164806677E+00  5.5307547251E-03  1  VLT/XSHOOTER
2456451.3721  4.8772000000E-07  1.9900497512E-12  1.0352917028E+00  5.3451693500E-03  1  VLT/XSHOOTER
2456451.3721  4.8774000000E-07  1.9900497512E-12  9.2146412037E-01  5.0711352737E-03  1  VLT/XSHOOTER
2456451.3721  4.8776000000E-07  1.9900497512E-12  7.8156476056E-01  4.7059945707E-03  1  VLT/XSHOOTER
2456451.3721  4.8778000000E-07  1.9900497512E-12  6.9706583659E-01  4.4732828493E-03  1  VLT/XSHOOTER
2456451.3721  4.8780000000E-07  1.9900497512E-12  7.7898301866E-01  4.6774744104E-03  1  VLT/XSHOOTER
2456451.3721  4.8782000000E-07  1.9900497512E-12  9.6453088831E-01  5.1331732008E-03  1  VLT/XSHOOTER
2456451.3721  4.8784000000E-07  1.9900497512E-12  1.1037970197E+00  5.4730058599E-03  1  VLT/XSHOOTER
2456451.3721  4.8786000000E-07  1.9900497512E-12  1.1611636466E+00  5.6126015275E-03  1  VLT/XSHOOTER
2456451.3721  4.8788000000E-07  1.9900497512E-12  1.1832697663E+00  5.6707378670E-03  1  VLT/XSHOOTER
2456451.3721  4.8790000000E-07  1.9900497512E-12  1.1950009042E+00  5.6939979836E-03  1  VLT/XSHOOTER
2456451.3721  4.8792000000E-07  1.9900497512E-12  1.1892889178E+00  5.6827979618E-03  1  VLT/XSHOOTER
2456451.3721  4.8794000000E-07  1.9900497512E-12  1.1936715133E+00  5.6752801824E-03  1  VLT/XSHOOTER
2456451.3721  4.8796000000E-07  1.9900497512E-12  1.1442830404E+00  5.5596673047E-03  1  VLT/XSHOOTER
2456451.3721  4.8798000000E-07  1.9900497512E-12  1.1055819589E+00  5.4762603618E-03  1  VLT/XSHOOTER
2456451.3721  4.8800000000E-07  1.9900497512E-12  1.0795274523E+00  5.4083184843E-03  1  VLT/XSHOOTER
