2456451.3721  6.5300000000E-07  1.9933554817E-11  9.4687337240E-01  3.3539393743E-03  1  VLT/XSHOOTER
2456451.3721  6.5302000000E-07  1.9933554817E-11  9.4775561523E-01  3.3677721024E-03  1  VLT/XSHOOTER
2456451.3721  6.5304000000E-07  1.9933554817E-11  9.3488444010E-01  3.3281380335E-03  1  VLT/XSHOOTER
2456451.3721  6.5306000000E-07  1.9933554817E-11  8.9920499674E-01  3.2819302877E-03  1  VLT/XSHOOTER
2456451.3721  6.5308000000E-07  1.9933554817E-11  8.5836621094E-01  3.2074740728E-03  1  VLT/XSHOOTER
2456451.3721  6.5310000000E-07  1.9933554817E-11  8.7324365234E-01  3.2434082031E-03  1  VLT/XSHOOTER
2456451.3721  6.5312000000E-07  1.9933554817E-11  9.0926529948E-01  3.2972396215E-03  1  VLT/XSHOOTER
2456451.3721  6.5314000000E-07  1.9933554817E-11  9.3309293620E-01  3.3280038834E-03  1  VLT/XSHOOTER
2456451.3721  6.5316000000E-07  1.9933554817E-11  9.3392708333E-01  3.3404366175E-03  1  VLT/XSHOOTER
2456451.3721  6.5318000000E-07  1.9933554817E-11  9.3847428385E-01  3.3508596420E-03  1  VLT/XSHOOTER
2456451.3721  6.5320000000E-07  1.9933554817E-11  9.2048999023E-01  3.3308369319E-03  1  VLT/XSHOOTER
2456451.3721  6.5322000000E-07  1.9933554817E-11  8.7872965495E-01  3.2452370326E-03  1  VLT/XSHOOTER
2456451.3721  6.5324000000E-07  1.9933554817E-11  8.7754142253E-01  3.2573509216E-03  1  VLT/XSHOOTER
2456451.3721  6.5326000000E-07  1.9933554817E-11  9.0997932943E-01  3.3174104691E-03  1  VLT/XSHOOTER
2456451.3721  6.5328000000E-07  1.9933554817E-11  9.3332478841E-01  3.4176063538E-03  1  VLT/XSHOOTER
2456451.3721  6.5330000000E-07  1.9933554817E-11  9.2780257161E-01  3.3923686345E-03  1  VLT/XSHOOTER
2456451.3721  6.5332000000E-07  1.9933554817E-11  9.0096614583E-01  3.3066660563E-03  1  VLT/XSHOOTER
2456451.3721  6.5334000000E-07  1.9933554817E-11  8.7732731120E-01  3.2563088735E-03  1  VLT/XSHOOTER
2456451.3721  6.5336000000E-07  1.9933554817E-11  9.0290405273E-01  3.2970883052E-03  1  VLT/XSHOOTER
2456451.3721  6.5338000000E-07  1.9933554817E-11  9.3110042318E-01  3.3476247787E-03  1  VLT/XSHOOTER
2456451.3721  6.5340000000E-07  1.9933554817E-11  9.3855322266E-01  3.3572600683E-03  1  VLT/XSHOOTER
2456451.3721  6.5342000000E-07  1.9933554817E-11  9.4275756836E-01  3.3667513529E-03  1  VLT/XSHOOTER
2456451.3721  6.5344000000E-07  1.9933554817E-11  9.3865250651E-01  3.3548583984E-03  1  VLT/XSHOOTER
2456451.3721  6.5346000000E-07  1.9933554817E-11  9.4966739909E-01  3.3793541590E-03  1  VLT/XSHOOTER
2456451.3721  6.5348000000E-07  1.9933554817E-11  9.5571110026E-01  3.3976233800E-03  1  VLT/XSHOOTER
2456451.3721  6.5350000000E-07  1.9933554817E-11  9.5333487956E-01  3.3739461899E-03  1  VLT/XSHOOTER
2456451.3721  6.5352000000E-07  1.9933554817E-11  9.4840633138E-01  3.3940706253E-03  1  VLT/XSHOOTER
2456451.3721  6.5354000000E-07  1.9933554817E-11  9.6546468099E-01  3.4008642832E-03  1  VLT/XSHOOTER
2456451.3721  6.5356000000E-07  1.9933554817E-11  9.6175040690E-01  3.3901243210E-03  1  VLT/XSHOOTER
2456451.3721  6.5358000000E-07  1.9933554817E-11  9.5796907552E-01  3.3907620112E-03  1  VLT/XSHOOTER
2456451.3721  6.5360000000E-07  1.9933554817E-11  9.4788256836E-01  3.3661696116E-03  1  VLT/XSHOOTER
2456451.3721  6.5362000000E-07  1.9933554817E-11  9.4869970703E-01  3.3737573624E-03  1  VLT/XSHOOTER
2456451.3721  6.5364000000E-07  1.9933554817E-11  9.5454166667E-01  3.3872687022E-03  1  VLT/XSHOOTER
2456451.3721  6.5366000000E-07  1.9933554817E-11  9.4882633464E-01  3.3580970764E-03  1  VLT/XSHOOTER
2456451.3721  6.5368000000E-07  1.9933554817E-11  9.5524308268E-01  3.3898553848E-03  1  VLT/XSHOOTER
2456451.3721  6.5370000000E-07  1.9933554817E-11  9.3952115885E-01  3.3579066594E-03  1  VLT/XSHOOTER
2456451.3721  6.5372000000E-07  1.9933554817E-11  9.0898616536E-01  3.3148902257E-03  1  VLT/XSHOOTER
2456451.3721  6.5374000000E-07  1.9933554817E-11  9.0038924154E-01  3.2804282506E-03  1  VLT/XSHOOTER
2456451.3721  6.5376000000E-07  1.9933554817E-11  9.1773551432E-01  3.3098087311E-03  1  VLT/XSHOOTER
2456451.3721  6.5378000000E-07  1.9933554817E-11  9.3656787109E-01  3.3556181590E-03  1  VLT/XSHOOTER
2456451.3721  6.5380000000E-07  1.9933554817E-11  9.5061954753E-01  3.3883536657E-03  1  VLT/XSHOOTER
2456451.3721  6.5382000000E-07  1.9933554817E-11  9.6082641602E-01  3.3868980408E-03  1  VLT/XSHOOTER
2456451.3721  6.5384000000E-07  1.9933554817E-11  9.6448470052E-01  3.3979396820E-03  1  VLT/XSHOOTER
2456451.3721  6.5386000000E-07  1.9933554817E-11  9.6671557617E-01  3.4009688695E-03  1  VLT/XSHOOTER
2456451.3721  6.5388000000E-07  1.9933554817E-11  9.6499902344E-01  3.3872690201E-03  1  VLT/XSHOOTER
2456451.3721  6.5390000000E-07  1.9933554817E-11  9.6913346354E-01  3.3951285680E-03  1  VLT/XSHOOTER
2456451.3721  6.5392000000E-07  1.9933554817E-11  9.7196964518E-01  3.3992802302E-03  1  VLT/XSHOOTER
2456451.3721  6.5394000000E-07  1.9933554817E-11  9.7258976237E-01  3.4327608744E-03  1  VLT/XSHOOTER
2456451.3721  6.5396000000E-07  1.9933554817E-11  9.7394116211E-01  3.4053405126E-03  1  VLT/XSHOOTER
2456451.3721  6.5398000000E-07  1.9933554817E-11  9.6783976237E-01  3.4114100138E-03  1  VLT/XSHOOTER
2456451.3721  6.5400000000E-07  1.9933554817E-11  9.6666707357E-01  3.4211190542E-03  1  VLT/XSHOOTER
2456451.3721  6.5402000000E-07  1.9933554817E-11  9.8459049479E-01  3.4391622543E-03  1  VLT/XSHOOTER
2456451.3721  6.5404000000E-07  1.9933554817E-11  9.8905322266E-01  3.4396390915E-03  1  VLT/XSHOOTER
2456451.3721  6.5406000000E-07  1.9933554817E-11  9.6681323242E-01  3.4218521118E-03  1  VLT/XSHOOTER
2456451.3721  6.5408000000E-07  1.9933554817E-11  9.6523567708E-01  3.4144560496E-03  1  VLT/XSHOOTER
2456451.3721  6.5410000000E-07  1.9933554817E-11  9.6813232422E-01  3.4178193410E-03  1  VLT/XSHOOTER
2456451.3721  6.5412000000E-07  1.9933554817E-11  9.6929117839E-01  3.4068457286E-03  1  VLT/XSHOOTER
2456451.3721  6.5414000000E-07  1.9933554817E-11  9.7065006510E-01  3.4169467290E-03  1  VLT/XSHOOTER
2456451.3721  6.5416000000E-07  1.9933554817E-11  9.7052205404E-01  3.4203987122E-03  1  VLT/XSHOOTER
2456451.3721  6.5418000000E-07  1.9933554817E-11  9.7135717773E-01  3.4227946599E-03  1  VLT/XSHOOTER
2456451.3721  6.5420000000E-07  1.9933554817E-11  9.7317342122E-01  3.4245688121E-03  1  VLT/XSHOOTER
2456451.3721  6.5422000000E-07  1.9933554817E-11  9.6162093099E-01  3.3952102661E-03  1  VLT/XSHOOTER
2456451.3721  6.5424000000E-07  1.9933554817E-11  9.5810099284E-01  3.4038368861E-03  1  VLT/XSHOOTER
2456451.3721  6.5426000000E-07  1.9933554817E-11  9.5219669596E-01  3.4009482066E-03  1  VLT/XSHOOTER
2456451.3721  6.5428000000E-07  1.9933554817E-11  9.4755232747E-01  3.3894917170E-03  1  VLT/XSHOOTER
2456451.3721  6.5430000000E-07  1.9933554817E-11  9.4988606771E-01  3.3855934143E-03  1  VLT/XSHOOTER
2456451.3721  6.5432000000E-07  1.9933554817E-11  9.5856608073E-01  3.4069808324E-03  1  VLT/XSHOOTER
2456451.3721  6.5434000000E-07  1.9933554817E-11  9.7264005534E-01  3.4363123576E-03  1  VLT/XSHOOTER
2456451.3721  6.5436000000E-07  1.9933554817E-11  9.6198575846E-01  3.4195416768E-03  1  VLT/XSHOOTER
2456451.3721  6.5438000000E-07  1.9933554817E-11  9.5398453776E-01  3.4223079681E-03  1  VLT/XSHOOTER
2456451.3721  6.5440000000E-07  1.9933554817E-11  9.7440535482E-01  3.4615519842E-03  1  VLT/XSHOOTER
2456451.3721  6.5442000000E-07  1.9933554817E-11  9.7344767253E-01  3.4492483139E-03  1  VLT/XSHOOTER
2456451.3721  6.5444000000E-07  1.9933554817E-11  9.8476334635E-01  3.4550189972E-03  1  VLT/XSHOOTER
2456451.3721  6.5446000000E-07  1.9933554817E-11  9.8857877604E-01  3.4763819377E-03  1  VLT/XSHOOTER
2456451.3721  6.5448000000E-07  1.9933554817E-11  9.7791569010E-01  3.4353205363E-03  1  VLT/XSHOOTER
2456451.3721  6.5450000000E-07  1.9933554817E-11  9.7706494141E-01  3.4323202769E-03  1  VLT/XSHOOTER
2456451.3721  6.5452000000E-07  1.9933554817E-11  9.5367000326E-01  3.4137188594E-03  1  VLT/XSHOOTER
2456451.3721  6.5454000000E-07  1.9933554817E-11  8.8460530599E-01  3.2869863510E-03  1  VLT/XSHOOTER
2456451.3721  6.5456000000E-07  1.9933554817E-11  7.8177897135E-01  3.1259794235E-03  1  VLT/XSHOOTER
2456451.3721  6.5458000000E-07  1.9933554817E-11  7.7452913411E-01  3.0980116526E-03  1  VLT/XSHOOTER
2456451.3721  6.5460000000E-07  1.9933554817E-11  8.8043660482E-01  3.2690741221E-03  1  VLT/XSHOOTER
2456451.3721  6.5462000000E-07  1.9933554817E-11  9.5920768229E-01  3.4232095083E-03  1  VLT/XSHOOTER
2456451.3721  6.5464000000E-07  1.9933554817E-11  9.8223331706E-01  3.4595365524E-03  1  VLT/XSHOOTER
2456451.3721  6.5466000000E-07  1.9933554817E-11  9.8570255534E-01  3.4501142502E-03  1  VLT/XSHOOTER
2456451.3721  6.5468000000E-07  1.9933554817E-11  9.8936254883E-01  3.4738133748E-03  1  VLT/XSHOOTER
2456451.3721  6.5470000000E-07  1.9933554817E-11  9.8657617188E-01  3.4612436295E-03  1  VLT/XSHOOTER
2456451.3721  6.5472000000E-07  1.9933554817E-11  9.8086962891E-01  3.4560464223E-03  1  VLT/XSHOOTER
2456451.3721  6.5474000000E-07  1.9933554817E-11  9.8076798503E-01  3.4572025935E-03  1  VLT/XSHOOTER
2456451.3721  6.5476000000E-07  1.9933554817E-11  9.7958178711E-01  3.4515164693E-03  1  VLT/XSHOOTER
2456451.3721  6.5478000000E-07  1.9933554817E-11  9.8903361003E-01  3.4744822184E-03  1  VLT/XSHOOTER
2456451.3721  6.5480000000E-07  1.9933554817E-11  1.0096160482E+00  3.4927409490E-03  1  VLT/XSHOOTER
2456451.3721  6.5482000000E-07  1.9933554817E-11  1.0082833659E+00  3.4934479396E-03  1  VLT/XSHOOTER
2456451.3721  6.5484000000E-07  1.9933554817E-11  1.0005712891E+00  3.4870189031E-03  1  VLT/XSHOOTER
2456451.3721  6.5486000000E-07  1.9933554817E-11  1.0020293783E+00  3.4786132177E-03  1  VLT/XSHOOTER
2456451.3721  6.5488000000E-07  1.9933554817E-11  1.0133261719E+00  3.5090532303E-03  1  VLT/XSHOOTER
2456451.3721  6.5490000000E-07  1.9933554817E-11  1.0159088542E+00  3.5073833466E-03  1  VLT/XSHOOTER
2456451.3721  6.5492000000E-07  1.9933554817E-11  1.0164248047E+00  3.5107164383E-03  1  VLT/XSHOOTER
2456451.3721  6.5494000000E-07  1.9933554817E-11  1.0160855306E+00  3.5122950872E-03  1  VLT/XSHOOTER
2456451.3721  6.5496000000E-07  1.9933554817E-11  1.0172562663E+00  3.5139398575E-03  1  VLT/XSHOOTER
2456451.3721  6.5498000000E-07  1.9933554817E-11  1.0186193848E+00  3.5064687729E-03  1  VLT/XSHOOTER
2456451.3721  6.5500000000E-07  1.9933554817E-11  1.0266115723E+00  3.5297756195E-03  1  VLT/XSHOOTER
2456451.3721  6.5502000000E-07  1.9933554817E-11  1.0331617839E+00  3.5382181803E-03  1  VLT/XSHOOTER
2456451.3721  6.5504000000E-07  1.9933554817E-11  1.0343243001E+00  3.5422496796E-03  1  VLT/XSHOOTER
2456451.3721  6.5506000000E-07  1.9933554817E-11  1.0339169922E+00  3.5325797399E-03  1  VLT/XSHOOTER
2456451.3721  6.5508000000E-07  1.9933554817E-11  1.0207666829E+00  3.5181703568E-03  1  VLT/XSHOOTER
2456451.3721  6.5510000000E-07  1.9933554817E-11  9.9301399740E-01  3.4688768387E-03  1  VLT/XSHOOTER
2456451.3721  6.5512000000E-07  1.9933554817E-11  9.9855590820E-01  3.5026384989E-03  1  VLT/XSHOOTER
2456451.3721  6.5514000000E-07  1.9933554817E-11  1.0261115723E+00  3.5300534566E-03  1  VLT/XSHOOTER
2456451.3721  6.5516000000E-07  1.9933554817E-11  1.0554719238E+00  3.5667107900E-03  1  VLT/XSHOOTER
2456451.3721  6.5518000000E-07  1.9933554817E-11  1.0609763184E+00  3.5880575180E-03  1  VLT/XSHOOTER
2456451.3721  6.5520000000E-07  1.9933554817E-11  1.0633184408E+00  3.5945866903E-03  1  VLT/XSHOOTER
2456451.3721  6.5522000000E-07  1.9933554817E-11  1.0732623698E+00  3.6127494176E-03  1  VLT/XSHOOTER
2456451.3721  6.5524000000E-07  1.9933554817E-11  1.0660203451E+00  3.6016902924E-03  1  VLT/XSHOOTER
2456451.3721  6.5526000000E-07  1.9933554817E-11  1.0702957357E+00  3.6216713587E-03  1  VLT/XSHOOTER
2456451.3721  6.5528000000E-07  1.9933554817E-11  1.1076013184E+00  3.6629371643E-03  1  VLT/XSHOOTER
2456451.3721  6.5530000000E-07  1.9933554817E-11  1.1117639160E+00  3.6740026474E-03  1  VLT/XSHOOTER
2456451.3721  6.5532000000E-07  1.9933554817E-11  1.1081216634E+00  3.6748256683E-03  1  VLT/XSHOOTER
2456451.3721  6.5534000000E-07  1.9933554817E-11  1.0860612793E+00  3.7115942637E-03  1  VLT/XSHOOTER
2456451.3721  6.5536000000E-07  1.9933554817E-11  1.0374650879E+00  3.6257950465E-03  1  VLT/XSHOOTER
2456451.3721  6.5538000000E-07  1.9933554817E-11  1.0598623861E+00  3.6175514857E-03  1  VLT/XSHOOTER
2456451.3721  6.5540000000E-07  1.9933554817E-11  1.1507836100E+00  3.7290646235E-03  1  VLT/XSHOOTER
2456451.3721  6.5542000000E-07  1.9933554817E-11  1.2093675130E+00  3.8192612330E-03  1  VLT/XSHOOTER
2456451.3721  6.5544000000E-07  1.9933554817E-11  1.2240200195E+00  3.8498261770E-03  1  VLT/XSHOOTER
2456451.3721  6.5546000000E-07  1.9933554817E-11  1.2567978516E+00  3.8956270218E-03  1  VLT/XSHOOTER
2456451.3721  6.5548000000E-07  1.9933554817E-11  1.2689387207E+00  3.9194777807E-03  1  VLT/XSHOOTER
2456451.3721  6.5550000000E-07  1.9933554817E-11  1.2944150391E+00  3.9582866033E-03  1  VLT/XSHOOTER
2456451.3721  6.5552000000E-07  1.9933554817E-11  1.3118033040E+00  3.9832665126E-03  1  VLT/XSHOOTER
2456451.3721  6.5554000000E-07  1.9933554817E-11  1.2963248698E+00  3.9738365809E-03  1  VLT/XSHOOTER
2456451.3721  6.5556000000E-07  1.9933554817E-11  1.3397152507E+00  4.0317033132E-03  1  VLT/XSHOOTER
2456451.3721  6.5558000000E-07  1.9933554817E-11  1.4680607096E+00  4.2162148158E-03  1  VLT/XSHOOTER
2456451.3721  6.5560000000E-07  1.9933554817E-11  1.5844484049E+00  4.3635822932E-03  1  VLT/XSHOOTER
2456451.3721  6.5562000000E-07  1.9933554817E-11  1.6494612630E+00  4.4618371328E-03  1  VLT/XSHOOTER
2456451.3721  6.5564000000E-07  1.9933554817E-11  1.7463172201E+00  4.6105438868E-03  1  VLT/XSHOOTER
2456451.3721  6.5566000000E-07  1.9933554817E-11  1.8585909831E+00  4.7323951721E-03  1  VLT/XSHOOTER
2456451.3721  6.5568000000E-07  1.9933554817E-11  2.0075052083E+00  4.9458748500E-03  1  VLT/XSHOOTER
2456451.3721  6.5570000000E-07  1.9933554817E-11  2.1584949544E+00  5.1195408503E-03  1  VLT/XSHOOTER
2456451.3721  6.5572000000E-07  1.9933554817E-11  2.3294044596E+00  5.3072261810E-03  1  VLT/XSHOOTER
2456451.3721  6.5574000000E-07  1.9933554817E-11  2.5622491862E+00  5.5719807943E-03  1  VLT/XSHOOTER
2456451.3721  6.5576000000E-07  1.9933554817E-11  2.8351181641E+00  5.8906224569E-03  1  VLT/XSHOOTER
2456451.3721  6.5578000000E-07  1.9933554817E-11  3.1704944661E+00  6.2559057872E-03  1  VLT/XSHOOTER
2456451.3721  6.5580000000E-07  1.9933554817E-11  3.5553649089E+00  6.6379089355E-03  1  VLT/XSHOOTER
2456451.3721  6.5582000000E-07  1.9933554817E-11  4.0510608724E+00  7.1223144531E-03  1  VLT/XSHOOTER
2456451.3721  6.5584000000E-07  1.9933554817E-11  4.6019759115E+00  7.5967578888E-03  1  VLT/XSHOOTER
2456451.3721  6.5586000000E-07  1.9933554817E-11  5.2995732422E+00  8.2702649434E-03  1  VLT/XSHOOTER
2456451.3721  6.5588000000E-07  1.9933554817E-11  6.0875488281E+00  8.8757635752E-03  1  VLT/XSHOOTER
2456451.3721  6.5590000000E-07  1.9933554817E-11  6.9538522135E+00  9.6465943654E-03  1  VLT/XSHOOTER
2456451.3721  6.5592000000E-07  1.9933554817E-11  7.9683535156E+00  1.0401521683E-02  1  VLT/XSHOOTER
2456451.3721  6.5594000000E-07  1.9933554817E-11  9.0242135417E+00  1.1199035645E-02  1  VLT/XSHOOTER
2456451.3721  6.5596000000E-07  1.9933554817E-11  9.9599407552E+00  1.1860210419E-02  1  VLT/XSHOOTER
2456451.3721  6.5598000000E-07  1.9933554817E-11  1.0861800130E+01  1.2532691956E-02  1  VLT/XSHOOTER
2456451.3721  6.5600000000E-07  1.9933554817E-11  1.1545557292E+01  1.2934298197E-02  1  VLT/XSHOOTER
2456451.3721  6.5602000000E-07  1.9933554817E-11  1.2037890625E+01  1.3346998851E-02  1  VLT/XSHOOTER
2456451.3721  6.5604000000E-07  1.9933554817E-11  1.2313114583E+01  1.3585765839E-02  1  VLT/XSHOOTER
2456451.3721  6.5606000000E-07  1.9933554817E-11  1.2314335937E+01  1.3579764048E-02  1  VLT/XSHOOTER
2456451.3721  6.5608000000E-07  1.9933554817E-11  1.2087920573E+01  1.3419010162E-02  1  VLT/XSHOOTER
2456451.3721  6.5610000000E-07  1.9933554817E-11  1.1593406250E+01  1.3090015411E-02  1  VLT/XSHOOTER
2456451.3721  6.5612000000E-07  1.9933554817E-11  1.1075691406E+01  1.2727010091E-02  1  VLT/XSHOOTER
2456451.3721  6.5614000000E-07  1.9933554817E-11  1.0556267578E+01  1.2387547811E-02  1  VLT/XSHOOTER
2456451.3721  6.5616000000E-07  1.9933554817E-11  1.0018276693E+01  1.2041666667E-02  1  VLT/XSHOOTER
2456451.3721  6.5618000000E-07  1.9933554817E-11  9.5134954427E+00  1.1603619893E-02  1  VLT/XSHOOTER
2456451.3721  6.5620000000E-07  1.9933554817E-11  9.0520026042E+00  1.1311536153E-02  1  VLT/XSHOOTER
2456451.3721  6.5622000000E-07  1.9933554817E-11  8.5517714844E+00  1.0965014140E-02  1  VLT/XSHOOTER
2456451.3721  6.5624000000E-07  1.9933554817E-11  8.2187727865E+00  1.0675507863E-02  1  VLT/XSHOOTER
2456451.3721  6.5626000000E-07  1.9933554817E-11  8.1220416667E+00  1.0615510305E-02  1  VLT/XSHOOTER
2456451.3721  6.5628000000E-07  1.9933554817E-11  8.0740540365E+00  1.0590361913E-02  1  VLT/XSHOOTER
2456451.3721  6.5630000000E-07  1.9933554817E-11  8.2247402344E+00  1.0676390330E-02  1  VLT/XSHOOTER
2456451.3721  6.5632000000E-07  1.9933554817E-11  8.5012207031E+00  1.0872702281E-02  1  VLT/XSHOOTER
2456451.3721  6.5634000000E-07  1.9933554817E-11  8.9065371094E+00  1.1200893402E-02  1  VLT/XSHOOTER
2456451.3721  6.5636000000E-07  1.9933554817E-11  9.4104622396E+00  1.1561819712E-02  1  VLT/XSHOOTER
2456451.3721  6.5638000000E-07  1.9933554817E-11  9.8432884115E+00  1.1858250936E-02  1  VLT/XSHOOTER
2456451.3721  6.5640000000E-07  1.9933554817E-11  1.0109128906E+01  1.2090170542E-02  1  VLT/XSHOOTER
2456451.3721  6.5642000000E-07  1.9933554817E-11  1.0341804036E+01  1.2226117452E-02  1  VLT/XSHOOTER
2456451.3721  6.5644000000E-07  1.9933554817E-11  1.0412110677E+01  1.2293792725E-02  1  VLT/XSHOOTER
2456451.3721  6.5646000000E-07  1.9933554817E-11  1.0226241536E+01  1.2196816762E-02  1  VLT/XSHOOTER
2456451.3721  6.5648000000E-07  1.9933554817E-11  9.7817395833E+00  1.1807652791E-02  1  VLT/XSHOOTER
2456451.3721  6.5650000000E-07  1.9933554817E-11  9.1520371094E+00  1.1392841339E-02  1  VLT/XSHOOTER
2456451.3721  6.5652000000E-07  1.9933554817E-11  8.4474843750E+00  1.0869665782E-02  1  VLT/XSHOOTER
2456451.3721  6.5654000000E-07  1.9933554817E-11  7.7071725260E+00  1.0268696467E-02  1  VLT/XSHOOTER
2456451.3721  6.5656000000E-07  1.9933554817E-11  6.9768242188E+00  9.7319329580E-03  1  VLT/XSHOOTER
2456451.3721  6.5658000000E-07  1.9933554817E-11  6.2946256510E+00  9.1534372965E-03  1  VLT/XSHOOTER
2456451.3721  6.5660000000E-07  1.9933554817E-11  5.6294186198E+00  8.5827967326E-03  1  VLT/XSHOOTER
2456451.3721  6.5662000000E-07  1.9933554817E-11  5.0063125000E+00  8.0760014852E-03  1  VLT/XSHOOTER
2456451.3721  6.5664000000E-07  1.9933554817E-11  4.4743795573E+00  7.5645236969E-03  1  VLT/XSHOOTER
2456451.3721  6.5666000000E-07  1.9933554817E-11  3.9756852214E+00  7.1275914510E-03  1  VLT/XSHOOTER
2456451.3721  6.5668000000E-07  1.9933554817E-11  3.5282412109E+00  6.6624883016E-03  1  VLT/XSHOOTER
2456451.3721  6.5670000000E-07  1.9933554817E-11  3.1445647786E+00  6.2898553212E-03  1  VLT/XSHOOTER
2456451.3721  6.5672000000E-07  1.9933554817E-11  2.7834485677E+00  5.9159501394E-03  1  VLT/XSHOOTER
2456451.3721  6.5674000000E-07  1.9933554817E-11  2.4908868815E+00  5.5369644165E-03  1  VLT/XSHOOTER
2456451.3721  6.5676000000E-07  1.9933554817E-11  2.2367633464E+00  5.2495937347E-03  1  VLT/XSHOOTER
2456451.3721  6.5678000000E-07  1.9933554817E-11  2.0493712565E+00  5.0271994273E-03  1  VLT/XSHOOTER
2456451.3721  6.5680000000E-07  1.9933554817E-11  1.8838069661E+00  4.8254000346E-03  1  VLT/XSHOOTER
2456451.3721  6.5682000000E-07  1.9933554817E-11  1.7314869792E+00  4.6301018397E-03  1  VLT/XSHOOTER
2456451.3721  6.5684000000E-07  1.9933554817E-11  1.5494905599E+00  4.3921524684E-03  1  VLT/XSHOOTER
2456451.3721  6.5686000000E-07  1.9933554817E-11  1.3871355794E+00  4.1745856603E-03  1  VLT/XSHOOTER
2456451.3721  6.5688000000E-07  1.9933554817E-11  1.3257736003E+00  4.0908762614E-03  1  VLT/XSHOOTER
2456451.3721  6.5690000000E-07  1.9933554817E-11  1.3252050781E+00  4.0591160456E-03  1  VLT/XSHOOTER
2456451.3721  6.5692000000E-07  1.9933554817E-11  1.3347074382E+00  4.0738960902E-03  1  VLT/XSHOOTER
2456451.3721  6.5694000000E-07  1.9933554817E-11  1.2974004720E+00  4.0323301951E-03  1  VLT/XSHOOTER
2456451.3721  6.5696000000E-07  1.9933554817E-11  1.2724994303E+00  4.0112743378E-03  1  VLT/XSHOOTER
2456451.3721  6.5698000000E-07  1.9933554817E-11  1.2446678874E+00  3.9523881276E-03  1  VLT/XSHOOTER
2456451.3721  6.5700000000E-07  1.9933554817E-11  1.2351849772E+00  3.9351711273E-03  1  VLT/XSHOOTER
2456451.3721  6.5702000000E-07  1.9933554817E-11  1.1810406901E+00  3.8456989924E-03  1  VLT/XSHOOTER
2456451.3721  6.5704000000E-07  1.9933554817E-11  1.1659408366E+00  3.8319918315E-03  1  VLT/XSHOOTER
2456451.3721  6.5706000000E-07  1.9933554817E-11  1.1328107910E+00  3.7935953140E-03  1  VLT/XSHOOTER
2456451.3721  6.5708000000E-07  1.9933554817E-11  1.1416332194E+00  3.7980877558E-03  1  VLT/XSHOOTER
2456451.3721  6.5710000000E-07  1.9933554817E-11  1.1343116862E+00  3.8012269338E-03  1  VLT/XSHOOTER
2456451.3721  6.5712000000E-07  1.9933554817E-11  1.1315776367E+00  3.7878243128E-03  1  VLT/XSHOOTER
2456451.3721  6.5714000000E-07  1.9933554817E-11  1.1295706380E+00  3.7856000264E-03  1  VLT/XSHOOTER
2456451.3721  6.5716000000E-07  1.9933554817E-11  1.1054814453E+00  3.7705755234E-03  1  VLT/XSHOOTER
2456451.3721  6.5718000000E-07  1.9933554817E-11  1.0681171875E+00  3.6764459610E-03  1  VLT/XSHOOTER
2456451.3721  6.5720000000E-07  1.9933554817E-11  9.6037223307E-01  3.5199629466E-03  1  VLT/XSHOOTER
2456451.3721  6.5722000000E-07  1.9933554817E-11  8.7905623372E-01  3.3820486069E-03  1  VLT/XSHOOTER
2456451.3721  6.5724000000E-07  1.9933554817E-11  9.1079947917E-01  3.4520448049E-03  1  VLT/XSHOOTER
2456451.3721  6.5726000000E-07  1.9933554817E-11  1.0102677409E+00  3.5924841563E-03  1  VLT/XSHOOTER
2456451.3721  6.5728000000E-07  1.9933554817E-11  1.0598994141E+00  3.6938044230E-03  1  VLT/XSHOOTER
2456451.3721  6.5730000000E-07  1.9933554817E-11  1.0742897135E+00  3.7134021123E-03  1  VLT/XSHOOTER
2456451.3721  6.5732000000E-07  1.9933554817E-11  1.0537105306E+00  3.6670567195E-03  1  VLT/XSHOOTER
2456451.3721  6.5734000000E-07  1.9933554817E-11  9.9024544271E-01  3.5852740606E-03  1  VLT/XSHOOTER
2456451.3721  6.5736000000E-07  1.9933554817E-11  9.1557926432E-01  3.4425392151E-03  1  VLT/XSHOOTER
2456451.3721  6.5738000000E-07  1.9933554817E-11  9.1798828125E-01  3.4515676498E-03  1  VLT/XSHOOTER
2456451.3721  6.5740000000E-07  1.9933554817E-11  9.7666609701E-01  3.5410674413E-03  1  VLT/XSHOOTER
2456451.3721  6.5742000000E-07  1.9933554817E-11  9.6552498372E-01  3.5225969950E-03  1  VLT/XSHOOTER
2456451.3721  6.5744000000E-07  1.9933554817E-11  8.6864648438E-01  3.3733129501E-03  1  VLT/XSHOOTER
2456451.3721  6.5746000000E-07  1.9933554817E-11  8.6289550781E-01  3.3554035823E-03  1  VLT/XSHOOTER
2456451.3721  6.5748000000E-07  1.9933554817E-11  9.4310050456E-01  3.4936491648E-03  1  VLT/XSHOOTER
2456451.3721  6.5750000000E-07  1.9933554817E-11  1.0189629720E+00  3.6114641825E-03  1  VLT/XSHOOTER
2456451.3721  6.5752000000E-07  1.9933554817E-11  1.0420758464E+00  3.7156124115E-03  1  VLT/XSHOOTER
2456451.3721  6.5754000000E-07  1.9933554817E-11  1.0315987956E+00  3.6402406693E-03  1  VLT/XSHOOTER
2456451.3721  6.5756000000E-07  1.9933554817E-11  1.0264300944E+00  3.6265335083E-03  1  VLT/XSHOOTER
2456451.3721  6.5758000000E-07  1.9933554817E-11  1.0227673340E+00  3.6405932109E-03  1  VLT/XSHOOTER
2456451.3721  6.5760000000E-07  1.9933554817E-11  1.0206765137E+00  3.6122760773E-03  1  VLT/XSHOOTER
2456451.3721  6.5762000000E-07  1.9933554817E-11  1.0275653483E+00  3.6359923681E-03  1  VLT/XSHOOTER
2456451.3721  6.5764000000E-07  1.9933554817E-11  1.0300197754E+00  3.6329050064E-03  1  VLT/XSHOOTER
2456451.3721  6.5766000000E-07  1.9933554817E-11  1.0350799154E+00  3.6543954213E-03  1  VLT/XSHOOTER
2456451.3721  6.5768000000E-07  1.9933554817E-11  1.0388289388E+00  3.6596965790E-03  1  VLT/XSHOOTER
2456451.3721  6.5770000000E-07  1.9933554817E-11  1.0309967448E+00  3.6904945374E-03  1  VLT/XSHOOTER
2456451.3721  6.5772000000E-07  1.9933554817E-11  1.0269188639E+00  3.6969159444E-03  1  VLT/XSHOOTER
2456451.3721  6.5774000000E-07  1.9933554817E-11  1.0291599121E+00  3.6686557134E-03  1  VLT/XSHOOTER
2456451.3721  6.5776000000E-07  1.9933554817E-11  1.0215170898E+00  3.6549997330E-03  1  VLT/XSHOOTER
2456451.3721  6.5778000000E-07  1.9933554817E-11  1.0285282389E+00  3.6559063594E-03  1  VLT/XSHOOTER
2456451.3721  6.5780000000E-07  1.9933554817E-11  1.0183239746E+00  3.6398893992E-03  1  VLT/XSHOOTER
2456451.3721  6.5782000000E-07  1.9933554817E-11  1.0188963216E+00  3.6380821864E-03  1  VLT/XSHOOTER
2456451.3721  6.5784000000E-07  1.9933554817E-11  1.0142639974E+00  3.6467409134E-03  1  VLT/XSHOOTER
2456451.3721  6.5786000000E-07  1.9933554817E-11  1.0100850423E+00  3.6289275487E-03  1  VLT/XSHOOTER
2456451.3721  6.5788000000E-07  1.9933554817E-11  1.0128034668E+00  3.6467593511E-03  1  VLT/XSHOOTER
2456451.3721  6.5790000000E-07  1.9933554817E-11  1.0162595215E+00  3.6562000910E-03  1  VLT/XSHOOTER
2456451.3721  6.5792000000E-07  1.9933554817E-11  1.0182390951E+00  3.6570564906E-03  1  VLT/XSHOOTER
2456451.3721  6.5794000000E-07  1.9933554817E-11  1.0126831055E+00  3.6535437902E-03  1  VLT/XSHOOTER
2456451.3721  6.5796000000E-07  1.9933554817E-11  1.0038207194E+00  3.6344366074E-03  1  VLT/XSHOOTER
2456451.3721  6.5798000000E-07  1.9933554817E-11  9.8781152344E-01  3.5940243403E-03  1  VLT/XSHOOTER
2456451.3721  6.5800000000E-07  1.9933554817E-11  9.8874373372E-01  3.5963236491E-03  1  VLT/XSHOOTER
2456451.3721  6.5802000000E-07  1.9933554817E-11  9.8463370768E-01  3.6068954468E-03  1  VLT/XSHOOTER
2456451.3721  6.5804000000E-07  1.9933554817E-11  9.3924178060E-01  3.5216967265E-03  1  VLT/XSHOOTER
2456451.3721  6.5806000000E-07  1.9933554817E-11  9.0195166016E-01  3.4521792730E-03  1  VLT/XSHOOTER
2456451.3721  6.5808000000E-07  1.9933554817E-11  9.1472444661E-01  3.4818159739E-03  1  VLT/XSHOOTER
2456451.3721  6.5810000000E-07  1.9933554817E-11  9.6541764323E-01  3.5698782603E-03  1  VLT/XSHOOTER
2456451.3721  6.5812000000E-07  1.9933554817E-11  9.9149609375E-01  3.6052748362E-03  1  VLT/XSHOOTER
2456451.3721  6.5814000000E-07  1.9933554817E-11  1.0023487956E+00  3.6277825038E-03  1  VLT/XSHOOTER
2456451.3721  6.5816000000E-07  1.9933554817E-11  1.0025460612E+00  3.6196676890E-03  1  VLT/XSHOOTER
2456451.3721  6.5818000000E-07  1.9933554817E-11  1.0074102376E+00  3.6477944056E-03  1  VLT/XSHOOTER
2456451.3721  6.5820000000E-07  1.9933554817E-11  1.0023321940E+00  3.6208658218E-03  1  VLT/XSHOOTER
2456451.3721  6.5822000000E-07  1.9933554817E-11  1.0049878743E+00  3.6499363581E-03  1  VLT/XSHOOTER
2456451.3721  6.5824000000E-07  1.9933554817E-11  9.9283398438E-01  3.6229213079E-03  1  VLT/XSHOOTER
2456451.3721  6.5826000000E-07  1.9933554817E-11  1.0031484375E+00  3.6451705297E-03  1  VLT/XSHOOTER
2456451.3721  6.5828000000E-07  1.9933554817E-11  1.0003140462E+00  3.6485894521E-03  1  VLT/XSHOOTER
2456451.3721  6.5830000000E-07  1.9933554817E-11  9.9264363607E-01  3.6484168371E-03  1  VLT/XSHOOTER
2456451.3721  6.5832000000E-07  1.9933554817E-11  9.9151961263E-01  3.6356760661E-03  1  VLT/XSHOOTER
2456451.3721  6.5834000000E-07  1.9933554817E-11  9.8867480469E-01  3.6294819514E-03  1  VLT/XSHOOTER
2456451.3721  6.5836000000E-07  1.9933554817E-11  1.0001702474E+00  3.6545693080E-03  1  VLT/XSHOOTER
2456451.3721  6.5838000000E-07  1.9933554817E-11  9.9897208659E-01  3.6462497711E-03  1  VLT/XSHOOTER
2456451.3721  6.5840000000E-07  1.9933554817E-11  9.9391821289E-01  3.6521393458E-03  1  VLT/XSHOOTER
2456451.3721  6.5842000000E-07  1.9933554817E-11  9.9866040039E-01  3.6556587219E-03  1  VLT/XSHOOTER
2456451.3721  6.5844000000E-07  1.9933554817E-11  1.0015416667E+00  3.6577847799E-03  1  VLT/XSHOOTER
2456451.3721  6.5846000000E-07  1.9933554817E-11  1.0022775065E+00  3.6724856695E-03  1  VLT/XSHOOTER
2456451.3721  6.5848000000E-07  1.9933554817E-11  9.8913256836E-01  3.6313438416E-03  1  VLT/XSHOOTER
2456451.3721  6.5850000000E-07  1.9933554817E-11  9.9359285482E-01  3.6447137197E-03  1  VLT/XSHOOTER
2456451.3721  6.5852000000E-07  1.9933554817E-11  1.0069679362E+00  3.6784788767E-03  1  VLT/XSHOOTER
2456451.3721  6.5854000000E-07  1.9933554817E-11  9.7237972005E-01  3.6150229772E-03  1  VLT/XSHOOTER
2456451.3721  6.5856000000E-07  1.9933554817E-11  9.0236588542E-01  3.4899543126E-03  1  VLT/XSHOOTER
2456451.3721  6.5858000000E-07  1.9933554817E-11  8.8647501628E-01  3.4846976598E-03  1  VLT/XSHOOTER
2456451.3721  6.5860000000E-07  1.9933554817E-11  9.3181347656E-01  3.5243918101E-03  1  VLT/XSHOOTER
2456451.3721  6.5862000000E-07  1.9933554817E-11  9.7774731445E-01  3.6205714544E-03  1  VLT/XSHOOTER
2456451.3721  6.5864000000E-07  1.9933554817E-11  9.9817024740E-01  3.6554142634E-03  1  VLT/XSHOOTER
2456451.3721  6.5866000000E-07  1.9933554817E-11  9.9124869792E-01  3.6497376760E-03  1  VLT/XSHOOTER
2456451.3721  6.5868000000E-07  1.9933554817E-11  9.9889412435E-01  3.6462078094E-03  1  VLT/XSHOOTER
2456451.3721  6.5870000000E-07  1.9933554817E-11  9.9499308268E-01  3.6548967361E-03  1  VLT/XSHOOTER
2456451.3721  6.5872000000E-07  1.9933554817E-11  1.0068437500E+00  3.6829026540E-03  1  VLT/XSHOOTER
2456451.3721  6.5874000000E-07  1.9933554817E-11  9.9837345378E-01  3.6730286280E-03  1  VLT/XSHOOTER
2456451.3721  6.5876000000E-07  1.9933554817E-11  1.0027239583E+00  3.6900501251E-03  1  VLT/XSHOOTER
2456451.3721  6.5878000000E-07  1.9933554817E-11  9.9765592448E-01  3.6860011419E-03  1  VLT/XSHOOTER
2456451.3721  6.5880000000E-07  1.9933554817E-11  9.9734033203E-01  3.6851053238E-03  1  VLT/XSHOOTER
2456451.3721  6.5882000000E-07  1.9933554817E-11  9.9788712565E-01  3.6916147868E-03  1  VLT/XSHOOTER
2456451.3721  6.5884000000E-07  1.9933554817E-11  9.9395971680E-01  3.6735722224E-03  1  VLT/XSHOOTER
2456451.3721  6.5886000000E-07  1.9933554817E-11  9.9582291667E-01  3.6872282028E-03  1  VLT/XSHOOTER
2456451.3721  6.5888000000E-07  1.9933554817E-11  9.8227164714E-01  3.6574614843E-03  1  VLT/XSHOOTER
2456451.3721  6.5890000000E-07  1.9933554817E-11  9.8557576497E-01  3.6533832550E-03  1  VLT/XSHOOTER
2456451.3721  6.5892000000E-07  1.9933554817E-11  9.9457861328E-01  3.6760994593E-03  1  VLT/XSHOOTER
2456451.3721  6.5894000000E-07  1.9933554817E-11  9.9072477214E-01  3.6729415258E-03  1  VLT/XSHOOTER
2456451.3721  6.5896000000E-07  1.9933554817E-11  1.0022274577E+00  3.6925732295E-03  1  VLT/XSHOOTER
2456451.3721  6.5898000000E-07  1.9933554817E-11  1.0002473958E+00  3.6902545293E-03  1  VLT/XSHOOTER
2456451.3721  6.5900000000E-07  1.9933554817E-11  9.9638907878E-01  3.6778863271E-03  1  VLT/XSHOOTER
