2456451.3721  4.3300000000E-07  1.9801980198E-12  9.4128834558E-01  7.1119527968E-03  1  VLT/XSHOOTER
2456451.3721  4.3302000000E-07  1.9801980198E-12  9.3744555277E-01  7.0695347256E-03  1  VLT/XSHOOTER
2456451.3721  4.3304000000E-07  1.9801980198E-12  8.9307212224E-01  6.9641908010E-03  1  VLT/XSHOOTER
2456451.3721  4.3306000000E-07  1.9801980198E-12  9.2532464890E-01  7.0404098147E-03  1  VLT/XSHOOTER
2456451.3721  4.3308000000E-07  1.9801980198E-12  1.0007560609E+00  7.2762723953E-03  1  VLT/XSHOOTER
2456451.3721  4.3310000000E-07  1.9801980198E-12  1.0568476601E+00  7.4366857135E-03  1  VLT/XSHOOTER
2456451.3721  4.3312000000E-07  1.9801980198E-12  9.9181247287E-01  7.2441487085E-03  1  VLT/XSHOOTER
2456451.3721  4.3314000000E-07  1.9801980198E-12  9.9670487661E-01  7.2970988258E-03  1  VLT/XSHOOTER
2456451.3721  4.3316000000E-07  1.9801980198E-12  1.0952848889E+00  7.5729990762E-03  1  VLT/XSHOOTER
2456451.3721  4.3318000000E-07  1.9801980198E-12  1.1655112615E+00  7.7793772258E-03  1  VLT/XSHOOTER
2456451.3721  4.3320000000E-07  1.9801980198E-12  1.1315834651E+00  7.6940604619E-03  1  VLT/XSHOOTER
2456451.3721  4.3322000000E-07  1.9801980198E-12  1.0416965061E+00  7.4310438974E-03  1  VLT/XSHOOTER
2456451.3721  4.3324000000E-07  1.9801980198E-12  9.2903926789E-01  7.1109279754E-03  1  VLT/XSHOOTER
2456451.3721  4.3326000000E-07  1.9801980198E-12  9.2721935454E-01  7.0279166812E-03  1  VLT/XSHOOTER
2456451.3721  4.3328000000E-07  1.9801980198E-12  1.0495483398E+00  7.4163467165E-03  1  VLT/XSHOOTER
2456451.3721  4.3330000000E-07  1.9801980198E-12  1.1758251372E+00  7.7833584377E-03  1  VLT/XSHOOTER
2456451.3721  4.3332000000E-07  1.9801980198E-12  1.1641924177E+00  7.7252857269E-03  1  VLT/XSHOOTER
2456451.3721  4.3334000000E-07  1.9801980198E-12  1.0608903189E+00  7.4694633484E-03  1  VLT/XSHOOTER
2456451.3721  4.3336000000E-07  1.9801980198E-12  9.9101901584E-01  7.2489329747E-03  1  VLT/XSHOOTER
2456451.3721  4.3338000000E-07  1.9801980198E-12  1.0590402755E+00  7.4257222433E-03  1  VLT/XSHOOTER
2456451.3721  4.3340000000E-07  1.9801980198E-12  1.1710766020E+00  7.7359820169E-03  1  VLT/XSHOOTER
2456451.3721  4.3342000000E-07  1.9801980198E-12  1.2085951063E+00  7.8443731580E-03  1  VLT/XSHOOTER
2456451.3721  4.3344000000E-07  1.9801980198E-12  1.1210928781E+00  7.5919196719E-03  1  VLT/XSHOOTER
2456451.3721  4.3346000000E-07  1.9801980198E-12  1.0930569119E+00  7.5139961545E-03  1  VLT/XSHOOTER
2456451.3721  4.3348000000E-07  1.9801980198E-12  1.1512293256E+00  7.6785193549E-03  1  VLT/XSHOOTER
2456451.3721  4.3350000000E-07  1.9801980198E-12  1.2092270624E+00  7.8309414879E-03  1  VLT/XSHOOTER
2456451.3721  4.3352000000E-07  1.9801980198E-12  1.2742391919E+00  7.9977474515E-03  1  VLT/XSHOOTER
2456451.3721  4.3354000000E-07  1.9801980198E-12  1.3060953776E+00  8.0834865570E-03  1  VLT/XSHOOTER
2456451.3721  4.3356000000E-07  1.9801980198E-12  1.3452510773E+00  8.1530154697E-03  1  VLT/XSHOOTER
2456451.3721  4.3358000000E-07  1.9801980198E-12  1.3722570026E+00  8.2515186734E-03  1  VLT/XSHOOTER
2456451.3721  4.3360000000E-07  1.9801980198E-12  1.3886805943E+00  8.2929929097E-03  1  VLT/XSHOOTER
2456451.3721  4.3362000000E-07  1.9801980198E-12  1.3602296859E+00  8.1863630386E-03  1  VLT/XSHOOTER
2456451.3721  4.3364000000E-07  1.9801980198E-12  1.2572194902E+00  7.9223216526E-03  1  VLT/XSHOOTER
2456451.3721  4.3366000000E-07  1.9801980198E-12  1.0775835310E+00  7.4299274929E-03  1  VLT/XSHOOTER
2456451.3721  4.3368000000E-07  1.9801980198E-12  1.0463727679E+00  7.3010187300E-03  1  VLT/XSHOOTER
2456451.3721  4.3370000000E-07  1.9801980198E-12  1.1073487297E+00  7.4297465975E-03  1  VLT/XSHOOTER
2456451.3721  4.3372000000E-07  1.9801980198E-12  1.2162894113E+00  7.7111471267E-03  1  VLT/XSHOOTER
2456451.3721  4.3374000000E-07  1.9801980198E-12  1.3533710782E+00  8.0905278524E-03  1  VLT/XSHOOTER
2456451.3721  4.3376000000E-07  1.9801980198E-12  1.5243217347E+00  8.5519972302E-03  1  VLT/XSHOOTER
2456451.3721  4.3378000000E-07  1.9801980198E-12  1.7353033157E+00  9.0439735897E-03  1  VLT/XSHOOTER
2456451.3721  4.3380000000E-07  1.9801980198E-12  1.9716004387E+00  9.6058255150E-03  1  VLT/XSHOOTER
2456451.3721  4.3382000000E-07  1.9801980198E-12  2.3003390842E+00  1.0304400278E-02  1  VLT/XSHOOTER
2456451.3721  4.3384000000E-07  1.9801980198E-12  2.6768422929E+00  1.1090073510E-02  1  VLT/XSHOOTER
2456451.3721  4.3386000000E-07  1.9801980198E-12  3.0734396314E+00  1.1822969194E-02  1  VLT/XSHOOTER
2456451.3721  4.3388000000E-07  1.9801980198E-12  3.4226822142E+00  1.2439484823E-02  1  VLT/XSHOOTER
2456451.3721  4.3390000000E-07  1.9801980198E-12  3.4652405754E+00  1.2511834644E-02  1  VLT/XSHOOTER
2456451.3721  4.3392000000E-07  1.9801980198E-12  3.4708976625E+00  1.2512042787E-02  1  VLT/XSHOOTER
2456451.3721  4.3394000000E-07  1.9801980198E-12  3.3746799045E+00  1.2504375549E-02  1  VLT/XSHOOTER
2456451.3721  4.3396000000E-07  1.9801980198E-12  3.3391644190E+00  1.2399483484E-02  1  VLT/XSHOOTER
2456451.3721  4.3398000000E-07  1.9801980198E-12  3.2350647941E+00  1.2109911631E-02  1  VLT/XSHOOTER
2456451.3721  4.3400000000E-07  1.9801980198E-12  3.1448856414E+00  1.1951439721E-02  1  VLT/XSHOOTER
2456451.3721  4.3402000000E-07  1.9801980198E-12  3.1134147523E+00  1.1910353767E-02  1  VLT/XSHOOTER
2456451.3721  4.3404000000E-07  1.9801980198E-12  3.1210571289E+00  1.1867032732E-02  1  VLT/XSHOOTER
2456451.3721  4.3406000000E-07  1.9801980198E-12  3.1812412807E+00  1.1977761132E-02  1  VLT/XSHOOTER
2456451.3721  4.3408000000E-07  1.9801980198E-12  3.2465942383E+00  1.2111698635E-02  1  VLT/XSHOOTER
2456451.3721  4.3410000000E-07  1.9801980198E-12  3.3809946212E+00  1.2366971515E-02  1  VLT/XSHOOTER
2456451.3721  4.3412000000E-07  1.9801980198E-12  3.4685500372E+00  1.2496327597E-02  1  VLT/XSHOOTER
2456451.3721  4.3414000000E-07  1.9801980198E-12  3.4356642950E+00  1.2426326388E-02  1  VLT/XSHOOTER
2456451.3721  4.3416000000E-07  1.9801980198E-12  3.2391508557E+00  1.2102606183E-02  1  VLT/XSHOOTER
2456451.3721  4.3418000000E-07  1.9801980198E-12  2.9425215464E+00  1.1589538483E-02  1  VLT/XSHOOTER
2456451.3721  4.3420000000E-07  1.9801980198E-12  2.7218438043E+00  1.1145678021E-02  1  VLT/XSHOOTER
2456451.3721  4.3422000000E-07  1.9801980198E-12  2.4763410296E+00  1.0649644761E-02  1  VLT/XSHOOTER
2456451.3721  4.3424000000E-07  1.9801980198E-12  2.2527175177E+00  1.0190788905E-02  1  VLT/XSHOOTER
2456451.3721  4.3426000000E-07  1.9801980198E-12  1.9283356197E+00  9.4927984571E-03  1  VLT/XSHOOTER
2456451.3721  4.3428000000E-07  1.9801980198E-12  1.5755528041E+00  8.6686315991E-03  1  VLT/XSHOOTER
2456451.3721  4.3430000000E-07  1.9801980198E-12  1.3094495985E+00  7.9792151375E-03  1  VLT/XSHOOTER
2456451.3721  4.3432000000E-07  1.9801980198E-12  1.1886981298E+00  7.6305518075E-03  1  VLT/XSHOOTER
2456451.3721  4.3434000000E-07  1.9801980198E-12  1.1330046154E+00  7.4380095043E-03  1  VLT/XSHOOTER
2456451.3721  4.3436000000E-07  1.9801980198E-12  1.1387244815E+00  7.4730683887E-03  1  VLT/XSHOOTER
2456451.3721  4.3438000000E-07  1.9801980198E-12  1.1049708775E+00  7.3569365910E-03  1  VLT/XSHOOTER
2456451.3721  4.3440000000E-07  1.9801980198E-12  9.5202268570E-01  6.9069953192E-03  1  VLT/XSHOOTER
2456451.3721  4.3442000000E-07  1.9801980198E-12  8.4064534505E-01  6.5716077411E-03  1  VLT/XSHOOTER
2456451.3721  4.3444000000E-07  1.9801980198E-12  9.4692741273E-01  6.8831156171E-03  1  VLT/XSHOOTER
2456451.3721  4.3446000000E-07  1.9801980198E-12  1.0819077265E+00  7.2930714441E-03  1  VLT/XSHOOTER
2456451.3721  4.3448000000E-07  1.9801980198E-12  1.1586033412E+00  7.5473278288E-03  1  VLT/XSHOOTER
2456451.3721  4.3450000000E-07  1.9801980198E-12  1.2619666690E+00  7.8136883085E-03  1  VLT/XSHOOTER
2456451.3721  4.3452000000E-07  1.9801980198E-12  1.2681700691E+00  7.8794872950E-03  1  VLT/XSHOOTER
2456451.3721  4.3454000000E-07  1.9801980198E-12  1.2360137455E+00  7.7566040887E-03  1  VLT/XSHOOTER
2456451.3721  4.3456000000E-07  1.9801980198E-12  1.1461169046E+00  7.5001232208E-03  1  VLT/XSHOOTER
2456451.3721  4.3458000000E-07  1.9801980198E-12  1.0660531180E+00  7.2590827942E-03  1  VLT/XSHOOTER
2456451.3721  4.3460000000E-07  1.9801980198E-12  1.0056622218E+00  7.0858410427E-03  1  VLT/XSHOOTER
2456451.3721  4.3462000000E-07  1.9801980198E-12  9.3052901011E-01  6.8405211918E-03  1  VLT/XSHOOTER
2456451.3721  4.3464000000E-07  1.9801980198E-12  9.3390561058E-01  6.8498490349E-03  1  VLT/XSHOOTER
2456451.3721  4.3466000000E-07  1.9801980198E-12  1.0265654064E+00  7.1002051944E-03  1  VLT/XSHOOTER
2456451.3721  4.3468000000E-07  1.9801980198E-12  1.0500744048E+00  7.1862538656E-03  1  VLT/XSHOOTER
2456451.3721  4.3470000000E-07  1.9801980198E-12  1.0469765315E+00  7.1693972936E-03  1  VLT/XSHOOTER
2456451.3721  4.3472000000E-07  1.9801980198E-12  1.0429749504E+00  7.1551050459E-03  1  VLT/XSHOOTER
2456451.3721  4.3474000000E-07  1.9801980198E-12  9.8761025081E-01  7.0150678120E-03  1  VLT/XSHOOTER
2456451.3721  4.3476000000E-07  1.9801980198E-12  9.3912653847E-01  6.8572392539E-03  1  VLT/XSHOOTER
2456451.3721  4.3478000000E-07  1.9801980198E-12  9.9680195157E-01  7.0000792307E-03  1  VLT/XSHOOTER
2456451.3721  4.3480000000E-07  1.9801980198E-12  1.0879662892E+00  7.2870156122E-03  1  VLT/XSHOOTER
2456451.3721  4.3482000000E-07  1.9801980198E-12  1.1653417194E+00  7.4886821565E-03  1  VLT/XSHOOTER
2456451.3721  4.3484000000E-07  1.9801980198E-12  1.1695787218E+00  7.4768649207E-03  1  VLT/XSHOOTER
2456451.3721  4.3486000000E-07  1.9801980198E-12  1.1281511579E+00  7.3968115307E-03  1  VLT/XSHOOTER
2456451.3721  4.3488000000E-07  1.9801980198E-12  1.1739847819E+00  7.5359291501E-03  1  VLT/XSHOOTER
2456451.3721  4.3490000000E-07  1.9801980198E-12  1.2706125411E+00  7.7849024818E-03  1  VLT/XSHOOTER
2456451.3721  4.3492000000E-07  1.9801980198E-12  1.3530117459E+00  7.9734756833E-03  1  VLT/XSHOOTER
2456451.3721  4.3494000000E-07  1.9801980198E-12  1.3114650181E+00  7.9119107080E-03  1  VLT/XSHOOTER
2456451.3721  4.3496000000E-07  1.9801980198E-12  1.2961896624E+00  7.8606983972E-03  1  VLT/XSHOOTER
2456451.3721  4.3498000000E-07  1.9801980198E-12  1.2489566864E+00  7.7255453382E-03  1  VLT/XSHOOTER
2456451.3721  4.3500000000E-07  1.9801980198E-12  1.2411796449E+00  7.7094274854E-03  1  VLT/XSHOOTER
