2456451.3721  1.0750200000E-06  5.9952038369E-11  9.9381187221E-01  2.4676652636E-03  1  VLT/XSHOOTER
2456451.3721  1.0750800000E-06  5.9952038369E-11  9.9158203125E-01  2.7189066751E-03  1  VLT/XSHOOTER
2456451.3721  1.0751400000E-06  5.9952038369E-11  9.8667571150E-01  2.5133421762E-03  1  VLT/XSHOOTER
2456451.3721  1.0752000000E-06  5.9952038369E-11  9.6562039621E-01  2.2176670347E-03  1  VLT/XSHOOTER
2456451.3721  1.0752600000E-06  5.9952038369E-11  9.7329129464E-01  2.2160291672E-03  1  VLT/XSHOOTER
2456451.3721  1.0753200000E-06  5.9952038369E-11  9.9128745815E-01  2.2547533853E-03  1  VLT/XSHOOTER
2456451.3721  1.0753800000E-06  5.9952038369E-11  9.9821156529E-01  2.2635458538E-03  1  VLT/XSHOOTER
2456451.3721  1.0754400000E-06  5.9952038369E-11  9.9018436105E-01  2.2273337500E-03  1  VLT/XSHOOTER
2456451.3721  1.0755000000E-06  5.9952038369E-11  9.9105050223E-01  2.2075590406E-03  1  VLT/XSHOOTER
2456451.3721  1.0755600000E-06  5.9952038369E-11  9.9116943359E-01  2.1904978071E-03  1  VLT/XSHOOTER
2456451.3721  1.0756200000E-06  5.9952038369E-11  9.9706354632E-01  2.2170223509E-03  1  VLT/XSHOOTER
2456451.3721  1.0756800000E-06  5.9952038369E-11  1.0115926339E+00  2.2740839549E-03  1  VLT/XSHOOTER
2456451.3721  1.0757400000E-06  5.9952038369E-11  1.0103167550E+00  2.2944455828E-03  1  VLT/XSHOOTER
2456451.3721  1.0758000000E-06  5.9952038369E-11  1.0025604074E+00  2.2713181632E-03  1  VLT/XSHOOTER
2456451.3721  1.0758600000E-06  5.9952038369E-11  9.9724658203E-01  2.2239788600E-03  1  VLT/XSHOOTER
2456451.3721  1.0759200000E-06  5.9952038369E-11  9.9832505580E-01  2.1750243051E-03  1  VLT/XSHOOTER
2456451.3721  1.0759800000E-06  5.9952038369E-11  1.0007741350E+00  2.1787518093E-03  1  VLT/XSHOOTER
2456451.3721  1.0760400000E-06  5.9952038369E-11  1.0048703265E+00  2.1946484702E-03  1  VLT/XSHOOTER
2456451.3721  1.0761000000E-06  5.9952038369E-11  1.0006736189E+00  2.2101662500E-03  1  VLT/XSHOOTER
2456451.3721  1.0761600000E-06  5.9952038369E-11  1.0036914760E+00  2.2094688416E-03  1  VLT/XSHOOTER
2456451.3721  1.0762200000E-06  5.9952038369E-11  9.9919287109E-01  2.1861946923E-03  1  VLT/XSHOOTER
2456451.3721  1.0762800000E-06  5.9952038369E-11  9.9822942243E-01  2.1577258791E-03  1  VLT/XSHOOTER
2456451.3721  1.0763400000E-06  5.9952038369E-11  1.0006776646E+00  2.1370068959E-03  1  VLT/XSHOOTER
2456451.3721  1.0764000000E-06  5.9952038369E-11  1.0075281110E+00  2.1603089741E-03  1  VLT/XSHOOTER
2456451.3721  1.0764600000E-06  5.9952038369E-11  9.6287137277E-01  2.3293530600E-03  1  VLT/XSHOOTER
2456451.3721  1.0765200000E-06  5.9952038369E-11  9.6425495257E-01  2.3611240387E-03  1  VLT/XSHOOTER
2456451.3721  1.0765800000E-06  5.9952038369E-11  1.0109218750E+00  2.1905206953E-03  1  VLT/XSHOOTER
2456451.3721  1.0766400000E-06  5.9952038369E-11  1.0030362026E+00  2.1619724546E-03  1  VLT/XSHOOTER
2456451.3721  1.0767000000E-06  5.9952038369E-11  1.0008000837E+00  2.1248321533E-03  1  VLT/XSHOOTER
2456451.3721  1.0767600000E-06  5.9952038369E-11  9.9987946429E-01  2.1051419122E-03  1  VLT/XSHOOTER
2456451.3721  1.0768200000E-06  5.9952038369E-11  1.0011570173E+00  2.1202361243E-03  1  VLT/XSHOOTER
2456451.3721  1.0768800000E-06  5.9952038369E-11  1.0041283482E+00  2.1446820668E-03  1  VLT/XSHOOTER
2456451.3721  1.0769400000E-06  5.9952038369E-11  1.0108694894E+00  2.1644875663E-03  1  VLT/XSHOOTER
2456451.3721  1.0770000000E-06  5.9952038369E-11  1.0064094587E+00  2.1617630550E-03  1  VLT/XSHOOTER
2456451.3721  1.0770600000E-06  5.9952038369E-11  9.9525181362E-01  2.1222568239E-03  1  VLT/XSHOOTER
2456451.3721  1.0771200000E-06  5.9952038369E-11  9.8563267299E-01  2.1064601626E-03  1  VLT/XSHOOTER
2456451.3721  1.0771800000E-06  5.9952038369E-11  9.7022160993E-01  2.1673292433E-03  1  VLT/XSHOOTER
2456451.3721  1.0772400000E-06  5.9952038369E-11  9.7543143136E-01  2.1714977537E-03  1  VLT/XSHOOTER
2456451.3721  1.0773000000E-06  5.9952038369E-11  9.8828194754E-01  2.1229986463E-03  1  VLT/XSHOOTER
2456451.3721  1.0773600000E-06  5.9952038369E-11  9.6680970982E-01  2.0985099248E-03  1  VLT/XSHOOTER
2456451.3721  1.0774200000E-06  5.9952038369E-11  9.4654478237E-01  2.0775995255E-03  1  VLT/XSHOOTER
2456451.3721  1.0774800000E-06  5.9952038369E-11  9.7303752790E-01  2.0776007516E-03  1  VLT/XSHOOTER
2456451.3721  1.0775400000E-06  5.9952038369E-11  9.9253766741E-01  2.0628262929E-03  1  VLT/XSHOOTER
2456451.3721  1.0776000000E-06  5.9952038369E-11  9.9369433594E-01  2.0513241632E-03  1  VLT/XSHOOTER
2456451.3721  1.0776600000E-06  5.9952038369E-11  9.9600006975E-01  2.0568522045E-03  1  VLT/XSHOOTER
2456451.3721  1.0777200000E-06  5.9952038369E-11  1.0112325614E+00  2.0977682386E-03  1  VLT/XSHOOTER
2456451.3721  1.0777800000E-06  5.9952038369E-11  1.0061744559E+00  2.1037077223E-03  1  VLT/XSHOOTER
2456451.3721  1.0778400000E-06  5.9952038369E-11  9.9583021763E-01  2.1011768069E-03  1  VLT/XSHOOTER
2456451.3721  1.0779000000E-06  5.9952038369E-11  9.7617494420E-01  2.0667076111E-03  1  VLT/XSHOOTER
2456451.3721  1.0779600000E-06  5.9952038369E-11  9.5778327288E-01  2.0400153569E-03  1  VLT/XSHOOTER
2456451.3721  1.0780200000E-06  5.9952038369E-11  9.5260595703E-01  2.0038641521E-03  1  VLT/XSHOOTER
2456451.3721  1.0780800000E-06  5.9952038369E-11  9.6700439453E-01  2.0080578668E-03  1  VLT/XSHOOTER
2456451.3721  1.0781400000E-06  5.9952038369E-11  9.6655908203E-01  2.0354110173E-03  1  VLT/XSHOOTER
2456451.3721  1.0782000000E-06  5.9952038369E-11  9.9111251395E-01  2.3204432896E-03  1  VLT/XSHOOTER
2456451.3721  1.0782600000E-06  5.9952038369E-11  9.2962883650E-01  2.3448292868E-03  1  VLT/XSHOOTER
2456451.3721  1.0783200000E-06  5.9952038369E-11  9.4678145926E-01  2.3310740335E-03  1  VLT/XSHOOTER
2456451.3721  1.0783800000E-06  5.9952038369E-11  9.1790520368E-01  2.3716479710E-03  1  VLT/XSHOOTER
2456451.3721  1.0784400000E-06  5.9952038369E-11  9.7113525391E-01  1.9933755057E-03  1  VLT/XSHOOTER
2456451.3721  1.0785000000E-06  5.9952038369E-11  9.6877706473E-01  1.9680521829E-03  1  VLT/XSHOOTER
2456451.3721  1.0785600000E-06  5.9952038369E-11  9.2852085658E-01  1.9412798200E-03  1  VLT/XSHOOTER
2456451.3721  1.0786200000E-06  5.9952038369E-11  9.0323381696E-01  1.9378634862E-03  1  VLT/XSHOOTER
2456451.3721  1.0786800000E-06  5.9952038369E-11  9.4518150112E-01  1.9866048268E-03  1  VLT/XSHOOTER
2456451.3721  1.0787400000E-06  5.9952038369E-11  9.8613546317E-01  2.0267746789E-03  1  VLT/XSHOOTER
2456451.3721  1.0788000000E-06  5.9952038369E-11  9.9759242467E-01  2.0325471333E-03  1  VLT/XSHOOTER
2456451.3721  1.0788600000E-06  5.9952038369E-11  9.9849804687E-01  2.0121687480E-03  1  VLT/XSHOOTER
2456451.3721  1.0789200000E-06  5.9952038369E-11  9.9534388951E-01  2.3272549765E-03  1  VLT/XSHOOTER
2456451.3721  1.0789800000E-06  5.9952038369E-11  9.9091929408E-01  2.2082185745E-03  1  VLT/XSHOOTER
2456451.3721  1.0790400000E-06  5.9952038369E-11  9.8285784040E-01  1.9857823508E-03  1  VLT/XSHOOTER
2456451.3721  1.0791000000E-06  5.9952038369E-11  9.8437039621E-01  2.0295129504E-03  1  VLT/XSHOOTER
2456451.3721  1.0791600000E-06  5.9952038369E-11  9.8554080636E-01  2.0258710044E-03  1  VLT/XSHOOTER
2456451.3721  1.0792200000E-06  5.9952038369E-11  9.9086767578E-01  2.0180631365E-03  1  VLT/XSHOOTER
2456451.3721  1.0792800000E-06  5.9952038369E-11  9.8936774554E-01  1.9984933308E-03  1  VLT/XSHOOTER
2456451.3721  1.0793400000E-06  5.9952038369E-11  9.8917947824E-01  1.9782706669E-03  1  VLT/XSHOOTER
2456451.3721  1.0794000000E-06  5.9952038369E-11  9.9443477958E-01  1.9603766033E-03  1  VLT/XSHOOTER
2456451.3721  1.0794600000E-06  5.9952038369E-11  9.9601722935E-01  1.9536864417E-03  1  VLT/XSHOOTER
2456451.3721  1.0795200000E-06  5.9952038369E-11  9.9631110491E-01  1.9586146218E-03  1  VLT/XSHOOTER
2456451.3721  1.0795800000E-06  5.9952038369E-11  9.9725823103E-01  1.9824067525E-03  1  VLT/XSHOOTER
2456451.3721  1.0796400000E-06  5.9952038369E-11  1.0017330497E+00  2.0019732884E-03  1  VLT/XSHOOTER
2456451.3721  1.0797000000E-06  5.9952038369E-11  1.0107527902E+00  2.0086500985E-03  1  VLT/XSHOOTER
2456451.3721  1.0797600000E-06  5.9952038369E-11  1.0060034180E+00  1.9952410289E-03  1  VLT/XSHOOTER
2456451.3721  1.0798200000E-06  5.9952038369E-11  1.0022218890E+00  1.9695677076E-03  1  VLT/XSHOOTER
2456451.3721  1.0798800000E-06  5.9952038369E-11  9.7764697266E-01  1.9251823425E-03  1  VLT/XSHOOTER
2456451.3721  1.0799400000E-06  5.9952038369E-11  9.5147314453E-01  1.8891141074E-03  1  VLT/XSHOOTER
2456451.3721  1.0800000000E-06  5.9952038369E-11  9.5720368304E-01  1.8981196540E-03  1  VLT/XSHOOTER
2456451.3721  1.0800600000E-06  5.9952038369E-11  9.8163832310E-01  1.9417558398E-03  1  VLT/XSHOOTER
2456451.3721  1.0801200000E-06  5.9952038369E-11  1.0715979353E+00  4.7177064732E-01  1  VLT/XSHOOTER
2456451.3721  1.0801800000E-06  5.9952038369E-11  1.0022832031E+00  2.0156408037E-03  1  VLT/XSHOOTER
2456451.3721  1.0802400000E-06  5.9952038369E-11  1.0071229771E+00  4.6799333845E-02  1  VLT/XSHOOTER
2456451.3721  1.0803000000E-06  5.9952038369E-11  1.0002932478E+00  1.9665064131E-03  1  VLT/XSHOOTER
2456451.3721  1.0803600000E-06  5.9952038369E-11  9.9472684152E-01  1.9242383412E-03  1  VLT/XSHOOTER
2456451.3721  1.0804200000E-06  5.9952038369E-11  9.9309570313E-01  1.9062670299E-03  1  VLT/XSHOOTER
2456451.3721  1.0804800000E-06  5.9952038369E-11  9.9516545759E-01  1.9102840424E-03  1  VLT/XSHOOTER
2456451.3721  1.0805400000E-06  5.9952038369E-11  1.0017933873E+00  1.9307658332E-03  1  VLT/XSHOOTER
2456451.3721  1.0806000000E-06  5.9952038369E-11  1.0101365095E+00  2.2894818442E-03  1  VLT/XSHOOTER
2456451.3721  1.0806600000E-06  5.9952038369E-11  1.0106012835E+00  2.3129959106E-03  1  VLT/XSHOOTER
2456451.3721  1.0807200000E-06  5.9952038369E-11  1.0078445871E+00  2.0057746342E-03  1  VLT/XSHOOTER
2456451.3721  1.0807800000E-06  5.9952038369E-11  1.0042386998E+00  1.9744615555E-03  1  VLT/XSHOOTER
2456451.3721  1.0808400000E-06  5.9952038369E-11  9.9398430525E-01  1.9193940844E-03  1  VLT/XSHOOTER
2456451.3721  1.0809000000E-06  5.9952038369E-11  9.7568966239E-01  1.8987859998E-03  1  VLT/XSHOOTER
2456451.3721  1.0809600000E-06  5.9952038369E-11  9.2414843750E-01  1.8877276012E-03  1  VLT/XSHOOTER
2456451.3721  1.0810200000E-06  5.9952038369E-11  8.8409075056E-01  3.2520806449E-03  1  VLT/XSHOOTER
2456451.3721  1.0810800000E-06  5.9952038369E-11  8.7357575335E-01  1.8179435730E-03  1  VLT/XSHOOTER
2456451.3721  1.0811400000E-06  5.9952038369E-11  9.5495926339E-01  1.8809332166E-03  1  VLT/XSHOOTER
2456451.3721  1.0812000000E-06  5.9952038369E-11  9.9077957589E-01  1.9281730652E-03  1  VLT/XSHOOTER
2456451.3721  1.0812600000E-06  5.9952038369E-11  9.9666148158E-01  1.9357551847E-03  1  VLT/XSHOOTER
2456451.3721  1.0813200000E-06  5.9952038369E-11  9.9760923549E-01  1.9709065301E-03  1  VLT/XSHOOTER
2456451.3721  1.0813800000E-06  5.9952038369E-11  9.9382289342E-01  2.0056490217E-03  1  VLT/XSHOOTER
2456451.3721  1.0814400000E-06  5.9952038369E-11  9.9008984375E-01  1.9549402509E-03  1  VLT/XSHOOTER
2456451.3721  1.0815000000E-06  5.9952038369E-11  9.9912332589E-01  1.8717107773E-03  1  VLT/XSHOOTER
2456451.3721  1.0815600000E-06  5.9952038369E-11  9.8906815011E-01  1.8643350601E-03  1  VLT/XSHOOTER
2456451.3721  1.0816200000E-06  5.9952038369E-11  9.9566029576E-01  1.8855364663E-03  1  VLT/XSHOOTER
2456451.3721  1.0816800000E-06  5.9952038369E-11  9.9763602121E-01  1.8998385838E-03  1  VLT/XSHOOTER
2456451.3721  1.0817400000E-06  5.9952038369E-11  9.9101555525E-01  1.9148679461E-03  1  VLT/XSHOOTER
2456451.3721  1.0818000000E-06  5.9952038369E-11  1.0112508371E+00  1.9382907322E-03  1  VLT/XSHOOTER
2456451.3721  1.0818600000E-06  5.9952038369E-11  1.0403332868E+00  1.9602246966E-03  1  VLT/XSHOOTER
2456451.3721  1.0819200000E-06  5.9952038369E-11  1.0448166155E+00  1.9454430171E-03  1  VLT/XSHOOTER
2456451.3721  1.0819800000E-06  5.9952038369E-11  1.0393926479E+00  1.9339760372E-03  1  VLT/XSHOOTER
2456451.3721  1.0820400000E-06  5.9952038369E-11  1.0272891323E+00  1.8873188836E-03  1  VLT/XSHOOTER
2456451.3721  1.0821000000E-06  5.9952038369E-11  1.0094860491E+00  1.8642827443E-03  1  VLT/XSHOOTER
2456451.3721  1.0821600000E-06  5.9952038369E-11  1.0015709403E+00  1.8625247138E-03  1  VLT/XSHOOTER
2456451.3721  1.0822200000E-06  5.9952038369E-11  9.4375432478E-01  1.8606910706E-03  1  VLT/XSHOOTER
2456451.3721  1.0822800000E-06  5.9952038369E-11  8.0458154297E-01  1.8264496667E-03  1  VLT/XSHOOTER
2456451.3721  1.0823400000E-06  5.9952038369E-11  8.3326820592E-01  1.9035930634E-03  1  VLT/XSHOOTER
2456451.3721  1.0824000000E-06  5.9952038369E-11  1.0975668945E+00  2.0760934012E-03  1  VLT/XSHOOTER
2456451.3721  1.0824600000E-06  5.9952038369E-11  1.3925887277E+00  2.2316469465E-03  1  VLT/XSHOOTER
2456451.3721  1.0825200000E-06  5.9952038369E-11  1.6288549107E+00  2.4078543527E-03  1  VLT/XSHOOTER
2456451.3721  1.0825800000E-06  5.9952038369E-11  1.7809997210E+00  2.5067585536E-03  1  VLT/XSHOOTER
2456451.3721  1.0826400000E-06  5.9952038369E-11  1.9025654297E+00  2.5847375052E-03  1  VLT/XSHOOTER
2456451.3721  1.0827000000E-06  5.9952038369E-11  2.0279239676E+00  2.6648374285E-03  1  VLT/XSHOOTER
2456451.3721  1.0827600000E-06  5.9952038369E-11  2.1068229632E+00  2.7304951804E-03  1  VLT/XSHOOTER
2456451.3721  1.0828200000E-06  5.9952038369E-11  2.2008978795E+00  2.8226972307E-03  1  VLT/XSHOOTER
2456451.3721  1.0828800000E-06  5.9952038369E-11  2.2468950893E+00  2.9114524296E-03  1  VLT/XSHOOTER
2456451.3721  1.0829400000E-06  5.9952038369E-11  2.2381576451E+00  2.9578950065E-03  1  VLT/XSHOOTER
2456451.3721  1.0830000000E-06  5.9952038369E-11  2.2216971261E+00  2.9357773917E-03  1  VLT/XSHOOTER
2456451.3721  1.0830600000E-06  5.9952038369E-11  2.2213136161E+00  3.0747958592E-03  1  VLT/XSHOOTER
2456451.3721  1.0831200000E-06  5.9952038369E-11  2.1748962054E+00  3.3091103690E-03  1  VLT/XSHOOTER
2456451.3721  1.0831800000E-06  5.9952038369E-11  2.0771526228E+00  3.0407254355E-03  1  VLT/XSHOOTER
2456451.3721  1.0832400000E-06  5.9952038369E-11  1.9869679129E+00  2.6688889095E-03  1  VLT/XSHOOTER
2456451.3721  1.0833000000E-06  5.9952038369E-11  1.9206700614E+00  2.5635100773E-03  1  VLT/XSHOOTER
2456451.3721  1.0833600000E-06  5.9952038369E-11  1.7698803013E+00  2.4523773193E-03  1  VLT/XSHOOTER
2456451.3721  1.0834200000E-06  5.9952038369E-11  1.6182847377E+00  2.3408761706E-03  1  VLT/XSHOOTER
2456451.3721  1.0834800000E-06  5.9952038369E-11  1.5165954241E+00  2.2600774765E-03  1  VLT/XSHOOTER
2456451.3721  1.0835400000E-06  5.9952038369E-11  1.4265152065E+00  2.2062258039E-03  1  VLT/XSHOOTER
2456451.3721  1.0836000000E-06  5.9952038369E-11  1.3333341239E+00  2.1434412003E-03  1  VLT/XSHOOTER
2456451.3721  1.0836600000E-06  5.9952038369E-11  1.2527938058E+00  2.0835843767E-03  1  VLT/XSHOOTER
2456451.3721  1.0837200000E-06  5.9952038369E-11  1.1868529576E+00  2.0368319920E-03  1  VLT/XSHOOTER
2456451.3721  1.0837800000E-06  5.9952038369E-11  1.1154680525E+00  1.9744877134E-03  1  VLT/XSHOOTER
2456451.3721  1.0838400000E-06  5.9952038369E-11  1.0678878348E+00  1.9049167633E-03  1  VLT/XSHOOTER
2456451.3721  1.0839000000E-06  5.9952038369E-11  1.0540043945E+00  1.8589029312E-03  1  VLT/XSHOOTER
2456451.3721  1.0839600000E-06  5.9952038369E-11  1.0408863002E+00  1.8271481650E-03  1  VLT/XSHOOTER
2456451.3721  1.0840200000E-06  5.9952038369E-11  1.0277872489E+00  1.8147230148E-03  1  VLT/XSHOOTER
2456451.3721  1.0840800000E-06  5.9952038369E-11  1.0181878488E+00  1.8679246902E-03  1  VLT/XSHOOTER
2456451.3721  1.0841400000E-06  5.9952038369E-11  1.0117640206E+00  2.0371606009E-03  1  VLT/XSHOOTER
2456451.3721  1.0842000000E-06  5.9952038369E-11  1.0086531110E+00  2.0455040251E-03  1  VLT/XSHOOTER
2456451.3721  1.0842600000E-06  5.9952038369E-11  9.7373946708E-01  1.8648264749E-03  1  VLT/XSHOOTER
2456451.3721  1.0843200000E-06  5.9952038369E-11  9.4595012556E-01  1.7915838787E-03  1  VLT/XSHOOTER
2456451.3721  1.0843800000E-06  5.9952038369E-11  9.6935484096E-01  1.8055221013E-03  1  VLT/XSHOOTER
2456451.3721  1.0844400000E-06  5.9952038369E-11  9.9487200056E-01  1.8375986644E-03  1  VLT/XSHOOTER
2456451.3721  1.0845000000E-06  5.9952038369E-11  9.9664773996E-01  1.8417320251E-03  1  VLT/XSHOOTER
2456451.3721  1.0845600000E-06  5.9952038369E-11  9.9183921596E-01  1.7960834503E-03  1  VLT/XSHOOTER
2456451.3721  1.0846200000E-06  5.9952038369E-11  9.8183140346E-01  1.7709441866E-03  1  VLT/XSHOOTER
2456451.3721  1.0846800000E-06  5.9952038369E-11  9.8799100167E-01  1.7672263554E-03  1  VLT/XSHOOTER
2456451.3721  1.0847400000E-06  5.9952038369E-11  9.9738106864E-01  1.7631521225E-03  1  VLT/XSHOOTER
2456451.3721  1.0848000000E-06  5.9952038369E-11  9.9457156808E-01  1.7616567612E-03  1  VLT/XSHOOTER
2456451.3721  1.0848600000E-06  5.9952038369E-11  9.8825195313E-01  1.7689553670E-03  1  VLT/XSHOOTER
2456451.3721  1.0849200000E-06  5.9952038369E-11  9.8741517857E-01  1.7875804901E-03  1  VLT/XSHOOTER
2456451.3721  1.0849800000E-06  5.9952038369E-11  9.9842006138E-01  1.8080797195E-03  1  VLT/XSHOOTER
2456451.3721  1.0850400000E-06  5.9952038369E-11  1.0055759626E+00  1.8192620959E-03  1  VLT/XSHOOTER
2456451.3721  1.0851000000E-06  5.9952038369E-11  1.0016055385E+00  1.8187986101E-03  1  VLT/XSHOOTER
2456451.3721  1.0851600000E-06  5.9952038369E-11  9.9780636161E-01  1.8177810396E-03  1  VLT/XSHOOTER
2456451.3721  1.0852200000E-06  5.9952038369E-11  9.9771121652E-01  1.8093600954E-03  1  VLT/XSHOOTER
2456451.3721  1.0852800000E-06  5.9952038369E-11  9.9610232980E-01  1.7945131574E-03  1  VLT/XSHOOTER
2456451.3721  1.0853400000E-06  5.9952038369E-11  9.9593031529E-01  1.7759331294E-03  1  VLT/XSHOOTER
2456451.3721  1.0854000000E-06  5.9952038369E-11  9.9794712612E-01  1.7650534766E-03  1  VLT/XSHOOTER
2456451.3721  1.0854600000E-06  5.9952038369E-11  1.0036422294E+00  1.7592582703E-03  1  VLT/XSHOOTER
2456451.3721  1.0855200000E-06  5.9952038369E-11  1.0056304408E+00  1.7582838876E-03  1  VLT/XSHOOTER
2456451.3721  1.0855800000E-06  5.9952038369E-11  1.0053579799E+00  1.7920476368E-03  1  VLT/XSHOOTER
2456451.3721  1.0856400000E-06  5.9952038369E-11  9.9568024554E-01  1.8234518596E-03  1  VLT/XSHOOTER
2456451.3721  1.0857000000E-06  5.9952038369E-11  9.7699455915E-01  1.8164864949E-03  1  VLT/XSHOOTER
2456451.3721  1.0857600000E-06  5.9952038369E-11  9.7645235770E-01  1.7956537519E-03  1  VLT/XSHOOTER
2456451.3721  1.0858200000E-06  5.9952038369E-11  9.9727636719E-01  1.7938438143E-03  1  VLT/XSHOOTER
2456451.3721  1.0858800000E-06  5.9952038369E-11  1.0056918248E+00  1.8037086214E-03  1  VLT/XSHOOTER
2456451.3721  1.0859400000E-06  5.9952038369E-11  9.6515478516E-01  1.7718638011E-03  1  VLT/XSHOOTER
2456451.3721  1.0860000000E-06  5.9952038369E-11  9.2802239118E-01  1.7314575740E-03  1  VLT/XSHOOTER
2456451.3721  1.0860600000E-06  5.9952038369E-11  9.7041755022E-01  1.7563727243E-03  1  VLT/XSHOOTER
2456451.3721  1.0861200000E-06  5.9952038369E-11  2.6852673340E-01  2.9702767508E-02  1  VLT/XSHOOTER
2456451.3721  1.0861800000E-06  5.9952038369E-11  1.0020565709E+00  2.3309718541E-02  1  VLT/XSHOOTER
2456451.3721  1.0862400000E-06  5.9952038369E-11  7.7892696708E-01  9.6233389718E-03  1  VLT/XSHOOTER
2456451.3721  1.0863000000E-06  5.9952038369E-11  9.5742278181E-01  1.7006094796E-03  1  VLT/XSHOOTER
2456451.3721  1.0863600000E-06  5.9952038369E-11  9.7800746373E-01  1.7101928166E-03  1  VLT/XSHOOTER
2456451.3721  1.0864200000E-06  5.9952038369E-11  1.0040558036E+00  1.7618709292E-03  1  VLT/XSHOOTER
2456451.3721  1.0864800000E-06  5.9952038369E-11  1.0121988002E+00  1.7910683496E-03  1  VLT/XSHOOTER
2456451.3721  1.0865400000E-06  5.9952038369E-11  1.0079039481E+00  1.7856606075E-03  1  VLT/XSHOOTER
2456451.3721  1.0866000000E-06  5.9952038369E-11  1.0003172433E+00  1.7610006332E-03  1  VLT/XSHOOTER
2456451.3721  1.0866600000E-06  5.9952038369E-11  9.9811509487E-01  1.7663890294E-03  1  VLT/XSHOOTER
2456451.3721  1.0867200000E-06  5.9952038369E-11  9.8834898158E-01  1.7711128507E-03  1  VLT/XSHOOTER
2456451.3721  1.0867800000E-06  5.9952038369E-11  9.2802832031E-01  1.7350551060E-03  1  VLT/XSHOOTER
2456451.3721  1.0868400000E-06  5.9952038369E-11  8.6754464286E-01  1.7008112499E-03  1  VLT/XSHOOTER
2456451.3721  1.0869000000E-06  5.9952038369E-11  8.6744433594E-01  1.7101127080E-03  1  VLT/XSHOOTER
2456451.3721  1.0869600000E-06  5.9952038369E-11  9.3094252232E-01  1.7290382385E-03  1  VLT/XSHOOTER
2456451.3721  1.0870200000E-06  5.9952038369E-11  9.7626297433E-01  1.7344206401E-03  1  VLT/XSHOOTER
2456451.3721  1.0870800000E-06  5.9952038369E-11  9.8768205915E-01  1.7343613761E-03  1  VLT/XSHOOTER
2456451.3721  1.0871400000E-06  5.9952038369E-11  9.8888881138E-01  1.7242678234E-03  1  VLT/XSHOOTER
2456451.3721  1.0872000000E-06  5.9952038369E-11  9.8361063058E-01  1.7127963475E-03  1  VLT/XSHOOTER
2456451.3721  1.0872600000E-06  5.9952038369E-11  9.7911628069E-01  1.7121161052E-03  1  VLT/XSHOOTER
2456451.3721  1.0873200000E-06  5.9952038369E-11  9.6516552734E-01  1.7115888596E-03  1  VLT/XSHOOTER
2456451.3721  1.0873800000E-06  5.9952038369E-11  9.8394266183E-01  1.7270400184E-03  1  VLT/XSHOOTER
2456451.3721  1.0874400000E-06  5.9952038369E-11  9.8727378627E-01  1.7119692394E-03  1  VLT/XSHOOTER
2456451.3721  1.0875000000E-06  5.9952038369E-11  9.8695542690E-01  1.7272690364E-03  1  VLT/XSHOOTER
2456451.3721  1.0875600000E-06  5.9952038369E-11  9.9433433315E-01  1.7495128087E-03  1  VLT/XSHOOTER
2456451.3721  1.0876200000E-06  5.9952038369E-11  9.9802406529E-01  1.7541326795E-03  1  VLT/XSHOOTER
2456451.3721  1.0876800000E-06  5.9952038369E-11  1.0014182478E+00  1.7669864382E-03  1  VLT/XSHOOTER
2456451.3721  1.0877400000E-06  5.9952038369E-11  1.0048888811E+00  1.7731398174E-03  1  VLT/XSHOOTER
2456451.3721  1.0878000000E-06  5.9952038369E-11  1.0032124721E+00  1.7640777315E-03  1  VLT/XSHOOTER
2456451.3721  1.0878600000E-06  5.9952038369E-11  1.0009379883E+00  1.7592499597E-03  1  VLT/XSHOOTER
2456451.3721  1.0879200000E-06  5.9952038369E-11  9.9228829520E-01  1.7456630979E-03  1  VLT/XSHOOTER
2456451.3721  1.0879800000E-06  5.9952038369E-11  9.8765771484E-01  1.7363848005E-03  1  VLT/XSHOOTER
2456451.3721  1.0880400000E-06  5.9952038369E-11  9.8246812221E-01  1.7181411471E-03  1  VLT/XSHOOTER
2456451.3721  1.0881000000E-06  5.9952038369E-11  9.5972684152E-01  1.6933309010E-03  1  VLT/XSHOOTER
2456451.3721  1.0881600000E-06  5.9952038369E-11  9.5063483538E-01  1.6751653126E-03  1  VLT/XSHOOTER
2456451.3721  1.0882200000E-06  5.9952038369E-11  9.5707854353E-01  1.6701722826E-03  1  VLT/XSHOOTER
2456451.3721  1.0882800000E-06  5.9952038369E-11  9.6186160714E-01  1.6679887772E-03  1  VLT/XSHOOTER
2456451.3721  1.0883400000E-06  5.9952038369E-11  9.4894614955E-01  1.6516689573E-03  1  VLT/XSHOOTER
2456451.3721  1.0884000000E-06  5.9952038369E-11  9.4122202846E-01  1.6448621750E-03  1  VLT/XSHOOTER
2456451.3721  1.0884600000E-06  5.9952038369E-11  9.4326932199E-01  1.6445458276E-03  1  VLT/XSHOOTER
2456451.3721  1.0885200000E-06  5.9952038369E-11  9.6579115513E-01  1.6781643459E-03  1  VLT/XSHOOTER
2456451.3721  1.0885800000E-06  5.9952038369E-11  9.8914850725E-01  1.6958657673E-03  1  VLT/XSHOOTER
2456451.3721  1.0886400000E-06  5.9952038369E-11  9.9298179408E-01  1.7071123123E-03  1  VLT/XSHOOTER
2456451.3721  1.0887000000E-06  5.9952038369E-11  9.9250857980E-01  1.7103659766E-03  1  VLT/XSHOOTER
2456451.3721  1.0887600000E-06  5.9952038369E-11  9.9255147879E-01  1.7159869330E-03  1  VLT/XSHOOTER
2456451.3721  1.0888200000E-06  5.9952038369E-11  9.8099916295E-01  1.7123956680E-03  1  VLT/XSHOOTER
2456451.3721  1.0888800000E-06  5.9952038369E-11  9.7730636161E-01  1.7318112510E-03  1  VLT/XSHOOTER
2456451.3721  1.0889400000E-06  5.9952038369E-11  9.9361314174E-01  1.7605788367E-03  1  VLT/XSHOOTER
2456451.3721  1.0890000000E-06  5.9952038369E-11  9.8434026228E-01  1.8131460462E-03  1  VLT/XSHOOTER
2456451.3721  1.0890600000E-06  5.9952038369E-11  9.6566441127E-01  1.7962962559E-03  1  VLT/XSHOOTER
2456451.3721  1.0891200000E-06  5.9952038369E-11  9.7373053850E-01  1.7154705865E-03  1  VLT/XSHOOTER
2456451.3721  1.0891800000E-06  5.9952038369E-11  9.7484507533E-01  1.7111933572E-03  1  VLT/XSHOOTER
2456451.3721  1.0892400000E-06  5.9952038369E-11  9.7993610491E-01  1.7066680363E-03  1  VLT/XSHOOTER
2456451.3721  1.0893000000E-06  5.9952038369E-11  9.4729624721E-01  2.0152841296E-03  1  VLT/XSHOOTER
2456451.3721  1.0893600000E-06  5.9952038369E-11  8.9257428850E-01  2.2135690962E-03  1  VLT/XSHOOTER
2456451.3721  1.0894200000E-06  5.9952038369E-11  9.2733656529E-01  2.1442664010E-03  1  VLT/XSHOOTER
2456451.3721  1.0894800000E-06  5.9952038369E-11  9.1370361328E-01  2.0247347695E-03  1  VLT/XSHOOTER
2456451.3721  1.0895400000E-06  5.9952038369E-11  9.5655085100E-01  1.8208716256E-03  1  VLT/XSHOOTER
2456451.3721  1.0896000000E-06  5.9952038369E-11  9.6689411272E-01  1.7989688601E-03  1  VLT/XSHOOTER
2456451.3721  1.0896600000E-06  5.9952038369E-11  9.9509193638E-01  1.7062061855E-03  1  VLT/XSHOOTER
2456451.3721  1.0897200000E-06  5.9952038369E-11  9.9910742188E-01  1.6793285097E-03  1  VLT/XSHOOTER
2456451.3721  1.0897800000E-06  5.9952038369E-11  9.9441434152E-01  1.6734025138E-03  1  VLT/XSHOOTER
2456451.3721  1.0898400000E-06  5.9952038369E-11  9.8665457589E-01  1.6674330575E-03  1  VLT/XSHOOTER
2456451.3721  1.0899000000E-06  5.9952038369E-11  9.9370438058E-01  1.6724827630E-03  1  VLT/XSHOOTER
2456451.3721  1.0899600000E-06  5.9952038369E-11  9.9856996373E-01  1.6843760354E-03  1  VLT/XSHOOTER
2456451.3721  1.0900200000E-06  5.9952038369E-11  9.8392243304E-01  1.6786147526E-03  1  VLT/XSHOOTER
2456451.3721  1.0900800000E-06  5.9952038369E-11  9.4177001953E-01  1.6463176182E-03  1  VLT/XSHOOTER
2456451.3721  1.0901400000E-06  5.9952038369E-11  9.6193031529E-01  1.8187849862E-03  1  VLT/XSHOOTER
2456451.3721  1.0902000000E-06  5.9952038369E-11  9.9206794085E-01  2.1757707596E-03  1  VLT/XSHOOTER
2456451.3721  1.0902600000E-06  5.9952038369E-11  1.0029912109E+00  2.1940078735E-03  1  VLT/XSHOOTER
2456451.3721  1.0903200000E-06  5.9952038369E-11  1.0035818917E+00  2.0028791428E-03  1  VLT/XSHOOTER
2456451.3721  1.0903800000E-06  5.9952038369E-11  9.8441678292E-01  1.7051388877E-03  1  VLT/XSHOOTER
2456451.3721  1.0904400000E-06  5.9952038369E-11  9.6681682478E-01  1.6907328197E-03  1  VLT/XSHOOTER
2456451.3721  1.0905000000E-06  5.9952038369E-11  8.9653829520E-01  1.8614909308E-03  1  VLT/XSHOOTER
2456451.3721  1.0905600000E-06  5.9952038369E-11  9.2524100167E-01  1.8990204675E-03  1  VLT/XSHOOTER
2456451.3721  1.0906200000E-06  5.9952038369E-11  9.4864920480E-01  1.8673207419E-03  1  VLT/XSHOOTER
2456451.3721  1.0906800000E-06  5.9952038369E-11  1.0036646903E+00  1.7236324038E-03  1  VLT/XSHOOTER
2456451.3721  1.0907400000E-06  5.9952038369E-11  1.0102041713E+00  1.7275905609E-03  1  VLT/XSHOOTER
2456451.3721  1.0908000000E-06  5.9952038369E-11  1.0104386161E+00  1.7218772343E-03  1  VLT/XSHOOTER
2456451.3721  1.0908600000E-06  5.9952038369E-11  1.0036486468E+00  1.7146538326E-03  1  VLT/XSHOOTER
2456451.3721  1.0909200000E-06  5.9952038369E-11  1.0021403460E+00  1.7064627239E-03  1  VLT/XSHOOTER
2456451.3721  1.0909800000E-06  5.9952038369E-11  9.9930712891E-01  1.6968530927E-03  1  VLT/XSHOOTER
2456451.3721  1.0910400000E-06  5.9952038369E-11  1.0020666155E+00  1.6966624941E-03  1  VLT/XSHOOTER
2456451.3721  1.0911000000E-06  5.9952038369E-11  1.0104070173E+00  1.6995874132E-03  1  VLT/XSHOOTER
2456451.3721  1.0911600000E-06  5.9952038369E-11  1.0182956194E+00  1.6992612566E-03  1  VLT/XSHOOTER
2456451.3721  1.0912200000E-06  5.9952038369E-11  1.0111692941E+00  1.6860760280E-03  1  VLT/XSHOOTER
2456451.3721  1.0912800000E-06  5.9952038369E-11  9.8236265346E-01  1.8578436715E-03  1  VLT/XSHOOTER
2456451.3721  1.0913400000E-06  5.9952038369E-11  9.4318673270E-01  2.0099697113E-03  1  VLT/XSHOOTER
2456451.3721  1.0914000000E-06  5.9952038369E-11  8.9422495815E-01  1.9643175943E-03  1  VLT/XSHOOTER
2456451.3721  1.0914600000E-06  5.9952038369E-11  9.1852587891E-01  1.8319933755E-03  1  VLT/XSHOOTER
2456451.3721  1.0915200000E-06  5.9952038369E-11  9.6040206473E-01  1.8924713135E-03  1  VLT/XSHOOTER
2456451.3721  1.0915800000E-06  5.9952038369E-11  9.7526918248E-01  1.8848319735E-03  1  VLT/XSHOOTER
2456451.3721  1.0916400000E-06  5.9952038369E-11  9.9893045480E-01  1.6595097951E-03  1  VLT/XSHOOTER
2456451.3721  1.0917000000E-06  5.9952038369E-11  9.9524546596E-01  1.6650772095E-03  1  VLT/XSHOOTER
2456451.3721  1.0917600000E-06  5.9952038369E-11  9.9428522600E-01  1.6483538491E-03  1  VLT/XSHOOTER
2456451.3721  1.0918200000E-06  5.9952038369E-11  9.9395744978E-01  1.6484460831E-03  1  VLT/XSHOOTER
2456451.3721  1.0918800000E-06  5.9952038369E-11  1.0084848633E+00  2.0221710205E-03  1  VLT/XSHOOTER
2456451.3721  1.0919400000E-06  5.9952038369E-11  1.0148835100E+00  2.0381295340E-03  1  VLT/XSHOOTER
2456451.3721  1.0920000000E-06  5.9952038369E-11  9.9842173549E-01  1.6712602888E-03  1  VLT/XSHOOTER
2456451.3721  1.0920600000E-06  5.9952038369E-11  1.0017495117E+00  1.6783696583E-03  1  VLT/XSHOOTER
2456451.3721  1.0921200000E-06  5.9952038369E-11  9.9661418806E-01  1.6995744705E-03  1  VLT/XSHOOTER
2456451.3721  1.0921800000E-06  5.9952038369E-11  9.9165025112E-01  1.7017850876E-03  1  VLT/XSHOOTER
2456451.3721  1.0922400000E-06  5.9952038369E-11  9.4325592913E-01  1.6988934108E-03  1  VLT/XSHOOTER
2456451.3721  1.0923000000E-06  5.9952038369E-11  9.0492724609E-01  1.9651929310E-03  1  VLT/XSHOOTER
2456451.3721  1.0923600000E-06  5.9952038369E-11  9.6295675223E-01  2.1214932033E-03  1  VLT/XSHOOTER
2456451.3721  1.0924200000E-06  5.9952038369E-11  9.7070514788E-01  1.8188665935E-03  1  VLT/XSHOOTER
2456451.3721  1.0924800000E-06  5.9952038369E-11  9.3100662667E-01  1.6330484663E-03  1  VLT/XSHOOTER
2456451.3721  1.0925400000E-06  5.9952038369E-11  9.4542229353E-01  1.6332582746E-03  1  VLT/XSHOOTER
2456451.3721  1.0926000000E-06  5.9952038369E-11  9.7752915737E-01  1.6717683247E-03  1  VLT/XSHOOTER
2456451.3721  1.0926600000E-06  5.9952038369E-11  1.0047764369E+00  1.7052927017E-03  1  VLT/XSHOOTER
2456451.3721  1.0927200000E-06  5.9952038369E-11  1.0205410854E+00  1.6992171151E-03  1  VLT/XSHOOTER
2456451.3721  1.0927800000E-06  5.9952038369E-11  1.0215066964E+00  1.7024243219E-03  1  VLT/XSHOOTER
2456451.3721  1.0928400000E-06  5.9952038369E-11  1.0239279436E+00  1.7049518313E-03  1  VLT/XSHOOTER
2456451.3721  1.0929000000E-06  5.9952038369E-11  1.0282967355E+00  1.7128073829E-03  1  VLT/XSHOOTER
2456451.3721  1.0929600000E-06  5.9952038369E-11  1.0450196010E+00  1.7252486093E-03  1  VLT/XSHOOTER
2456451.3721  1.0930200000E-06  5.9952038369E-11  1.0619600307E+00  1.7394828796E-03  1  VLT/XSHOOTER
2456451.3721  1.0930800000E-06  5.9952038369E-11  1.0507418387E+00  1.7963232313E-03  1  VLT/XSHOOTER
2456451.3721  1.0931400000E-06  5.9952038369E-11  1.0528855329E+00  1.8800701414E-03  1  VLT/XSHOOTER
2456451.3721  1.0932000000E-06  5.9952038369E-11  1.1101462751E+00  1.9250290734E-03  1  VLT/XSHOOTER
2456451.3721  1.0932600000E-06  5.9952038369E-11  1.2013381696E+00  1.9236360277E-03  1  VLT/XSHOOTER
2456451.3721  1.0933200000E-06  5.9952038369E-11  1.3039859096E+00  1.9459003721E-03  1  VLT/XSHOOTER
2456451.3721  1.0933800000E-06  5.9952038369E-11  1.4096403460E+00  2.0329915455E-03  1  VLT/XSHOOTER
2456451.3721  1.0934400000E-06  5.9952038369E-11  1.5429377790E+00  2.1276954923E-03  1  VLT/XSHOOTER
2456451.3721  1.0935000000E-06  5.9952038369E-11  1.6703240792E+00  2.2311589377E-03  1  VLT/XSHOOTER
2456451.3721  1.0935600000E-06  5.9952038369E-11  1.8233620257E+00  2.3414551871E-03  1  VLT/XSHOOTER
2456451.3721  1.0936200000E-06  5.9952038369E-11  1.9304236886E+00  2.4112821307E-03  1  VLT/XSHOOTER
2456451.3721  1.0936800000E-06  5.9952038369E-11  1.9499335937E+00  2.4333776746E-03  1  VLT/XSHOOTER
2456451.3721  1.0937400000E-06  5.9952038369E-11  1.9418821150E+00  2.4310537066E-03  1  VLT/XSHOOTER
2456451.3721  1.0938000000E-06  5.9952038369E-11  1.9370322266E+00  2.4219289507E-03  1  VLT/XSHOOTER
2456451.3721  1.0938600000E-06  5.9952038369E-11  1.8940510603E+00  2.3916593279E-03  1  VLT/XSHOOTER
2456451.3721  1.0939200000E-06  5.9952038369E-11  1.7845145089E+00  2.3087158203E-03  1  VLT/XSHOOTER
2456451.3721  1.0939800000E-06  5.9952038369E-11  1.6439789342E+00  2.2079503196E-03  1  VLT/XSHOOTER
2456451.3721  1.0940400000E-06  5.9952038369E-11  1.5087247489E+00  2.1045837402E-03  1  VLT/XSHOOTER
2456451.3721  1.0941000000E-06  5.9952038369E-11  1.3855241350E+00  2.0102808816E-03  1  VLT/XSHOOTER
2456451.3721  1.0941600000E-06  5.9952038369E-11  1.2818570033E+00  1.9345167705E-03  1  VLT/XSHOOTER
2456451.3721  1.0942200000E-06  5.9952038369E-11  1.1833215681E+00  1.8508129120E-03  1  VLT/XSHOOTER
2456451.3721  1.0942800000E-06  5.9952038369E-11  1.1183678153E+00  1.8009000506E-03  1  VLT/XSHOOTER
2456451.3721  1.0943400000E-06  5.9952038369E-11  1.0793023158E+00  1.7634981700E-03  1  VLT/XSHOOTER
2456451.3721  1.0944000000E-06  5.9952038369E-11  1.0309213170E+00  1.7204085759E-03  1  VLT/XSHOOTER
2456451.3721  1.0944600000E-06  5.9952038369E-11  1.0126416016E+00  1.7090103967E-03  1  VLT/XSHOOTER
2456451.3721  1.0945200000E-06  5.9952038369E-11  1.0172648577E+00  1.7096855981E-03  1  VLT/XSHOOTER
2456451.3721  1.0945800000E-06  5.9952038369E-11  9.8474972098E-01  1.6826934814E-03  1  VLT/XSHOOTER
2456451.3721  1.0946400000E-06  5.9952038369E-11  9.5184591239E-01  1.6561637606E-03  1  VLT/XSHOOTER
2456451.3721  1.0947000000E-06  5.9952038369E-11  9.7535595703E-01  1.6762920107E-03  1  VLT/XSHOOTER
2456451.3721  1.0947600000E-06  5.9952038369E-11  9.8575746373E-01  1.7429733276E-03  1  VLT/XSHOOTER
2456451.3721  1.0948200000E-06  5.9952038369E-11  9.9547767857E-01  1.8996720995E-03  1  VLT/XSHOOTER
2456451.3721  1.0948800000E-06  5.9952038369E-11  1.0075924247E+00  1.8524712154E-03  1  VLT/XSHOOTER
2456451.3721  1.0949400000E-06  5.9952038369E-11  1.0154718890E+00  1.7321269172E-03  1  VLT/XSHOOTER
2456451.3721  1.0950000000E-06  5.9952038369E-11  1.0084784459E+00  1.7014760971E-03  1  VLT/XSHOOTER
2456451.3721  1.0950600000E-06  5.9952038369E-11  1.0017594169E+00  1.6966205324E-03  1  VLT/XSHOOTER
2456451.3721  1.0951200000E-06  5.9952038369E-11  9.9123311942E-01  1.6867273876E-03  1  VLT/XSHOOTER
2456451.3721  1.0951800000E-06  5.9952038369E-11  9.7282645089E-01  1.6699448994E-03  1  VLT/XSHOOTER
2456451.3721  1.0952400000E-06  5.9952038369E-11  9.5268191964E-01  1.6513786316E-03  1  VLT/XSHOOTER
2456451.3721  1.0953000000E-06  5.9952038369E-11  9.7014146205E-01  1.6640134539E-03  1  VLT/XSHOOTER
2456451.3721  1.0953600000E-06  5.9952038369E-11  9.9049288504E-01  1.6844558716E-03  1  VLT/XSHOOTER
2456451.3721  1.0954200000E-06  5.9952038369E-11  9.8542926897E-01  1.6768978664E-03  1  VLT/XSHOOTER
2456451.3721  1.0954800000E-06  5.9952038369E-11  9.8385958426E-01  1.6702078411E-03  1  VLT/XSHOOTER
2456451.3721  1.0955400000E-06  5.9952038369E-11  9.6948897879E-01  1.6524404798E-03  1  VLT/XSHOOTER
2456451.3721  1.0956000000E-06  5.9952038369E-11  8.9353766741E-01  1.5905185427E-03  1  VLT/XSHOOTER
2456451.3721  1.0956600000E-06  5.9952038369E-11  8.5808837891E-01  1.5712688991E-03  1  VLT/XSHOOTER
2456451.3721  1.0957200000E-06  5.9952038369E-11  9.1485525949E-01  1.6321819850E-03  1  VLT/XSHOOTER
2456451.3721  1.0957800000E-06  5.9952038369E-11  9.7478787667E-01  1.6700820923E-03  1  VLT/XSHOOTER
2456451.3721  1.0958400000E-06  5.9952038369E-11  9.9378982980E-01  1.6650195803E-03  1  VLT/XSHOOTER
2456451.3721  1.0959000000E-06  5.9952038369E-11  9.8965220424E-01  1.6592246464E-03  1  VLT/XSHOOTER
2456451.3721  1.0959600000E-06  5.9952038369E-11  9.6198430525E-01  1.6351774761E-03  1  VLT/XSHOOTER
2456451.3721  1.0960200000E-06  5.9952038369E-11  9.6564006696E-01  1.6363582611E-03  1  VLT/XSHOOTER
2456451.3721  1.0960800000E-06  5.9952038369E-11  9.8030684989E-01  1.6486057554E-03  1  VLT/XSHOOTER
2456451.3721  1.0961400000E-06  5.9952038369E-11  9.7444531250E-01  1.6440138136E-03  1  VLT/XSHOOTER
2456451.3721  1.0962000000E-06  5.9952038369E-11  9.6890541295E-01  1.6301623753E-03  1  VLT/XSHOOTER
2456451.3721  1.0962600000E-06  5.9952038369E-11  9.5354938616E-01  1.6552183969E-03  1  VLT/XSHOOTER
2456451.3721  1.0963200000E-06  5.9952038369E-11  9.5181012835E-01  1.6632668631E-03  1  VLT/XSHOOTER
2456451.3721  1.0963800000E-06  5.9952038369E-11  8.9132240513E-01  1.7867969785E-03  1  VLT/XSHOOTER
2456451.3721  1.0964400000E-06  5.9952038369E-11  8.3173360770E-01  2.0246031625E-03  1  VLT/XSHOOTER
2456451.3721  1.0965000000E-06  5.9952038369E-11  8.9379966518E-01  1.6823947089E-03  1  VLT/XSHOOTER
2456451.3721  1.0965600000E-06  5.9952038369E-11  9.2068777902E-01  1.7104121617E-03  1  VLT/XSHOOTER
2456451.3721  1.0966200000E-06  5.9952038369E-11  9.4217027065E-01  1.7224704197E-03  1  VLT/XSHOOTER
2456451.3721  1.0966800000E-06  5.9952038369E-11  9.6039369420E-01  1.6271415438E-03  1  VLT/XSHOOTER
2456451.3721  1.0967400000E-06  5.9952038369E-11  9.5396547154E-01  1.6204327175E-03  1  VLT/XSHOOTER
2456451.3721  1.0968000000E-06  5.9952038369E-11  9.6503362165E-01  1.6233626774E-03  1  VLT/XSHOOTER
2456451.3721  1.0968600000E-06  5.9952038369E-11  9.7854143415E-01  1.6325943811E-03  1  VLT/XSHOOTER
2456451.3721  1.0969200000E-06  5.9952038369E-11  9.6725285993E-01  1.6541496004E-03  1  VLT/XSHOOTER
2456451.3721  1.0969800000E-06  5.9952038369E-11  9.5980343192E-01  1.6762402398E-03  1  VLT/XSHOOTER
2456451.3721  1.0970400000E-06  5.9952038369E-11  9.6596316964E-01  1.6780351911E-03  1  VLT/XSHOOTER
2456451.3721  1.0971000000E-06  5.9952038369E-11  9.7823207310E-01  1.6661838804E-03  1  VLT/XSHOOTER
2456451.3721  1.0971600000E-06  5.9952038369E-11  9.7786900112E-01  1.8465901784E-03  1  VLT/XSHOOTER
2456451.3721  1.0972200000E-06  5.9952038369E-11  9.7034535435E-01  2.1776775633E-03  1  VLT/XSHOOTER
2456451.3721  1.0972800000E-06  5.9952038369E-11  9.3600334821E-01  1.9960947037E-03  1  VLT/XSHOOTER
2456451.3721  1.0973400000E-06  5.9952038369E-11  9.4433809989E-01  1.7030386244E-03  1  VLT/XSHOOTER
2456451.3721  1.0974000000E-06  5.9952038369E-11  9.7472949219E-01  1.6745956966E-03  1  VLT/XSHOOTER
2456451.3721  1.0974600000E-06  5.9952038369E-11  9.8661725725E-01  1.6815013885E-03  1  VLT/XSHOOTER
2456451.3721  1.0975200000E-06  5.9952038369E-11  9.6878829520E-01  1.6660404205E-03  1  VLT/XSHOOTER
2456451.3721  1.0975800000E-06  5.9952038369E-11  9.3750348772E-01  1.6482865470E-03  1  VLT/XSHOOTER
2456451.3721  1.0976400000E-06  5.9952038369E-11  9.3775634766E-01  1.6521573748E-03  1  VLT/XSHOOTER
2456451.3721  1.0977000000E-06  5.9952038369E-11  9.4698814174E-01  1.6641639982E-03  1  VLT/XSHOOTER
2456451.3721  1.0977600000E-06  5.9952038369E-11  9.4274128069E-01  1.6531729017E-03  1  VLT/XSHOOTER
2456451.3721  1.0978200000E-06  5.9952038369E-11  8.8271309989E-01  1.8454521724E-03  1  VLT/XSHOOTER
2456451.3721  1.0978800000E-06  5.9952038369E-11  8.5117396763E-01  1.9906260627E-03  1  VLT/XSHOOTER
2456451.3721  1.0979400000E-06  5.9952038369E-11  8.8183607701E-01  1.9026824406E-03  1  VLT/XSHOOTER
2456451.3721  1.0980000000E-06  5.9952038369E-11  9.4187325614E-01  1.7694218499E-03  1  VLT/XSHOOTER
2456451.3721  1.0980600000E-06  5.9952038369E-11  9.6844175502E-01  1.6644596372E-03  1  VLT/XSHOOTER
2456451.3721  1.0981200000E-06  5.9952038369E-11  9.8376206752E-01  1.7383460999E-03  1  VLT/XSHOOTER
2456451.3721  1.0981800000E-06  5.9952038369E-11  9.5194977679E-01  1.6514651435E-03  1  VLT/XSHOOTER
2456451.3721  1.0982400000E-06  5.9952038369E-11  9.5832156808E-01  1.6505350385E-03  1  VLT/XSHOOTER
2456451.3721  1.0983000000E-06  5.9952038369E-11  9.6676702009E-01  1.6608540671E-03  1  VLT/XSHOOTER
2456451.3721  1.0983600000E-06  5.9952038369E-11  9.5448932757E-01  1.6411421640E-03  1  VLT/XSHOOTER
2456451.3721  1.0984200000E-06  5.9952038369E-11  9.4122293527E-01  1.6125347955E-03  1  VLT/XSHOOTER
2456451.3721  1.0984800000E-06  5.9952038369E-11  9.5490513393E-01  1.6165836879E-03  1  VLT/XSHOOTER
2456451.3721  1.0985400000E-06  5.9952038369E-11  9.4803780692E-01  1.6097290856E-03  1  VLT/XSHOOTER
2456451.3721  1.0986000000E-06  5.9952038369E-11  9.3309284319E-01  1.5962998526E-03  1  VLT/XSHOOTER
2456451.3721  1.0986600000E-06  5.9952038369E-11  9.4048151507E-01  1.6076978956E-03  1  VLT/XSHOOTER
2456451.3721  1.0987200000E-06  5.9952038369E-11  9.5609214565E-01  1.6335217612E-03  1  VLT/XSHOOTER
2456451.3721  1.0987800000E-06  5.9952038369E-11  9.6118059431E-01  1.6216171810E-03  1  VLT/XSHOOTER
2456451.3721  1.0988400000E-06  5.9952038369E-11  9.5593254743E-01  1.6282133375E-03  1  VLT/XSHOOTER
2456451.3721  1.0989000000E-06  5.9952038369E-11  9.7099804688E-01  1.6436516898E-03  1  VLT/XSHOOTER
2456451.3721  1.0989600000E-06  5.9952038369E-11  9.7376436942E-01  1.6489662443E-03  1  VLT/XSHOOTER
2456451.3721  1.0990200000E-06  5.9952038369E-11  9.6946414621E-01  1.6512214116E-03  1  VLT/XSHOOTER
2456451.3721  1.0990800000E-06  5.9952038369E-11  9.7363497489E-01  1.6602739607E-03  1  VLT/XSHOOTER
2456451.3721  1.0991400000E-06  5.9952038369E-11  9.7702783203E-01  1.6755721228E-03  1  VLT/XSHOOTER
2456451.3721  1.0992000000E-06  5.9952038369E-11  9.6984647042E-01  1.6808304105E-03  1  VLT/XSHOOTER
2456451.3721  1.0992600000E-06  5.9952038369E-11  9.7544342913E-01  1.6848524639E-03  1  VLT/XSHOOTER
2456451.3721  1.0993200000E-06  5.9952038369E-11  9.4370807757E-01  1.6592265538E-03  1  VLT/XSHOOTER
2456451.3721  1.0993800000E-06  5.9952038369E-11  8.6517954799E-01  1.5961502620E-03  1  VLT/XSHOOTER
2456451.3721  1.0994400000E-06  5.9952038369E-11  9.0726241629E-01  1.6352528163E-03  1  VLT/XSHOOTER
2456451.3721  1.0995000000E-06  5.9952038369E-11  9.4053669085E-01  1.6574019023E-03  1  VLT/XSHOOTER
2456451.3721  1.0995600000E-06  5.9952038369E-11  9.3780099051E-01  1.6531750815E-03  1  VLT/XSHOOTER
2456451.3721  1.0996200000E-06  5.9952038369E-11  9.2131326730E-01  1.6342131751E-03  1  VLT/XSHOOTER
2456451.3721  1.0996800000E-06  5.9952038369E-11  9.2878822545E-01  1.6265544891E-03  1  VLT/XSHOOTER
2456451.3721  1.0997400000E-06  5.9952038369E-11  9.5925934710E-01  1.6455516815E-03  1  VLT/XSHOOTER
2456451.3721  1.0998000000E-06  5.9952038369E-11  9.7039041574E-01  1.6578047616E-03  1  VLT/XSHOOTER
2456451.3721  1.0998600000E-06  5.9952038369E-11  9.7841831752E-01  1.6622772217E-03  1  VLT/XSHOOTER
2456451.3721  1.0999200000E-06  5.9952038369E-11  9.6419900949E-01  1.6316047396E-03  1  VLT/XSHOOTER
2456451.3721  1.0999800000E-06  5.9952038369E-11  9.5815583147E-01  1.6168891362E-03  1  VLT/XSHOOTER
