2456451.3721  4.0900000000E-07  2.0000000000E-12  9.8384040864E-01  1.0140971146E-02  1  VLT/XSHOOTER
2456451.3721  4.0902000000E-07  2.0000000000E-12  9.6155543386E-01  1.0034671291E-02  1  VLT/XSHOOTER
2456451.3721  4.0904000000E-07  2.0000000000E-12  9.9776907713E-01  1.0153309063E-02  1  VLT/XSHOOTER
2456451.3721  4.0906000000E-07  2.0000000000E-12  1.0509276684E+00  1.0363108827E-02  1  VLT/XSHOOTER
2456451.3721  4.0908000000E-07  2.0000000000E-12  1.1464169192E+00  1.0722308983E-02  1  VLT/XSHOOTER
2456451.3721  4.0910000000E-07  2.0000000000E-12  1.2187548822E+00  1.0947602276E-02  1  VLT/XSHOOTER
2456451.3721  4.0912000000E-07  2.0000000000E-12  1.1504262759E+00  1.0770214683E-02  1  VLT/XSHOOTER
2456451.3721  4.0914000000E-07  2.0000000000E-12  1.1396904149E+00  1.0694169704E-02  1  VLT/XSHOOTER
2456451.3721  4.0916000000E-07  2.0000000000E-12  1.2067310506E+00  1.0877885691E-02  1  VLT/XSHOOTER
2456451.3721  4.0918000000E-07  2.0000000000E-12  1.0532514941E+00  1.0302449450E-02  1  VLT/XSHOOTER
2456451.3721  4.0920000000E-07  2.0000000000E-12  8.2866723645E-01  9.4162081004E-03  1  VLT/XSHOOTER
2456451.3721  4.0922000000E-07  2.0000000000E-12  6.9387616444E-01  8.7332964679E-03  1  VLT/XSHOOTER
2456451.3721  4.0924000000E-07  2.0000000000E-12  7.5026366936E-01  8.9441981826E-03  1  VLT/XSHOOTER
2456451.3721  4.0926000000E-07  2.0000000000E-12  9.9169154226E-01  9.9110566540E-03  1  VLT/XSHOOTER
2456451.3721  4.0928000000E-07  2.0000000000E-12  1.2273720949E+00  1.0790878853E-02  1  VLT/XSHOOTER
2456451.3721  4.0930000000E-07  2.0000000000E-12  1.2942167368E+00  1.1066955058E-02  1  VLT/XSHOOTER
2456451.3721  4.0932000000E-07  2.0000000000E-12  1.3211674945E+00  1.1159865944E-02  1  VLT/XSHOOTER
2456451.3721  4.0934000000E-07  2.0000000000E-12  1.3310687532E+00  1.1193098600E-02  1  VLT/XSHOOTER
2456451.3721  4.0936000000E-07  2.0000000000E-12  1.3405857165E+00  1.1222855544E-02  1  VLT/XSHOOTER
2456451.3721  4.0938000000E-07  2.0000000000E-12  1.3005952089E+00  1.1056140372E-02  1  VLT/XSHOOTER
2456451.3721  4.0940000000E-07  2.0000000000E-12  1.2254262069E+00  1.0799424638E-02  1  VLT/XSHOOTER
2456451.3721  4.0942000000E-07  2.0000000000E-12  1.1384984397E+00  1.0448260072E-02  1  VLT/XSHOOTER
2456451.3721  4.0944000000E-07  2.0000000000E-12  1.0606648010E+00  1.0133336601E-02  1  VLT/XSHOOTER
2456451.3721  4.0946000000E-07  2.0000000000E-12  9.8974698856E-01  9.8385186598E-03  1  VLT/XSHOOTER
2456451.3721  4.0948000000E-07  2.0000000000E-12  9.5636791653E-01  9.6743655058E-03  1  VLT/XSHOOTER
2456451.3721  4.0950000000E-07  2.0000000000E-12  9.9251248709E-01  9.8213522768E-03  1  VLT/XSHOOTER
2456451.3721  4.0952000000E-07  2.0000000000E-12  9.8010114191E-01  9.8095644158E-03  1  VLT/XSHOOTER
2456451.3721  4.0954000000E-07  2.0000000000E-12  9.9800180506E-01  9.9289987558E-03  1  VLT/XSHOOTER
2456451.3721  4.0956000000E-07  2.0000000000E-12  8.8116390715E-01  9.4759979366E-03  1  VLT/XSHOOTER
2456451.3721  4.0958000000E-07  2.0000000000E-12  7.7899720934E-01  9.0596141148E-03  1  VLT/XSHOOTER
2456451.3721  4.0960000000E-07  2.0000000000E-12  8.5222495436E-01  9.2893710107E-03  1  VLT/XSHOOTER
2456451.3721  4.0962000000E-07  2.0000000000E-12  1.0014858952E+00  9.7995432316E-03  1  VLT/XSHOOTER
2456451.3721  4.0964000000E-07  2.0000000000E-12  9.7015059043E-01  9.8266032498E-03  1  VLT/XSHOOTER
2456451.3721  4.0966000000E-07  2.0000000000E-12  9.3241891743E-01  9.6946746234E-03  1  VLT/XSHOOTER
2456451.3721  4.0968000000E-07  2.0000000000E-12  9.5539697404E-01  9.7185379438E-03  1  VLT/XSHOOTER
2456451.3721  4.0970000000E-07  2.0000000000E-12  1.1181492276E+00  1.0336616648E-02  1  VLT/XSHOOTER
2456451.3721  4.0972000000E-07  2.0000000000E-12  1.2059552385E+00  1.0667683656E-02  1  VLT/XSHOOTER
2456451.3721  4.0974000000E-07  2.0000000000E-12  1.2215297997E+00  1.0744227794E-02  1  VLT/XSHOOTER
2456451.3721  4.0976000000E-07  2.0000000000E-12  1.1493824931E+00  1.0476288972E-02  1  VLT/XSHOOTER
2456451.3721  4.0978000000E-07  2.0000000000E-12  1.0392484155E+00  1.0058305268E-02  1  VLT/XSHOOTER
2456451.3721  4.0980000000E-07  2.0000000000E-12  1.0141780053E+00  9.9156177584E-03  1  VLT/XSHOOTER
2456451.3721  4.0982000000E-07  2.0000000000E-12  1.1131061350E+00  1.0252699195E-02  1  VLT/XSHOOTER
2456451.3721  4.0984000000E-07  2.0000000000E-12  1.2907689883E+00  1.0848125067E-02  1  VLT/XSHOOTER
2456451.3721  4.0986000000E-07  2.0000000000E-12  1.4555721518E+00  1.1389276373E-02  1  VLT/XSHOOTER
2456451.3721  4.0988000000E-07  2.0000000000E-12  1.4736049950E+00  1.1682875853E-02  1  VLT/XSHOOTER
2456451.3721  4.0990000000E-07  2.0000000000E-12  1.6559596121E+00  1.2025081326E-02  1  VLT/XSHOOTER
2456451.3721  4.0992000000E-07  2.0000000000E-12  1.8236483664E+00  1.2579334616E-02  1  VLT/XSHOOTER
2456451.3721  4.0994000000E-07  2.0000000000E-12  1.9207043118E+00  1.2859697205E-02  1  VLT/XSHOOTER
2456451.3721  4.0996000000E-07  2.0000000000E-12  2.0274202323E+00  1.3166448952E-02  1  VLT/XSHOOTER
2456451.3721  4.0998000000E-07  2.0000000000E-12  2.2512035605E+00  1.3696623682E-02  1  VLT/XSHOOTER
2456451.3721  4.1000000000E-07  2.0000000000E-12  2.5584929666E+00  1.4449083265E-02  1  VLT/XSHOOTER
2456451.3721  4.1002000000E-07  2.0000000000E-12  2.8623026781E+00  1.5199054416E-02  1  VLT/XSHOOTER
2456451.3721  4.1004000000E-07  2.0000000000E-12  3.0510739927E+00  1.5603692689E-02  1  VLT/XSHOOTER
2456451.3721  4.1006000000E-07  2.0000000000E-12  3.1371407842E+00  1.5789863995E-02  1  VLT/XSHOOTER
2456451.3721  4.1008000000E-07  2.0000000000E-12  3.1459798931E+00  1.5789827202E-02  1  VLT/XSHOOTER
2456451.3721  4.1010000000E-07  2.0000000000E-12  3.0895682127E+00  1.5639684818E-02  1  VLT/XSHOOTER
2456451.3721  4.1012000000E-07  2.0000000000E-12  3.0584509579E+00  1.5585497328E-02  1  VLT/XSHOOTER
2456451.3721  4.1014000000E-07  2.0000000000E-12  3.0939891799E+00  1.5608648704E-02  1  VLT/XSHOOTER
2456451.3721  4.1016000000E-07  2.0000000000E-12  3.1516765076E+00  1.5751275506E-02  1  VLT/XSHOOTER
2456451.3721  4.1018000000E-07  2.0000000000E-12  3.2212590975E+00  1.5896377250E-02  1  VLT/XSHOOTER
2456451.3721  4.1020000000E-07  2.0000000000E-12  3.2445657989E+00  1.5997559200E-02  1  VLT/XSHOOTER
2456451.3721  4.1022000000E-07  2.0000000000E-12  3.2919713401E+00  1.6135169891E-02  1  VLT/XSHOOTER
2456451.3721  4.1024000000E-07  2.0000000000E-12  3.2190409217E+00  1.5976151812E-02  1  VLT/XSHOOTER
2456451.3721  4.1026000000E-07  2.0000000000E-12  2.9978691698E+00  1.5484661232E-02  1  VLT/XSHOOTER
2456451.3721  4.1028000000E-07  2.0000000000E-12  2.7483013137E+00  1.4904438223E-02  1  VLT/XSHOOTER
2456451.3721  4.1030000000E-07  2.0000000000E-12  2.5256532897E+00  1.4345994212E-02  1  VLT/XSHOOTER
2456451.3721  4.1032000000E-07  2.0000000000E-12  2.2668992345E+00  1.3688214031E-02  1  VLT/XSHOOTER
2456451.3721  4.1034000000E-07  2.0000000000E-12  2.0624226700E+00  1.3132222886E-02  1  VLT/XSHOOTER
2456451.3721  4.1036000000E-07  2.0000000000E-12  1.8542737922E+00  1.2522804639E-02  1  VLT/XSHOOTER
2456451.3721  4.1038000000E-07  2.0000000000E-12  1.5247828480E+00  1.1553105749E-02  1  VLT/XSHOOTER
2456451.3721  4.1040000000E-07  2.0000000000E-12  1.2976600113E+00  1.0760341897E-02  1  VLT/XSHOOTER
2456451.3721  4.1042000000E-07  2.0000000000E-12  1.2508422161E+00  1.0636208479E-02  1  VLT/XSHOOTER
2456451.3721  4.1044000000E-07  2.0000000000E-12  1.1629490793E+00  1.0293161673E-02  1  VLT/XSHOOTER
2456451.3721  4.1046000000E-07  2.0000000000E-12  1.0256823787E+00  9.7795535998E-03  1  VLT/XSHOOTER
2456451.3721  4.1048000000E-07  2.0000000000E-12  9.4447924767E-01  9.5214611954E-03  1  VLT/XSHOOTER
2456451.3721  4.1050000000E-07  2.0000000000E-12  1.1065225640E+00  1.0081846650E-02  1  VLT/XSHOOTER
2456451.3721  4.1052000000E-07  2.0000000000E-12  1.2968064139E+00  1.0761737578E-02  1  VLT/XSHOOTER
2456451.3721  4.1054000000E-07  2.0000000000E-12  1.3766562693E+00  1.1039083141E-02  1  VLT/XSHOOTER
2456451.3721  4.1056000000E-07  2.0000000000E-12  1.3413145905E+00  1.0955632959E-02  1  VLT/XSHOOTER
2456451.3721  4.1058000000E-07  2.0000000000E-12  1.1806467629E+00  1.0318904502E-02  1  VLT/XSHOOTER
2456451.3721  4.1060000000E-07  2.0000000000E-12  1.0122257594E+00  9.7810498481E-03  1  VLT/XSHOOTER
2456451.3721  4.1062000000E-07  2.0000000000E-12  1.0030916787E+00  9.6557188181E-03  1  VLT/XSHOOTER
2456451.3721  4.1064000000E-07  2.0000000000E-12  1.1513825405E+00  1.0148957065E-02  1  VLT/XSHOOTER
2456451.3721  4.1066000000E-07  2.0000000000E-12  1.2979807285E+00  1.0709910972E-02  1  VLT/XSHOOTER
2456451.3721  4.1068000000E-07  2.0000000000E-12  1.2744364326E+00  1.0680119687E-02  1  VLT/XSHOOTER
2456451.3721  4.1070000000E-07  2.0000000000E-12  1.0928612383E+00  9.9918448631E-03  1  VLT/XSHOOTER
2456451.3721  4.1072000000E-07  2.0000000000E-12  9.6803084322E-01  9.5682079164E-03  1  VLT/XSHOOTER
2456451.3721  4.1074000000E-07  2.0000000000E-12  1.0298769759E+00  9.7051741164E-03  1  VLT/XSHOOTER
2456451.3721  4.1076000000E-07  2.0000000000E-12  1.1079996211E+00  1.0000012907E-02  1  VLT/XSHOOTER
2456451.3721  4.1078000000E-07  2.0000000000E-12  1.0923948406E+00  9.9121316225E-03  1  VLT/XSHOOTER
2456451.3721  4.1080000000E-07  2.0000000000E-12  1.0397489571E+00  9.7530007117E-03  1  VLT/XSHOOTER
2456451.3721  4.1082000000E-07  2.0000000000E-12  1.0281559666E+00  9.7125603093E-03  1  VLT/XSHOOTER
2456451.3721  4.1084000000E-07  2.0000000000E-12  1.1141273122E+00  9.9506710537E-03  1  VLT/XSHOOTER
2456451.3721  4.1086000000E-07  2.0000000000E-12  1.1389459210E+00  1.0071131918E-02  1  VLT/XSHOOTER
2456451.3721  4.1088000000E-07  2.0000000000E-12  1.0825029224E+00  9.8342114270E-03  1  VLT/XSHOOTER
2456451.3721  4.1090000000E-07  2.0000000000E-12  1.0602688103E+00  9.7371092059E-03  1  VLT/XSHOOTER
2456451.3721  4.1092000000E-07  2.0000000000E-12  9.6622616175E-01  9.3829288404E-03  1  VLT/XSHOOTER
2456451.3721  4.1094000000E-07  2.0000000000E-12  8.2852516645E-01  8.8907710809E-03  1  VLT/XSHOOTER
2456451.3721  4.1096000000E-07  2.0000000000E-12  8.9700251450E-01  9.0757637848E-03  1  VLT/XSHOOTER
2456451.3721  4.1098000000E-07  2.0000000000E-12  1.1093547805E+00  9.7914622644E-03  1  VLT/XSHOOTER
2456451.3721  4.1100000000E-07  2.0000000000E-12  1.1613554621E+00  1.0016264984E-02  1  VLT/XSHOOTER
2456451.3721  4.1102000000E-07  2.0000000000E-12  9.9054367945E-01  9.4886976505E-03  1  VLT/XSHOOTER
2456451.3721  4.1104000000E-07  2.0000000000E-12  8.8270917351E-01  9.0654924083E-03  1  VLT/XSHOOTER
2456451.3721  4.1106000000E-07  2.0000000000E-12  9.4198132739E-01  9.1971561251E-03  1  VLT/XSHOOTER
2456451.3721  4.1108000000E-07  2.0000000000E-12  1.0297736808E+00  9.5616765474E-03  1  VLT/XSHOOTER
2456451.3721  4.1110000000E-07  2.0000000000E-12  1.0612923422E+00  9.6871964480E-03  1  VLT/XSHOOTER
2456451.3721  4.1112000000E-07  2.0000000000E-12  9.5556172814E-01  9.3240864238E-03  1  VLT/XSHOOTER
2456451.3721  4.1114000000E-07  2.0000000000E-12  8.4302250740E-01  8.8547317334E-03  1  VLT/XSHOOTER
2456451.3721  4.1116000000E-07  2.0000000000E-12  8.0815334870E-01  8.7911669364E-03  1  VLT/XSHOOTER
2456451.3721  4.1118000000E-07  2.0000000000E-12  9.1633164834E-01  9.1276946382E-03  1  VLT/XSHOOTER
