#                  hjd            eff_wave            eff_band                flux               error             fluxsyn             dataset               phase                chi2
  2.456451372100e+06   6.545000000000e-07   6.560000000000e-07   9.961531379100e-01   1.922400333700e-01   9.999996622472e-01   1.000000000000e+00   1.978196725249e-01   4.003587299011e-04
  2.456451372100e+06   6.545175879400e-07   6.560000000000e-07   9.819364429900e-01   1.893994601300e-01   1.000433012982e+00   1.000000000000e+00   1.978196725249e-01   9.537288649738e-03
  2.456451372100e+06   6.545351758800e-07   6.560000000000e-07   9.800018275700e-01   1.900355963300e-01   1.001425825614e+00   1.000000000000e+00   1.978196725249e-01   1.270957780197e-02
  2.456451372100e+06   6.545527638200e-07   6.560000000000e-07   9.621582078600e-01   2.436256064000e-01   1.002349174934e+00   1.000000000000e+00   1.978196725249e-01   2.721516967949e-02
  2.456451372100e+06   6.545703517600e-07   6.560000000000e-07   9.417656075900e-01   2.569115133200e-01   1.002574135732e+00   1.000000000000e+00   1.978196725249e-01   5.602241784629e-02
  2.456451372100e+06   6.545879397000e-07   6.560000000000e-07   9.295698052800e-01   2.450899379000e-01   1.001471782797e+00   1.000000000000e+00   1.978196725249e-01   8.606581909224e-02
  2.456451372100e+06   6.546055276400e-07   6.560000000000e-07   9.928374064500e-01   1.917866830900e-01   9.983975364955e-01   1.000000000000e+00   1.978196725249e-01   8.404908742698e-04
  2.456451372100e+06   6.546231155800e-07   6.560000000000e-07   9.922320558600e-01   2.006207279100e-01   9.929397240459e-01   1.000000000000e+00   1.978196725249e-01   1.244250259365e-05
  2.456451372100e+06   6.546407035200e-07   6.560000000000e-07   1.013168172200e+00   1.873199602900e-01   9.857866421555e-01   1.000000000000e+00   1.978196725249e-01   2.136718501406e-02
  2.456451372100e+06   6.546582914600e-07   6.560000000000e-07   1.010577133300e+00   1.852870742200e-01   9.778132008220e-01   1.000000000000e+00   1.978196725249e-01   3.126812195846e-02
  2.456451372100e+06   6.546758794000e-07   6.560000000000e-07   1.019858477800e+00   1.874740427800e-01   9.698943100436e-01   1.000000000000e+00   1.978196725249e-01   7.102888971173e-02
  2.456451372100e+06   6.546934673400e-07   6.560000000000e-07   1.016965680600e+00   1.847275886700e-01   9.629048798180e-01   1.000000000000e+00   1.978196725249e-01   8.564488418645e-02
  2.456451372100e+06   6.547110552800e-07   6.560000000000e-07   1.012406350100e+00   1.866145661200e-01   9.573611405879e-01   1.000000000000e+00   1.978196725249e-01   8.700575486530e-02
  2.456451372100e+06   6.547286432200e-07   6.560000000000e-07   1.009775031500e+00   1.865430401800e-01   9.524274382627e-01   1.000000000000e+00   1.978196725249e-01   9.450880928702e-02
  2.456451372100e+06   6.547462311600e-07   6.560000000000e-07   1.002192759300e+00   1.890745665400e-01   9.479692217227e-01   1.000000000000e+00   1.978196725249e-01   8.224499314737e-02
  2.456451372100e+06   6.547638191000e-07   6.560000000000e-07   9.494643205900e-01   2.060936552900e-01   9.439509095970e-01   1.000000000000e+00   1.978196725249e-01   7.156678234665e-04
  2.456451372100e+06   6.547814070400e-07   6.560000000000e-07   8.308952984300e-01   2.742574937200e-01   9.403369205150e-01   1.000000000000e+00   1.978196725249e-01   1.592384848953e-01
  2.456451372100e+06   6.547989949700e-07   6.560000000000e-07   8.234788936300e-01   2.873763582100e-01   9.370916748530e-01   1.000000000000e+00   1.978196725249e-01   1.562975999273e-01
  2.456451372100e+06   6.548165829100e-07   6.560000000000e-07   9.230766394100e-01   2.376327443400e-01   9.339729874556e-01   1.000000000000e+00   1.978196725249e-01   2.102564689024e-03
  2.456451372100e+06   6.548341708500e-07   6.560000000000e-07   9.978440976000e-01   1.951668332500e-01   9.309313306349e-01   1.000000000000e+00   1.978196725249e-01   1.175454837125e-01
  2.456451372100e+06   6.548517587900e-07   6.560000000000e-07   1.018440501700e+00   1.900685451200e-01   9.283065974771e-01   1.000000000000e+00   1.978196725249e-01   2.248826062018e-01
  2.456451372100e+06   6.548693467300e-07   6.560000000000e-07   1.027862120600e+00   1.867672489300e-01   9.264394551241e-01   1.000000000000e+00   1.978196725249e-01   2.948958063552e-01
  2.456451372100e+06   6.548869346700e-07   6.560000000000e-07   1.028844552100e+00   1.872151048100e-01   9.256705707179e-01   1.000000000000e+00   1.978196725249e-01   3.037096623441e-01
  2.456451372100e+06   6.549045226100e-07   6.560000000000e-07   1.026875223200e+00   1.890506378800e-01   9.263391173024e-01   1.000000000000e+00   1.978196725249e-01   2.828054827858e-01
  2.456451372100e+06   6.549221105500e-07   6.560000000000e-07   1.022507296900e+00   1.863872485400e-01   9.285722442501e-01   1.000000000000e+00   1.978196725249e-01   2.539937158143e-01
  2.456451372100e+06   6.549396984900e-07   6.560000000000e-07   1.021712688700e+00   1.888173419700e-01   9.320709716568e-01   1.000000000000e+00   1.978196725249e-01   2.253910018361e-01
  2.456451372100e+06   6.549572864300e-07   6.560000000000e-07   1.024862357800e+00   1.904838817300e-01   9.364855411772e-01   1.000000000000e+00   1.978196725249e-01   2.152584668281e-01
  2.456451372100e+06   6.549748743700e-07   6.560000000000e-07   1.017021918100e+00   1.918201409100e-01   9.414661944658e-01   1.000000000000e+00   1.978196725249e-01   1.551480521199e-01
  2.456451372100e+06   6.549924623100e-07   6.560000000000e-07   1.012880923900e+00   1.918492472600e-01   9.466631731773e-01   1.000000000000e+00   1.978196725249e-01   1.191320596067e-01
  2.456451372100e+06   6.550100502500e-07   6.560000000000e-07   1.029690415000e+00   1.924420935700e-01   9.520307496032e-01   1.000000000000e+00   1.978196725249e-01   1.628511704094e-01
  2.456451372100e+06   6.550276381900e-07   6.560000000000e-07   1.044797873300e+00   1.878925021300e-01   9.584558635533e-01   1.000000000000e+00   1.978196725249e-01   2.111666872815e-01
  2.456451372100e+06   6.550452261300e-07   6.560000000000e-07   1.036584512100e+00   1.912582096200e-01   9.654671730169e-01   1.000000000000e+00   1.978196725249e-01   1.382645439532e-01
  2.456451372100e+06   6.550628140700e-07   6.560000000000e-07   1.018292511900e+00   2.318844203900e-01   9.724213406967e-01   1.000000000000e+00   1.978196725249e-01   3.913240290674e-02
  2.456451372100e+06   6.550804020100e-07   6.560000000000e-07   1.034815583700e+00   1.860557462200e-01   9.786750292958e-01   1.000000000000e+00   1.978196725249e-01   9.104733100062e-02
  2.456451372100e+06   6.550979899500e-07   6.560000000000e-07   1.027572637000e+00   1.884947681700e-01   9.835849015168e-01   1.000000000000e+00   1.978196725249e-01   5.445836627641e-02
  2.456451372100e+06   6.551155778900e-07   6.560000000000e-07   1.034568447300e+00   1.865212349000e-01   9.869193444487e-01   1.000000000000e+00   1.978196725249e-01   6.526087491937e-02
  2.456451372100e+06   6.551331658300e-07   6.560000000000e-07   1.039374652000e+00   1.842462097800e-01   9.891766571803e-01   1.000000000000e+00   1.978196725249e-01   7.422934250476e-02
  2.456451372100e+06   6.551507537700e-07   6.560000000000e-07   1.046482527700e+00   1.878684059200e-01   9.905953286528e-01   1.000000000000e+00   1.978196725249e-01   8.849468499612e-02
  2.456451372100e+06   6.551683417100e-07   6.560000000000e-07   1.048172612600e+00   1.898729040400e-01   9.914094614351e-01   1.000000000000e+00   1.978196725249e-01   8.937313831364e-02
  2.456451372100e+06   6.551859296500e-07   6.560000000000e-07   1.051272228300e+00   1.936129190400e-01   9.918531580960e-01   1.000000000000e+00   1.978196725249e-01   9.418528099745e-02
  2.456451372100e+06   6.552035175900e-07   6.560000000000e-07   1.054394440100e+00   1.936122456900e-01   9.921397046676e-01   1.000000000000e+00   1.978196725249e-01   1.033901437068e-01
  2.456451372100e+06   6.552211055300e-07   6.560000000000e-07   1.059520449800e+00   1.922615022000e-01   9.918632147063e-01   1.000000000000e+00   1.978196725249e-01   1.238351199066e-01
  2.456451372100e+06   6.552386934700e-07   6.560000000000e-07   1.066341746700e+00   1.893517971100e-01   9.909947259334e-01   1.000000000000e+00   1.978196725249e-01   1.583409722315e-01
  2.456451372100e+06   6.552562814100e-07   6.560000000000e-07   1.072222146800e+00   1.883839154100e-01   9.898212886087e-01   1.000000000000e+00   1.978196725249e-01   1.913268103757e-01
  2.456451372100e+06   6.552738693500e-07   6.560000000000e-07   1.071241617000e+00   1.922377243400e-01   9.886299529922e-01   1.000000000000e+00   1.978196725249e-01   1.846738939219e-01
  2.456451372100e+06   6.552914572900e-07   6.560000000000e-07   1.072080175600e+00   1.998948398500e-01   9.877077693438e-01   1.000000000000e+00   1.978196725249e-01   1.781548721135e-01
  2.456451372100e+06   6.553090452300e-07   6.560000000000e-07   1.063003474400e+00   2.008519678100e-01   9.873276181969e-01   1.000000000000e+00   1.978196725249e-01   1.419588604891e-01
  2.456451372100e+06   6.553266331700e-07   6.560000000000e-07   1.035763679700e+00   2.111316281100e-01   9.874781078805e-01   1.000000000000e+00   1.978196725249e-01   5.230318841131e-02
  2.456451372100e+06   6.553442211100e-07   6.560000000000e-07   1.022513380400e+00   2.029356591400e-01   9.878851261791e-01   1.000000000000e+00   1.978196725249e-01   2.911685485371e-02
  2.456451372100e+06   6.553618090500e-07   6.560000000000e-07   1.038505704600e+00   1.957956366600e-01   9.882647076395e-01   1.000000000000e+00   1.978196725249e-01   6.584313169590e-02
  2.456451372100e+06   6.553793969800e-07   6.560000000000e-07   1.062569317300e+00   1.989879582200e-01   9.883328869125e-01   1.000000000000e+00   1.978196725249e-01   1.391811979563e-01
  2.456451372100e+06   6.553969849200e-07   6.560000000000e-07   1.097721741300e+00   1.950585221600e-01   9.878056987569e-01   1.000000000000e+00   1.978196725249e-01   3.175355162064e-01
  2.456451372100e+06   6.554145728600e-07   6.560000000000e-07   1.107852560800e+00   2.077517570800e-01   9.864241292576e-01   1.000000000000e+00   1.978196725249e-01   3.416263490292e-01
  2.456451372100e+06   6.554321608000e-07   6.560000000000e-07   1.114108561600e+00   2.181333673700e-01   9.842983462769e-01   1.000000000000e+00   1.978196725249e-01   3.541388178155e-01
  2.456451372100e+06   6.554497487400e-07   6.560000000000e-07   1.124563741000e+00   2.230416844800e-01   9.817637788227e-01   1.000000000000e+00   1.978196725249e-01   4.099058459251e-01
  2.456451372100e+06   6.554673366800e-07   6.560000000000e-07   1.122892519100e+00   2.457514658200e-01   9.791577154392e-01   1.000000000000e+00   1.978196725249e-01   3.420831213638e-01
  2.456451372100e+06   6.554849246200e-07   6.560000000000e-07   1.115937978800e+00   2.476993821400e-01   9.768174446700e-01   1.000000000000e+00   1.978196725249e-01   3.154515213337e-01
  2.456451372100e+06   6.555025125600e-07   6.560000000000e-07   1.153115308000e+00   2.422303869600e-01   9.749706104029e-01   1.000000000000e+00   1.978196725249e-01   5.408645964961e-01
  2.456451372100e+06   6.555201005000e-07   6.560000000000e-07   1.167656245800e+00   2.499318665200e-01   9.687598824824e-01   1.000000000000e+00   1.978196725249e-01   6.333013586205e-01
  2.456451372100e+06   6.555376884400e-07   6.560000000000e-07   1.149052488100e+00   2.542716769200e-01   9.590449379553e-01   1.000000000000e+00   1.978196725249e-01   5.584004279109e-01
  2.456451372100e+06   6.555552763800e-07   6.560000000000e-07   1.165763005600e+00   2.568359687100e-01   9.508549261017e-01   1.000000000000e+00   1.978196725249e-01   7.001543591516e-01
  2.456451372100e+06   6.555728643200e-07   6.560000000000e-07   1.125585688800e+00   3.115625714900e-01   9.492189962017e-01   1.000000000000e+00   1.978196725249e-01   3.204369446061e-01
  2.456451372100e+06   6.555904522600e-07   6.560000000000e-07   1.147797901100e+00   3.779520226800e-01   9.591662975355e-01   1.000000000000e+00   1.978196725249e-01   2.490895830313e-01
  2.456451372100e+06   6.556080402000e-07   6.560000000000e-07   1.178496213500e+00   3.860827922800e-01   9.843692339323e-01   1.000000000000e+00   1.978196725249e-01   2.528196953639e-01
  2.456451372100e+06   6.556256281400e-07   6.560000000000e-07   1.285972364100e+00   3.634617041500e-01   1.019063753306e+00   1.000000000000e+00   1.978196725249e-01   5.392719766816e-01
  2.456451372100e+06   6.556432160800e-07   6.560000000000e-07   1.317502255400e+00   3.813221715600e-01   1.062954544631e+00   1.000000000000e+00   1.978196725249e-01   4.456093307703e-01
  2.456451372100e+06   6.556608040200e-07   6.560000000000e-07   1.364666045200e+00   4.125411396000e-01   1.117397241810e+00   1.000000000000e+00   1.978196725249e-01   3.592560796884e-01
  2.456451372100e+06   6.556783919600e-07   6.560000000000e-07   1.407343413400e+00   4.408185340500e-01   1.183747478745e+00   1.000000000000e+00   1.978196725249e-01   2.572812364581e-01
  2.456451372100e+06   6.556959799000e-07   6.560000000000e-07   1.429285598900e+00   4.845556851000e-01   1.263360889337e+00   1.000000000000e+00   1.978196725249e-01   1.172559110952e-01
  2.456451372100e+06   6.557135678400e-07   6.560000000000e-07   1.468680917300e+00   5.135186663300e-01   1.359512080543e+00   1.000000000000e+00   1.978196725249e-01   4.519442818524e-02
  2.456451372100e+06   6.557311557800e-07   6.560000000000e-07   1.525399721000e+00   5.613705235900e-01   1.474137599776e+00   1.000000000000e+00   1.978196725249e-01   8.338615269232e-03
  2.456451372100e+06   6.557487437200e-07   6.560000000000e-07   1.572105310600e+00   6.145563922200e-01   1.601784471753e+00   1.000000000000e+00   1.978196725249e-01   2.332275033789e-03
  2.456451372100e+06   6.557663316600e-07   6.560000000000e-07   1.589007655700e+00   7.091243669800e-01   1.736783702747e+00   1.000000000000e+00   1.978196725249e-01   4.342734436672e-02
  2.456451372100e+06   6.557839196000e-07   6.560000000000e-07   1.689251867900e+00   7.860984919900e-01   1.873466299029e+00   1.000000000000e+00   1.978196725249e-01   5.491530149080e-02
  2.456451372100e+06   6.558015075400e-07   6.560000000000e-07   1.870929982700e+00   8.334420334700e-01   2.006183039397e+00   1.000000000000e+00   1.978196725249e-01   2.633560976738e-02
  2.456451372100e+06   6.558190954800e-07   6.560000000000e-07   2.039762291100e+00   9.074915224600e-01   2.133808585648e+00   1.000000000000e+00   1.978196725249e-01   1.073985021509e-02
  2.456451372100e+06   6.558366834200e-07   6.560000000000e-07   2.177422880900e+00   1.052539897200e+00   2.260376416017e+00   1.000000000000e+00   1.978196725249e-01   6.211445269660e-03
  2.456451372100e+06   6.558542713600e-07   6.560000000000e-07   2.342471432000e+00   1.179031573700e+00   2.389202289888e+00   1.000000000000e+00   1.978196725249e-01   1.570929289450e-03
  2.456451372100e+06   6.558718593000e-07   6.560000000000e-07   2.566824863100e+00   1.314176375900e+00   2.523601966646e+00   1.000000000000e+00   1.978196725249e-01   1.081733852867e-03
  2.456451372100e+06   6.558894472400e-07   6.560000000000e-07   2.814386270800e+00   1.461207949700e+00   2.666891205675e+00   1.000000000000e+00   1.978196725249e-01   1.018898510365e-02
  2.456451372100e+06   6.559070351800e-07   6.560000000000e-07   3.069699773200e+00   1.634025073600e+00   2.821490393352e+00   1.000000000000e+00   1.978196725249e-01   2.307379056111e-02
  2.456451372100e+06   6.559246231200e-07   6.560000000000e-07   3.356086638000e+00   1.823143984500e+00   2.982335809881e+00   1.000000000000e+00   1.978196725249e-01   4.202641933575e-02
  2.456451372100e+06   6.559422110600e-07   6.560000000000e-07   3.641836975700e+00   2.040627867800e+00   3.149919192371e+00   1.000000000000e+00   1.978196725249e-01   5.811087562003e-02
  2.456451372100e+06   6.559597989900e-07   6.560000000000e-07   4.009136029100e+00   2.180005970200e+00   3.326597295105e+00   1.000000000000e+00   1.978196725249e-01   9.802553905156e-02
  2.456451372100e+06   6.559773869300e-07   6.560000000000e-07   4.362466095200e+00   2.326295052800e+00   3.514727175636e+00   1.000000000000e+00   1.978196725249e-01   1.327989526318e-01
  2.456451372100e+06   6.559949748700e-07   6.560000000000e-07   4.742119043900e+00   2.417950155000e+00   3.716665594087e+00   1.000000000000e+00   1.978196725249e-01   1.798610868028e-01
  2.456451372100e+06   6.560125628100e-07   6.560000000000e-07   5.110835150900e+00   2.467824132600e+00   3.944346047472e+00   1.000000000000e+00   1.978196725249e-01   2.234256133525e-01
  2.456451372100e+06   6.560301507500e-07   6.560000000000e-07   5.518674015000e+00   2.454795786000e+00   4.212382534712e+00   1.000000000000e+00   1.978196725249e-01   2.831714408094e-01
  2.456451372100e+06   6.560477386900e-07   6.560000000000e-07   5.881384422800e+00   2.390169468100e+00   4.497222919620e+00   1.000000000000e+00   1.978196725249e-01   3.353637704717e-01
  2.456451372100e+06   6.560653266300e-07   6.560000000000e-07   6.292934373400e+00   2.311408652500e+00   4.773504050350e+00   1.000000000000e+00   1.978196725249e-01   4.321237231210e-01
  2.456451372100e+06   6.560829145700e-07   6.560000000000e-07   6.658953268100e+00   2.172700571500e+00   5.015862775067e+00   1.000000000000e+00   1.978196725249e-01   5.719040979060e-01
  2.456451372100e+06   6.561005025100e-07   6.560000000000e-07   6.947692802300e+00   2.029795134100e+00   5.198945340836e+00   1.000000000000e+00   1.978196725249e-01   7.422492714647e-01
  2.456451372100e+06   6.561180904500e-07   6.560000000000e-07   7.171785041300e+00   1.899428693000e+00   5.313509988463e+00   1.000000000000e+00   1.978196725249e-01   9.571367788291e-01
  2.456451372100e+06   6.561356783900e-07   6.560000000000e-07   7.351031212000e+00   1.796095550200e+00   5.377582950881e+00   1.000000000000e+00   1.978196725249e-01   1.207237217566e+00
  2.456451372100e+06   6.561532663300e-07   6.560000000000e-07   7.529510620200e+00   1.669288789900e+00   5.408331913023e+00   1.000000000000e+00   1.978196725249e-01   1.614698954541e+00
  2.456451372100e+06   6.561708542700e-07   6.560000000000e-07   7.678405139200e+00   1.496156451600e+00   5.422924559821e+00   1.000000000000e+00   1.978196725249e-01   2.272606082432e+00
  2.456451372100e+06   6.561884422100e-07   6.560000000000e-07   7.701959602100e+00   1.281227307500e+00   5.438528576206e+00   1.000000000000e+00   1.978196725249e-01   3.120916551399e+00
  2.456451372100e+06   6.562060301500e-07   6.560000000000e-07   7.624712840500e+00   1.157457942900e+00   5.469731186588e+00   1.000000000000e+00   1.978196725249e-01   3.466384350219e+00
  2.456451372100e+06   6.562236180900e-07   6.560000000000e-07   7.513551676300e+00   1.240703438200e+00   5.498963632002e+00   1.000000000000e+00   1.978196725249e-01   2.636553164744e+00
  2.456451372100e+06   6.562412060300e-07   6.560000000000e-07   7.360422610000e+00   1.374847174400e+00   5.522578816166e+00   1.000000000000e+00   1.978196725249e-01   1.786933296646e+00
  2.456451372100e+06   6.562587939700e-07   6.560000000000e-07   7.231806669600e+00   1.494552761500e+00   5.545046281537e+00   1.000000000000e+00   1.978196725249e-01   1.273750255913e+00
  2.456451372100e+06   6.562763819100e-07   6.560000000000e-07   7.052880526000e+00   1.555831010600e+00   5.570835570571e+00   1.000000000000e+00   1.978196725249e-01   9.073981883637e-01
  2.456451372100e+06   6.562939698500e-07   6.560000000000e-07   7.053829273400e+00   1.519299384600e+00   5.604416225724e+00   1.000000000000e+00   1.978196725249e-01   9.101178018423e-01
  2.456451372100e+06   6.563115577900e-07   6.560000000000e-07   6.975945242700e+00   1.358364925800e+00   5.652088457571e+00   1.000000000000e+00   1.978196725249e-01   9.498370215595e-01
  2.456451372100e+06   6.563291457300e-07   6.560000000000e-07   7.027651043100e+00   1.318032124000e+00   5.717394322486e+00   1.000000000000e+00   1.978196725249e-01   9.882362975627e-01
  2.456451372100e+06   6.563467336700e-07   6.560000000000e-07   7.084310246600e+00   1.233030133500e+00   5.790466970309e+00   1.000000000000e+00   1.978196725249e-01   1.101072626826e+00
  2.456451372100e+06   6.563643216100e-07   6.560000000000e-07   7.176910141400e+00   1.244856610500e+00   5.860679812497e+00   1.000000000000e+00   1.978196725249e-01   1.117957072286e+00
  2.456451372100e+06   6.563819095500e-07   6.560000000000e-07   7.290933423500e+00   1.290519872500e+00   5.917406260503e+00   1.000000000000e+00   1.978196725249e-01   1.132778798107e+00
  2.456451372100e+06   6.563994974900e-07   6.560000000000e-07   7.398303175200e+00   1.307905524700e+00   5.950019725785e+00   1.000000000000e+00   1.978196725249e-01   1.226180448122e+00
  2.456451372100e+06   6.564170854300e-07   6.560000000000e-07   7.470844935400e+00   1.322144807400e+00   5.956131030558e+00   1.000000000000e+00   1.978196725249e-01   1.312511680399e+00
  2.456451372100e+06   6.564346733700e-07   6.560000000000e-07   7.524056134200e+00   1.319187419200e+00   5.943684370264e+00   1.000000000000e+00   1.978196725249e-01   1.435177184239e+00
  2.456451372100e+06   6.564522613100e-07   6.560000000000e-07   7.535800096300e+00   1.329799329400e+00   5.916725875623e+00   1.000000000000e+00   1.978196725249e-01   1.482385972061e+00
  2.456451372100e+06   6.564698492500e-07   6.560000000000e-07   7.487091697400e+00   1.321307433800e+00   5.879298439079e+00   1.000000000000e+00   1.978196725249e-01   1.480650814274e+00
  2.456451372100e+06   6.564874371900e-07   6.560000000000e-07   7.396793561200e+00   1.339188150500e+00   5.835444953074e+00   1.000000000000e+00   1.978196725249e-01   1.359303906609e+00
  2.456451372100e+06   6.565050251300e-07   6.560000000000e-07   7.204302491700e+00   1.337315419600e+00   5.789145682416e+00   1.000000000000e+00   1.978196725249e-01   1.119802483817e+00
  2.456451372100e+06   6.565226130700e-07   6.560000000000e-07   6.970829636400e+00   1.347867278600e+00   5.741260542545e+00   1.000000000000e+00   1.978196725249e-01   8.321691582257e-01
  2.456451372100e+06   6.565402010100e-07   6.560000000000e-07   6.813395712500e+00   1.390747771100e+00   5.688404437546e+00   1.000000000000e+00   1.978196725249e-01   6.543371276992e-01
  2.456451372100e+06   6.565577889400e-07   6.560000000000e-07   6.703228008300e+00   1.473429011400e+00   5.626918073730e+00   1.000000000000e+00   1.978196725249e-01   5.336005448665e-01
  2.456451372100e+06   6.565753768800e-07   6.560000000000e-07   6.607882698100e+00   1.572475778000e+00   5.553142051117e+00   1.000000000000e+00   1.978196725249e-01   4.499077114007e-01
  2.456451372100e+06   6.565929648200e-07   6.560000000000e-07   6.627517259800e+00   1.767360242800e+00   5.463417070072e+00   1.000000000000e+00   1.978196725249e-01   4.338409651810e-01
  2.456451372100e+06   6.566105527600e-07   6.560000000000e-07   6.609309339500e+00   1.944906585300e+00   5.349986035744e+00   1.000000000000e+00   1.978196725249e-01   4.192537795804e-01
  2.456451372100e+06   6.566281407000e-07   6.560000000000e-07   6.615035999300e+00   2.119040923300e+00   5.201872996800e+00   1.000000000000e+00   1.978196725249e-01   4.447396292441e-01
  2.456451372100e+06   6.566457286400e-07   6.560000000000e-07   6.540790466900e+00   2.222584292600e+00   5.034511799157e+00   1.000000000000e+00   1.978196725249e-01   4.592975931014e-01
  2.456451372100e+06   6.566633165800e-07   6.560000000000e-07   6.730900844100e+00   2.517358275900e+00   4.865627188382e+00   1.000000000000e+00   1.978196725249e-01   5.490287078524e-01
  2.456451372100e+06   6.566809045200e-07   6.560000000000e-07   6.757054783400e+00   2.684353184300e+00   4.712943910041e+00   1.000000000000e+00   1.978196725249e-01   5.798685899972e-01
  2.456451372100e+06   6.566984924600e-07   6.560000000000e-07   6.733612598100e+00   2.813726654000e+00   4.594186709700e+00   1.000000000000e+00   1.978196725249e-01   5.781368931460e-01
  2.456451372100e+06   6.567160804000e-07   6.560000000000e-07   6.632163819900e+00   2.903444982700e+00   4.527528833804e+00   1.000000000000e+00   1.978196725249e-01   5.254439175488e-01
  2.456451372100e+06   6.567336683400e-07   6.560000000000e-07   6.465351251500e+00   2.935431468800e+00   4.504909289206e+00   1.000000000000e+00   1.978196725249e-01   4.460300183143e-01
  2.456451372100e+06   6.567512562800e-07   6.560000000000e-07   6.232036396800e+00   2.911513998500e+00   4.501142300241e+00   1.000000000000e+00   1.978196725249e-01   3.534298516066e-01
  2.456451372100e+06   6.567688442200e-07   6.560000000000e-07   5.924294742900e+00   2.818430876500e+00   4.490992840649e+00   1.000000000000e+00   1.978196725249e-01   2.586190895930e-01
  2.456451372100e+06   6.567864321600e-07   6.560000000000e-07   5.552453392300e+00   2.656921478200e+00   4.449225884167e+00   1.000000000000e+00   1.978196725249e-01   1.724140783732e-01
  2.456451372100e+06   6.568040201000e-07   6.560000000000e-07   5.174270193700e+00   2.489544136700e+00   4.350886785264e+00   1.000000000000e+00   1.978196725249e-01   1.093867105663e-01
  2.456451372100e+06   6.568216080400e-07   6.560000000000e-07   4.762743189600e+00   2.287324096600e+00   4.189619991947e+00   1.000000000000e+00   1.978196725249e-01   6.278278316031e-02
  2.456451372100e+06   6.568391959800e-07   6.560000000000e-07   4.351985128100e+00   2.099237504100e+00   3.985607106812e+00   1.000000000000e+00   1.978196725249e-01   3.046040491952e-02
  2.456451372100e+06   6.568567839200e-07   6.560000000000e-07   3.928471012900e+00   1.907450669200e+00   3.760628498817e+00   1.000000000000e+00   1.978196725249e-01   7.742787179401e-03
  2.456451372100e+06   6.568743718600e-07   6.560000000000e-07   3.582272567000e+00   1.699281257500e+00   3.536464536922e+00   1.000000000000e+00   1.978196725249e-01   7.266958784582e-04
  2.456451372100e+06   6.568919598000e-07   6.560000000000e-07   3.277739273700e+00   1.480879100600e+00   3.334895590081e+00   1.000000000000e+00   1.978196725249e-01   1.489667198559e-03
  2.456451372100e+06   6.569095477400e-07   6.560000000000e-07   3.010776028400e+00   1.292587982500e+00   3.172928361277e+00   1.000000000000e+00   1.978196725249e-01   1.573715327454e-02
  2.456451372100e+06   6.569271356800e-07   6.560000000000e-07   2.747307905300e+00   1.125074272300e+00   3.036757818714e+00   1.000000000000e+00   1.978196725249e-01   6.618879290803e-02
  2.456451372100e+06   6.569447236200e-07   6.560000000000e-07   2.516547374200e+00   9.952584512500e-01   2.916256333151e+00   1.000000000000e+00   1.978196725249e-01   1.612931846222e-01
  2.456451372100e+06   6.569623115600e-07   6.560000000000e-07   2.316040656500e+00   8.726370046800e-01   2.803521412725e+00   1.000000000000e+00   1.978196725249e-01   3.120668960171e-01
  2.456451372100e+06   6.569798995000e-07   6.560000000000e-07   2.146811184600e+00   7.790272749800e-01   2.690650565578e+00   1.000000000000e+00   1.978196725249e-01   4.873443991465e-01
  2.456451372100e+06   6.569974874400e-07   6.560000000000e-07   1.997836675500e+00   6.882787461100e-01   2.569741299848e+00   1.000000000000e+00   1.978196725249e-01   6.904281638160e-01
  2.456451372100e+06   6.570150753800e-07   6.560000000000e-07   1.854912415400e+00   6.185972645300e-01   2.437288512215e+00   1.000000000000e+00   1.978196725249e-01   8.863211081852e-01
  2.456451372100e+06   6.570326633200e-07   6.560000000000e-07   1.734926270900e+00   5.526857085200e-01   2.299220871661e+00   1.000000000000e+00   1.978196725249e-01   1.042450208516e+00
  2.456451372100e+06   6.570502512600e-07   6.560000000000e-07   1.625799917700e+00   4.980954361200e-01   2.158995830613e+00   1.000000000000e+00   1.978196725249e-01   1.145904694499e+00
  2.456451372100e+06   6.570678392000e-07   6.560000000000e-07   1.481114383500e+00   4.217309615500e-01   2.019995088243e+00   1.000000000000e+00   1.978196725249e-01   1.632729707170e+00
  2.456451372100e+06   6.570854271400e-07   6.560000000000e-07   1.349547804200e+00   3.524739181200e-01   1.885600343725e+00   1.000000000000e+00   1.978196725249e-01   2.312920701440e+00
  2.456451372100e+06   6.571030150800e-07   6.560000000000e-07   1.304900853000e+00   3.228685849300e-01   1.758940618633e+00   1.000000000000e+00   1.978196725249e-01   1.977589743930e+00
  2.456451372100e+06   6.571206030200e-07   6.560000000000e-07   1.329032901200e+00   3.147609553800e-01   1.633408793635e+00   1.000000000000e+00   1.978196725249e-01   9.351015872380e-01
  2.456451372100e+06   6.571381909500e-07   6.560000000000e-07   1.320556040300e+00   3.130240022400e-01   1.508522611356e+00   1.000000000000e+00   1.978196725249e-01   3.605835898429e-01
  2.456451372100e+06   6.571557788900e-07   6.560000000000e-07   1.286497272700e+00   2.978711192600e-01   1.389456176789e+00   1.000000000000e+00   1.978196725249e-01   1.194733462844e-01
  2.456451372100e+06   6.571733668300e-07   6.560000000000e-07   1.249833040100e+00   2.831779677000e-01   1.281383811070e+00   1.000000000000e+00   1.978196725249e-01   1.241369386275e-02
  2.456451372100e+06   6.571909547700e-07   6.560000000000e-07   1.210594717900e+00   2.967831290300e-01   1.189479763659e+00   1.000000000000e+00   1.978196725249e-01   5.061763740808e-03
  2.456451372100e+06   6.572085427100e-07   6.560000000000e-07   1.153925313400e+00   3.386578535600e-01   1.118668193730e+00   1.000000000000e+00   1.978196725249e-01   1.083855427059e-02
  2.456451372100e+06   6.572261306500e-07   6.560000000000e-07   1.127729793200e+00   3.376791686700e-01   1.068814228904e+00   1.000000000000e+00   1.978196725249e-01   3.044048330983e-02
  2.456451372100e+06   6.572437185900e-07   6.560000000000e-07   1.120114884900e+00   2.956725367100e-01   1.035129817981e+00   1.000000000000e+00   1.978196725249e-01   8.261582932061e-02
  2.456451372100e+06   6.572613065300e-07   6.560000000000e-07   1.129335859300e+00   2.393501884300e-01   1.012658035333e+00   1.000000000000e+00   1.978196725249e-01   2.376342824002e-01
  2.456451372100e+06   6.572788944700e-07   6.560000000000e-07   1.131570107200e+00   2.254004070900e-01   9.964419553360e-01   1.000000000000e+00   1.978196725249e-01   3.594034832245e-01
  2.456451372100e+06   6.572964824100e-07   6.560000000000e-07   1.121781881900e+00   2.158780326300e-01   9.815246523620e-01   1.000000000000e+00   1.978196725249e-01   4.221177448048e-01
  2.456451372100e+06   6.573140703500e-07   6.560000000000e-07   1.124326301700e+00   2.195003567700e-01   9.677875103513e-01   1.000000000000e+00   1.978196725249e-01   5.085966457085e-01
  2.456451372100e+06   6.573316582900e-07   6.560000000000e-07   1.112049586000e+00   2.236128062200e-01   9.613577921852e-01   1.000000000000e+00   1.978196725249e-01   4.541359282386e-01
  2.456451372100e+06   6.573492462300e-07   6.560000000000e-07   1.070548530300e+00   2.550687219500e-01   9.599314670932e-01   1.000000000000e+00   1.978196725249e-01   1.880744654184e-01
  2.456451372100e+06   6.573668341700e-07   6.560000000000e-07   1.059344679600e+00   2.671047266100e-01   9.609380911545e-01   1.000000000000e+00   1.978196725249e-01   1.357329241740e-01
  2.456451372100e+06   6.573844221100e-07   6.560000000000e-07   1.055003460100e+00   2.436990309600e-01   9.618072204483e-01   1.000000000000e+00   1.978196725249e-01   1.462477436635e-01
  2.456451372100e+06   6.574020100500e-07   6.560000000000e-07   1.062987177500e+00   2.135779686800e-01   9.600038450680e-01   1.000000000000e+00   1.978196725249e-01   2.324989408170e-01
  2.456451372100e+06   6.574195979900e-07   6.560000000000e-07   9.991873247700e-01   1.986795139400e-01   9.564823042165e-01   1.000000000000e+00   1.978196725249e-01   4.620103372232e-02
  2.456451372100e+06   6.574371859300e-07   6.560000000000e-07   8.466006015800e-01   1.862654189400e-01   9.528411940722e-01   1.000000000000e+00   1.978196725249e-01   3.253242977581e-01
  2.456451372100e+06   6.574547738700e-07   6.560000000000e-07   8.440470657100e-01   1.947112980400e-01   9.491078208887e-01   1.000000000000e+00   1.978196725249e-01   2.911378914893e-01
  2.456451372100e+06   6.574723618100e-07   6.560000000000e-07   9.467060942000e-01   1.964888958400e-01   9.453094909199e-01   1.000000000000e+00   1.978196725249e-01   5.052078511991e-05
  2.456451372100e+06   6.574899497500e-07   6.560000000000e-07   1.047232707400e+00   2.034424873300e-01   9.414735104194e-01   1.000000000000e+00   1.978196725249e-01   2.702420802041e-01
  2.456451372100e+06   6.575075376900e-07   6.560000000000e-07   1.067051667100e+00   1.964071969200e-01   9.375054982535e-01   1.000000000000e+00   1.978196725249e-01   4.350451712610e-01
  2.456451372100e+06   6.575251256300e-07   6.560000000000e-07   1.063473982300e+00   1.930962399100e-01   9.327029093583e-01   1.000000000000e+00   1.978196725249e-01   4.586440249263e-01
  2.456451372100e+06   6.575427135700e-07   6.560000000000e-07   1.047212140300e+00   1.883224352600e-01   9.275284776449e-01   1.000000000000e+00   1.978196725249e-01   4.038923427520e-01
  2.456451372100e+06   6.575603015100e-07   6.560000000000e-07   1.019955102700e+00   1.841528430200e-01   9.226876445922e-01   1.000000000000e+00   1.978196725249e-01   2.789833449803e-01
  2.456451372100e+06   6.575778894500e-07   6.560000000000e-07   9.258194262700e-01   2.128498426900e-01   9.188858516787e-01   1.000000000000e+00   1.978196725249e-01   1.061127859743e-03
  2.456451372100e+06   6.575954773900e-07   6.560000000000e-07   9.106668208700e-01   2.272099350900e-01   9.168285403829e-01   1.000000000000e+00   1.978196725249e-01   7.354433318876e-04
  2.456451372100e+06   6.576130653300e-07   6.560000000000e-07   9.660105538200e-01   2.042127418400e-01   9.170996644814e-01   1.000000000000e+00   1.978196725249e-01   5.736479507048e-02
  2.456451372100e+06   6.576306532700e-07   6.560000000000e-07   1.029629461900e+00   1.887395217200e-01   9.194125508918e-01   1.000000000000e+00   1.978196725249e-01   3.410128700588e-01
  2.456451372100e+06   6.576482412100e-07   6.560000000000e-07   9.633490208000e-01   2.048576331100e-01   9.231119798529e-01   1.000000000000e+00   1.978196725249e-01   3.857871596182e-02
  2.456451372100e+06   6.576658291500e-07   6.560000000000e-07   8.782947442200e-01   2.496103462000e-01   9.275420953009e-01   1.000000000000e+00   1.978196725249e-01   3.892607238967e-02
  2.456451372100e+06   6.576834170900e-07   6.560000000000e-07   8.671416891100e-01   2.677699933000e-01   9.320470411721e-01   1.000000000000e+00   1.978196725249e-01   5.875396828704e-02
  2.456451372100e+06   6.577010050300e-07   6.560000000000e-07   9.792758897300e-01   1.961357083900e-01   9.359730826685e-01   1.000000000000e+00   1.978196725249e-01   4.874373042217e-02
  2.456451372100e+06   6.577185929600e-07   6.560000000000e-07   1.006396052700e+00   1.960650838900e-01   9.394067756184e-01   1.000000000000e+00   1.978196725249e-01   1.167374125693e-01
  2.456451372100e+06   6.577361809000e-07   6.560000000000e-07   1.032243108300e+00   1.878649418300e-01   9.428069736002e-01   1.000000000000e+00   1.978196725249e-01   2.266389544572e-01
  2.456451372100e+06   6.577537688400e-07   6.560000000000e-07   1.029035183400e+00   1.883127119000e-01   9.462707726038e-01   1.000000000000e+00   1.978196725249e-01   1.931647960410e-01
  2.456451372100e+06   6.577713567800e-07   6.560000000000e-07   1.027969573100e+00   1.858757821400e-01   9.498952705989e-01   1.000000000000e+00   1.978196725249e-01   1.764292581816e-01
  2.456451372100e+06   6.577889447200e-07   6.560000000000e-07   1.016507653700e+00   1.881034821300e-01   9.537775655555e-01   1.000000000000e+00   1.978196725249e-01   1.112136578832e-01
  2.456451372100e+06   6.578065326600e-07   6.560000000000e-07   1.010842955500e+00   1.872891549700e-01   9.580677388320e-01   1.000000000000e+00   1.978196725249e-01   7.940261210354e-02
  2.456451372100e+06   6.578241206000e-07   6.560000000000e-07   1.010708597800e+00   1.843860795400e-01   9.632116405858e-01   1.000000000000e+00   1.978196725249e-01   6.635525403113e-02
  2.456451372100e+06   6.578417085400e-07   6.560000000000e-07   1.013613566500e+00   1.844556477800e-01   9.688625230119e-01   1.000000000000e+00   1.978196725249e-01   5.886029283639e-02
  2.456451372100e+06   6.578592964800e-07   6.560000000000e-07   1.017998639100e+00   1.865791100800e-01   9.744884119750e-01   1.000000000000e+00   1.978196725249e-01   5.438218664134e-02
  2.456451372100e+06   6.578768844200e-07   6.560000000000e-07   1.016959288100e+00   1.873235657400e-01   9.795573333393e-01   1.000000000000e+00   1.978196725249e-01   3.986610158148e-02
  2.456451372100e+06   6.578944723600e-07   6.560000000000e-07   1.022088871900e+00   1.898641105200e-01   9.835373129695e-01   1.000000000000e+00   1.978196725249e-01   4.122855664704e-02
  2.456451372100e+06   6.579120603000e-07   6.560000000000e-07   1.021181016500e+00   1.875059675600e-01   9.869414361163e-01   1.000000000000e+00   1.978196725249e-01   3.334468959996e-02
  2.456451372100e+06   6.579296482400e-07   6.560000000000e-07   1.018141421800e+00   1.866594097300e-01   9.900067732014e-01   1.000000000000e+00   1.978196725249e-01   2.271868626224e-02
  2.456451372100e+06   6.579472361800e-07   6.560000000000e-07   1.011254935000e+00   1.878822607500e-01   9.926419005012e-01   1.000000000000e+00   1.978196725249e-01   9.814378659281e-03
  2.456451372100e+06   6.579648241200e-07   6.560000000000e-07   1.009379250600e+00   1.856935036700e-01   9.950517699752e-01   1.000000000000e+00   1.978196725249e-01   5.953141953606e-03
  2.456451372100e+06   6.579824120600e-07   6.560000000000e-07   1.004066678200e+00   1.862701762800e-01   9.974413335832e-01   1.000000000000e+00   1.978196725249e-01   1.265115844224e-03
  2.456451372100e+06   6.580000000000e-07   6.560000000000e-07   1.006675035100e+00   1.865896730200e-01   1.000000000000e+00   1.000000000000e+00   1.978196725249e-01   1.279769925871e-03
