#                  hjd            eff_wave            eff_band                flux               error             fluxsyn             dataset               phase                chi2
  2.456451372100e+06   6.545000000000e-07   6.560000000000e-07   9.627721697400e-01   3.914581294700e-02   9.999898880869e-01   1.000000000000e+00   1.978196725249e-01   9.039176296472e-01
  2.456451372100e+06   6.545175879400e-07   6.560000000000e-07   9.491183758200e-01   3.630523970300e-02   9.985464527279e-01   1.000000000000e+00   1.978196725249e-01   1.853569226204e+00
  2.456451372100e+06   6.545351758800e-07   6.560000000000e-07   9.473347495900e-01   3.694137590500e-02   9.974834160329e-01   1.000000000000e+00   1.978196725249e-01   1.842861272446e+00
  2.456451372100e+06   6.545527638200e-07   6.560000000000e-07   9.301706825900e-01   9.053138597200e-02   9.963731486839e-01   1.000000000000e+00   1.978196725249e-01   5.347490193016e-01
  2.456451372100e+06   6.545703517600e-07   6.560000000000e-07   9.105390090800e-01   1.038172928900e-01   9.947880213635e-01   1.000000000000e+00   1.978196725249e-01   6.585522466720e-01
  2.456451372100e+06   6.545879397000e-07   6.560000000000e-07   8.988294773600e-01   9.199571747200e-02   9.923004047539e-01   1.000000000000e+00   1.978196725249e-01   1.032328415454e+00
  2.456451372100e+06   6.546055276400e-07   6.560000000000e-07   9.600923177000e-01   3.869246265800e-02   9.884681824041e-01   1.000000000000e+00   1.978196725249e-01   5.378305472145e-01
  2.456451372100e+06   6.546231155800e-07   6.560000000000e-07   9.595943406600e-01   4.752650748700e-02   9.829697591864e-01   1.000000000000e+00   1.978196725249e-01   2.419061940862e-01
  2.456451372100e+06   6.546407035200e-07   6.560000000000e-07   9.799310531700e-01   3.422573986500e-02   9.762945137601e-01   1.000000000000e+00   1.978196725249e-01   1.128940118645e-02
  2.456451372100e+06   6.546582914600e-07   6.560000000000e-07   9.775140380300e-01   3.219285379700e-02   9.690793036957e-01   1.000000000000e+00   1.978196725249e-01   6.864736349278e-02
  2.456451372100e+06   6.546758794000e-07   6.560000000000e-07   9.865815662800e-01   3.437982235800e-02   9.619609865636e-01   1.000000000000e+00   1.978196725249e-01   5.128487396541e-01
  2.456451372100e+06   6.546934673400e-07   6.560000000000e-07   9.838727452000e-01   3.163336824700e-02   9.555764199343e-01   1.000000000000e+00   1.978196725249e-01   8.001459364448e-01
  2.456451372100e+06   6.547110552800e-07   6.560000000000e-07   9.795509646600e-01   3.352034569000e-02   9.502329337214e-01   1.000000000000e+00   1.978196725249e-01   7.649844725121e-01
  2.456451372100e+06   6.547286432200e-07   6.560000000000e-07   9.770939933900e-01   3.344881975500e-02   9.451631338290e-01   1.000000000000e+00   1.978196725249e-01   9.112963332607e-01
  2.456451372100e+06   6.547462311600e-07   6.560000000000e-07   9.698454046100e-01   3.598034611700e-02   9.404438925490e-01   1.000000000000e+00   1.978196725249e-01   6.677419456230e-01
  2.456451372100e+06   6.547638191000e-07   6.560000000000e-07   9.189025003700e-01   5.299943486100e-02   9.362513866318e-01   1.000000000000e+00   1.978196725249e-01   1.071521087255e-01
  2.456451372100e+06   6.547814070400e-07   6.560000000000e-07   8.042232313900e-01   1.211632732900e-01   9.327617928275e-01   1.000000000000e+00   1.978196725249e-01   1.125446552600e+00
  2.456451372100e+06   6.547989949700e-07   6.560000000000e-07   7.971174385000e-01   1.342821377800e-01   9.301512890872e-01   1.000000000000e+00   1.978196725249e-01   9.814944091232e-01
  2.456451372100e+06   6.548165829100e-07   6.560000000000e-07   8.936081473500e-01   8.453852391000e-02   9.283222749522e-01   1.000000000000e+00   1.978196725249e-01   1.686177112080e-01
  2.456451372100e+06   6.548341708500e-07   6.560000000000e-07   9.660766162000e-01   4.207261282700e-02   9.270932064897e-01   1.000000000000e+00   1.978196725249e-01   8.585402827489e-01
  2.456451372100e+06   6.548517587900e-07   6.560000000000e-07   9.861070278100e-01   3.697432469800e-02   9.266019639649e-01   1.000000000000e+00   1.978196725249e-01   2.590045237495e+00
  2.456451372100e+06   6.548693467300e-07   6.560000000000e-07   9.953200760000e-01   3.367302850600e-02   9.269872167930e-01   1.000000000000e+00   1.978196725249e-01   4.118080481849e+00
  2.456451372100e+06   6.548869346700e-07   6.560000000000e-07   9.963620372800e-01   3.412088438200e-02   9.283876343895e-01   1.000000000000e+00   1.978196725249e-01   3.968718030713e+00
  2.456451372100e+06   6.549045226100e-07   6.560000000000e-07   9.945453438300e-01   3.595641745400e-02   9.309721927954e-01   1.000000000000e+00   1.978196725249e-01   3.126040843908e+00
  2.456451372100e+06   6.549221105500e-07   6.560000000000e-07   9.904050115500e-01   3.329302810900e-02   9.352819883327e-01   1.000000000000e+00   1.978196725249e-01   2.741318278669e+00
  2.456451372100e+06   6.549396984900e-07   6.560000000000e-07   9.897253558900e-01   3.572312153900e-02   9.409882077443e-01   1.000000000000e+00   1.978196725249e-01   1.861321626367e+00
  2.456451372100e+06   6.549572864300e-07   6.560000000000e-07   9.928666992900e-01   3.738966130500e-02   9.474533242689e-01   1.000000000000e+00   1.978196725249e-01   1.475246169259e+00
  2.456451372100e+06   6.549748743700e-07   6.560000000000e-07   9.853606260900e-01   3.872592048400e-02   9.540398111449e-01   1.000000000000e+00   1.978196725249e-01   6.541278024178e-01
  2.456451372100e+06   6.549924623100e-07   6.560000000000e-07   9.814377740000e-01   3.875502683000e-02   9.601101416110e-01   1.000000000000e+00   1.978196725249e-01   3.028511374835e-01
  2.456451372100e+06   6.550100502500e-07   6.560000000000e-07   9.978161514100e-01   3.934787314500e-02   9.653184869861e-01   1.000000000000e+00   1.978196725249e-01   6.821215564921e-01
  2.456451372100e+06   6.550276381900e-07   6.560000000000e-07   1.012547994400e+00   3.479828169900e-02   9.704924862131e-01   1.000000000000e+00   1.978196725249e-01   1.460596217074e+00
  2.456451372100e+06   6.550452261300e-07   6.560000000000e-07   1.004679471200e+00   3.816398919500e-02   9.755300625650e-01   1.000000000000e+00   1.978196725249e-01   5.833805808420e-01
  2.456451372100e+06   6.550628140700e-07   6.560000000000e-07   9.870401846400e-01   7.879019996300e-02   9.801841540196e-01   1.000000000000e+00   1.978196725249e-01   7.571834131743e-03
  2.456451372100e+06   6.550804020100e-07   6.560000000000e-07   1.003147307900e+00   3.296152579300e-02   9.842076985548e-01   1.000000000000e+00   1.978196725249e-01   3.301622531296e-01
  2.456451372100e+06   6.550979899500e-07   6.560000000000e-07   9.962165372900e-01   3.540054774600e-02   9.873536341483e-01   1.000000000000e+00   1.978196725249e-01   6.268044089035e-02
  2.456451372100e+06   6.551155778900e-07   6.560000000000e-07   1.003090010100e+00   3.342701446900e-02   9.894366292849e-01   1.000000000000e+00   1.978196725249e-01   1.668342558128e-01
  2.456451372100e+06   6.551331658300e-07   6.560000000000e-07   1.007841539400e+00   3.115198934900e-02   9.905937721972e-01   1.000000000000e+00   1.978196725249e-01   3.065449684779e-01
  2.456451372100e+06   6.551507537700e-07   6.560000000000e-07   1.014825959900e+00   3.477418549300e-02   9.910667268739e-01   1.000000000000e+00   1.978196725249e-01   4.668215553413e-01
  2.456451372100e+06   6.551683417100e-07   6.560000000000e-07   1.016557255200e+00   3.677868361200e-02   9.910972018097e-01   1.000000000000e+00   1.978196725249e-01   4.792104261361e-01
  2.456451372100e+06   6.551859296500e-07   6.560000000000e-07   1.019655988400e+00   4.051869861100e-02   9.909269054998e-01   1.000000000000e+00   1.978196725249e-01   5.027273914935e-01
  2.456451372100e+06   6.552035175900e-07   6.560000000000e-07   1.022777186300e+00   4.051802526600e-02   9.907813855658e-01   1.000000000000e+00   1.978196725249e-01   6.235760475307e-01
  2.456451372100e+06   6.552211055300e-07   6.560000000000e-07   1.027842822500e+00   3.916728177700e-02   9.903753499839e-01   1.000000000000e+00   1.978196725249e-01   9.150860398711e-01
  2.456451372100e+06   6.552386934700e-07   6.560000000000e-07   1.034554112500e+00   3.625757668400e-02   9.896349335295e-01   1.000000000000e+00   1.978196725249e-01   1.534850468069e+00
  2.456451372100e+06   6.552562814100e-07   6.560000000000e-07   1.040353672800e+00   3.528969498300e-02   9.887185222673e-01   1.000000000000e+00   1.978196725249e-01   2.140893608413e+00
  2.456451372100e+06   6.552738693500e-07   6.560000000000e-07   1.039496654700e+00   3.914350391500e-02   9.877845022622e-01   1.000000000000e+00   1.978196725249e-01   1.745282895516e+00
  2.456451372100e+06   6.552914572900e-07   6.560000000000e-07   1.040404805900e+00   4.680061941900e-02   9.869912595791e-01   1.000000000000e+00   1.978196725249e-01   1.302565659662e+00
  2.456451372100e+06   6.553090452300e-07   6.560000000000e-07   1.031689924900e+00   4.775774738300e-02   9.865045640366e-01   1.000000000000e+00   1.978196725249e-01   8.951747880207e-01
  2.456451372100e+06   6.553266331700e-07   6.560000000000e-07   1.005343792800e+00   5.803740768500e-02   9.863772791662e-01   1.000000000000e+00   1.978196725249e-01   1.067969877292e-01
  2.456451372100e+06   6.553442211100e-07   6.560000000000e-07   9.925727243800e-01   4.984143871100e-02   9.864083142726e-01   1.000000000000e+00   1.978196725249e-01   1.529684646108e-02
  2.456451372100e+06   6.553618090500e-07   6.560000000000e-07   1.008188255100e+00   4.270141622900e-02   9.863756775106e-01   1.000000000000e+00   1.978196725249e-01   2.609332480024e-01
  2.456451372100e+06   6.553793969800e-07   6.560000000000e-07   1.031642975000e+00   4.589373779300e-02   9.860573773388e-01   1.000000000000e+00   1.978196725249e-01   9.866166632733e-01
  2.456451372100e+06   6.553969849200e-07   6.560000000000e-07   1.065868980100e+00   4.196430173100e-02   9.852314216552e-01   1.000000000000e+00   1.978196725249e-01   3.692450970220e+00
  2.456451372100e+06   6.554145728600e-07   6.560000000000e-07   1.075803425700e+00   5.465753664900e-02   9.837237528991e-01   1.000000000000e+00   1.978196725249e-01   2.838098247171e+00
  2.456451372100e+06   6.554321608000e-07   6.560000000000e-07   1.081976591000e+00   6.503914694800e-02   9.816443103451e-01   1.000000000000e+00   1.978196725249e-01   2.379751974201e+00
  2.456451372100e+06   6.554497487400e-07   6.560000000000e-07   1.092229298600e+00   6.994746405400e-02   9.792061554298e-01   1.000000000000e+00   1.978196725249e-01   2.610903462364e+00
  2.456451372100e+06   6.554673366800e-07   6.560000000000e-07   1.090705047600e+00   9.265724539000e-02   9.766224499427e-01   1.000000000000e+00   1.978196725249e-01   1.515933090949e+00
  2.456451372100e+06   6.554849246200e-07   6.560000000000e-07   1.084048163600e+00   9.460516171100e-02   9.741063556736e-01   1.000000000000e+00   1.978196725249e-01   1.350504650390e+00
  2.456451372100e+06   6.555025125600e-07   6.560000000000e-07   1.120264668700e+00   8.913616653800e-02   9.717372945109e-01   1.000000000000e+00   1.978196725249e-01   2.776547460474e+00
  2.456451372100e+06   6.555201005000e-07   6.560000000000e-07   1.134494217400e+00   9.683764609200e-02   9.634817644101e-01   1.000000000000e+00   1.978196725249e-01   3.118652780768e+00
  2.456451372100e+06   6.555376884400e-07   6.560000000000e-07   1.116520038700e+00   1.011774564900e-01   9.505480541322e-01   1.000000000000e+00   1.978196725249e-01   2.690927884835e+00
  2.456451372100e+06   6.555552763800e-07   6.560000000000e-07   1.132860136200e+00   1.037417482900e-01   9.392793917357e-01   1.000000000000e+00   1.978196725249e-01   3.481907153136e+00
  2.456451372100e+06   6.555728643200e-07   6.560000000000e-07   1.093915952700e+00   1.584683510600e-01   9.360190052794e-01   1.000000000000e+00   1.978196725249e-01   9.928014211707e-01
  2.456451372100e+06   6.555904522600e-07   6.560000000000e-07   1.115604309600e+00   2.248578022600e-01   9.471101228218e-01   1.000000000000e+00   1.978196725249e-01   5.615053784181e-01
  2.456451372100e+06   6.556080402000e-07   6.560000000000e-07   1.145545408300e+00   2.329885718500e-01   9.773064945023e-01   1.000000000000e+00   1.978196725249e-01   5.214151827003e-01
  2.456451372100e+06   6.556256281400e-07   6.560000000000e-07   1.250129805800e+00   2.103674837300e-01   1.019956205464e+00   1.000000000000e+00   1.978196725249e-01   1.197164409879e+00
  2.456451372100e+06   6.556432160800e-07   6.560000000000e-07   1.280896959700e+00   2.282279511300e-01   1.074229159434e+00   1.000000000000e+00   1.978196725249e-01   8.199888951708e-01
  2.456451372100e+06   6.556608040200e-07   6.560000000000e-07   1.326870574400e+00   2.594469191700e-01   1.141182139445e+00   1.000000000000e+00   1.978196725249e-01   5.122390410054e-01
  2.456451372100e+06   6.556783919600e-07   6.560000000000e-07   1.368489936700e+00   2.877243136200e-01   1.221871928528e+00   1.000000000000e+00   1.978196725249e-01   2.596698368605e-01
  2.456451372100e+06   6.556959799000e-07   6.560000000000e-07   1.389952259000e+00   3.314614646700e-01   1.317355309715e+00   1.000000000000e+00   1.978196725249e-01   4.797010306706e-02
  2.456451372100e+06   6.557135678400e-07   6.560000000000e-07   1.428392814600e+00   3.604244459100e-01   1.429068550054e+00   1.000000000000e+00   1.978196725249e-01   3.514996789378e-06
  2.456451372100e+06   6.557311557800e-07   6.560000000000e-07   1.483690113600e+00   4.082763031700e-01   1.557221588503e+00   1.000000000000e+00   1.978196725249e-01   3.243681523282e-02
  2.456451372100e+06   6.557487437200e-07   6.560000000000e-07   1.529257104600e+00   4.614621717900e-01   1.699712776154e+00   1.000000000000e+00   1.978196725249e-01   1.364428243695e-01
  2.456451372100e+06   6.557663316600e-07   6.560000000000e-07   1.545838750900e+00   5.560301465600e-01   1.854382617595e+00   1.000000000000e+00   1.978196725249e-01   3.079194756311e-01
  2.456451372100e+06   6.557839196000e-07   6.560000000000e-07   1.643508418100e+00   6.330042715600e-01   2.019071617415e+00   1.000000000000e+00   1.978196725249e-01   3.520081985916e-01
  2.456451372100e+06   6.558015075400e-07   6.560000000000e-07   1.820431665000e+00   6.803478130400e-01   2.191636105782e+00   1.000000000000e+00   1.978196725249e-01   2.976900644072e-01
  2.456451372100e+06   6.558190954800e-07   6.560000000000e-07   1.984886704200e+00   7.543973020300e-01   2.372593687953e+00   1.000000000000e+00   1.978196725249e-01   2.641234703659e-01
  2.456451372100e+06   6.558366834200e-07   6.560000000000e-07   2.119035635400e+00   8.994456767900e-01   2.563382165434e+00   1.000000000000e+00   1.978196725249e-01   2.440583713039e-01
  2.456451372100e+06   6.558542713600e-07   6.560000000000e-07   2.279864790400e+00   1.025937353300e+00   2.764199847238e+00   1.000000000000e+00   1.978196725249e-01   2.228692365717e-01
  2.456451372100e+06   6.558718593000e-07   6.560000000000e-07   2.498448102300e+00   1.161082155500e+00   2.975245042383e+00   1.000000000000e+00   1.978196725249e-01   1.686323989039e-01
  2.456451372100e+06   6.558894472400e-07   6.560000000000e-07   2.739662733700e+00   1.308113729200e+00   3.196716059882e+00   1.000000000000e+00   1.978196725249e-01   1.220794995051e-01
  2.456451372100e+06   6.559070351800e-07   6.560000000000e-07   2.988467937000e+00   1.480930853200e+00   3.429402524345e+00   1.000000000000e+00   1.978196725249e-01   8.865000633778e-02
  2.456451372100e+06   6.559246231200e-07   6.560000000000e-07   3.267571944400e+00   1.670049764000e+00   3.677342895052e+00   1.000000000000e+00   1.978196725249e-01   6.020374530426e-02
  2.456451372100e+06   6.559422110600e-07   6.560000000000e-07   3.546106613900e+00   1.887533647400e+00   3.937760139696e+00   1.000000000000e+00   1.978196725249e-01   4.305411602144e-02
  2.456451372100e+06   6.559597989900e-07   6.560000000000e-07   3.904103915100e+00   2.026911749800e+00   4.206342555953e+00   1.000000000000e+00   1.978196725249e-01   2.223464985409e-02
  2.456451372100e+06   6.559773869300e-07   6.560000000000e-07   4.248561673400e+00   2.173200832400e+00   4.478778903166e+00   1.000000000000e+00   1.978196725249e-01   1.122214619101e-02
  2.456451372100e+06   6.559949748700e-07   6.560000000000e-07   4.618719591500e+00   2.264855934600e+00   4.750757482427e+00   1.000000000000e+00   1.978196725249e-01   3.398724740719e-03
  2.456451372100e+06   6.560125628100e-07   6.560000000000e-07   4.978291192200e+00   2.314729912100e+00   5.024460158338e+00   1.000000000000e+00   1.978196725249e-01   3.978319433906e-04
  2.456451372100e+06   6.560301507500e-07   6.560000000000e-07   5.376039352600e+00   2.301701565600e+00   5.310558679492e+00   1.000000000000e+00   1.978196725249e-01   8.093348544703e-04
  2.456451372100e+06   6.560477386900e-07   6.560000000000e-07   5.729893318400e+00   2.237075247700e+00   5.600529970699e+00   1.000000000000e+00   1.978196725249e-01   3.343961792131e-03
  2.456451372100e+06   6.560653266300e-07   6.560000000000e-07   6.131397037900e+00   2.158314432100e+00   5.884799868539e+00   1.000000000000e+00   1.978196725249e-01   1.305409427244e-02
  2.456451372100e+06   6.560829145700e-07   6.560000000000e-07   6.488606965100e+00   2.019606351100e+00   6.153794209601e+00   1.000000000000e+00   1.978196725249e-01   2.748340480998e-02
  2.456451372100e+06   6.561005025100e-07   6.560000000000e-07   6.770572136600e+00   1.876700913700e+00   6.397959914936e+00   1.000000000000e+00   1.978196725249e-01   3.942067535925e-02
  2.456451372100e+06   6.561180904500e-07   6.560000000000e-07   6.989583272100e+00   1.746334472600e+00   6.626911976193e+00   1.000000000000e+00   1.978196725249e-01   4.312921108716e-02
  2.456451372100e+06   6.561356783900e-07   6.560000000000e-07   7.164923201000e+00   1.643001329800e+00   6.847993195367e+00   1.000000000000e+00   1.978196725249e-01   3.720924747112e-02
  2.456451372100e+06   6.561532663300e-07   6.560000000000e-07   7.339547292600e+00   1.516194569500e+00   7.051819230760e+00   1.000000000000e+00   1.978196725249e-01   3.601260743764e-02
  2.456451372100e+06   6.561708542700e-07   6.560000000000e-07   7.485361736500e+00   1.343062231200e+00   7.229005740676e+00   1.000000000000e+00   1.978196725249e-01   3.643297923922e-02
  2.456451372100e+06   6.561884422100e-07   6.560000000000e-07   7.509002500300e+00   1.128133087000e+00   7.370168383414e+00   1.000000000000e+00   1.978196725249e-01   1.514508553861e-02
  2.456451372100e+06   6.562060301500e-07   6.560000000000e-07   7.434362681500e+00   1.004363722500e+00   7.465429680599e+00   1.000000000000e+00   1.978196725249e-01   9.567898826574e-04
  2.456451372100e+06   6.562236180900e-07   6.560000000000e-07   7.326638532300e+00   1.087609217700e+00   7.506945870720e+00   1.000000000000e+00   1.978196725249e-01   2.748406999975e-02
  2.456451372100e+06   6.562412060300e-07   6.560000000000e-07   7.177967226300e+00   1.221752954000e+00   7.506430638401e+00   1.000000000000e+00   1.978196725249e-01   7.227817938709e-02
  2.456451372100e+06   6.562587939700e-07   6.560000000000e-07   7.053176577700e+00   1.341458541100e+00   7.479057479643e+00   1.000000000000e+00   1.978196725249e-01   1.007910153798e-01
  2.456451372100e+06   6.562763819100e-07   6.560000000000e-07   6.879291326900e+00   1.402736790200e+00   7.439999890444e+00   1.000000000000e+00   1.978196725249e-01   1.597798477028e-01
  2.456451372100e+06   6.562939698500e-07   6.560000000000e-07   6.880838113200e+00   1.366205164200e+00   7.404431366804e+00   1.000000000000e+00   1.978196725249e-01   1.468778271046e-01
  2.456451372100e+06   6.563115577900e-07   6.560000000000e-07   6.805478673200e+00   1.205270705300e+00   7.378741548396e+00   1.000000000000e+00   1.978196725249e-01   2.262238729341e-01
  2.456451372100e+06   6.563291457300e-07   6.560000000000e-07   6.856540057000e+00   1.164937903600e+00   7.344349768725e+00   1.000000000000e+00   1.978196725249e-01   1.753457857129e-01
  2.456451372100e+06   6.563467336700e-07   6.560000000000e-07   6.912443783400e+00   1.079935913000e+00   7.303885882229e+00   1.000000000000e+00   1.978196725249e-01   1.313829760528e-01
  2.456451372100e+06   6.563643216100e-07   6.560000000000e-07   7.003429423000e+00   1.091762390100e+00   7.262054301053e+00   1.000000000000e+00   1.978196725249e-01   5.611569410844e-02
  2.456451372100e+06   6.563819095500e-07   6.560000000000e-07   7.115338804400e+00   1.137425652100e+00   7.223559437345e+00   1.000000000000e+00   1.978196725249e-01   9.052616074653e-03
  2.456451372100e+06   6.563994974900e-07   6.560000000000e-07   7.220774401900e+00   1.154811304300e+00   7.193105703251e+00   1.000000000000e+00   1.978196725249e-01   5.740575242140e-04
  2.456451372100e+06   6.564170854300e-07   6.560000000000e-07   7.292233585000e+00   1.169050587000e+00   7.172203305636e+00   1.000000000000e+00   1.978196725249e-01   1.054180613407e-02
  2.456451372100e+06   6.564346733700e-07   6.560000000000e-07   7.344835435500e+00   1.166093198700e+00   7.157437018338e+00   1.000000000000e+00   1.978196725249e-01   2.582648557195e-02
  2.456451372100e+06   6.564522613100e-07   6.560000000000e-07   7.356963508100e+00   1.176705108900e+00   7.146411963844e+00   1.000000000000e+00   1.978196725249e-01   3.201706988771e-02
  2.456451372100e+06   6.564698492500e-07   6.560000000000e-07   7.310070594600e+00   1.168213213400e+00   7.136734397279e+00   1.000000000000e+00   1.978196725249e-01   2.201579137505e-02
  2.456451372100e+06   6.564874371900e-07   6.560000000000e-07   7.222559025700e+00   1.186093930100e+00   7.126010573766e+00   1.000000000000e+00   1.978196725249e-01   6.626015729875e-03
  2.456451372100e+06   6.565050251300e-07   6.560000000000e-07   7.035236808600e+00   1.184221199200e+00   7.112935180661e+00   1.000000000000e+00   1.978196725249e-01   4.304851518566e-03
  2.456451372100e+06   6.565226130700e-07   6.560000000000e-07   6.807857014300e+00   1.194773058200e+00   7.110665739675e+00   1.000000000000e+00   1.978196725249e-01   6.423414216796e-02
  2.456451372100e+06   6.565402010100e-07   6.560000000000e-07   6.654703983700e+00   1.237653550700e+00   7.114804291602e+00   1.000000000000e+00   1.978196725249e-01   1.381996246694e-01
  2.456451372100e+06   6.565577889400e-07   6.560000000000e-07   6.547692715300e+00   1.320334791000e+00   7.113745927699e+00   1.000000000000e+00   1.978196725249e-01   1.838003713446e-01
  2.456451372100e+06   6.565753768800e-07   6.560000000000e-07   6.455141812000e+00   1.419381557500e+00   7.095885739239e+00   1.000000000000e+00   1.978196725249e-01   2.037842810528e-01
  2.456451372100e+06   6.565929648200e-07   6.560000000000e-07   6.474906356800e+00   1.614266022400e+00   7.049618811226e+00   1.000000000000e+00   1.978196725249e-01   1.267508866584e-01
  2.456451372100e+06   6.566105527600e-07   6.560000000000e-07   6.457699938900e+00   1.791812364800e+00   6.967742616244e+00   1.000000000000e+00   1.978196725249e-01   8.102666708242e-02
  2.456451372100e+06   6.566281407000e-07   6.560000000000e-07   6.463877971800e+00   1.965946702900e+00   6.861456721179e+00   1.000000000000e+00   1.978196725249e-01   4.089807309554e-02
  2.456451372100e+06   6.566457286400e-07   6.560000000000e-07   6.391905194900e+00   2.069490072100e+00   6.732519745376e+00   1.000000000000e+00   1.978196725249e-01   2.708941946522e-02
  2.456451372100e+06   6.566633165800e-07   6.560000000000e-07   6.578281111700e+00   2.364264055500e+00   6.581130324287e+00   1.000000000000e+00   1.978196725249e-01   1.452304721987e-06
  2.456451372100e+06   6.566809045200e-07   6.560000000000e-07   6.604437270200e+00   2.531258963800e+00   6.407487093361e+00   1.000000000000e+00   1.978196725249e-01   6.053960641763e-03
  2.456451372100e+06   6.566984924600e-07   6.560000000000e-07   6.582117740800e+00   2.660632433500e+00   6.211788688047e+00   1.000000000000e+00   1.978196725249e-01   1.937339827999e-02
  2.456451372100e+06   6.567160804000e-07   6.560000000000e-07   6.483535632400e+00   2.750350762300e+00   5.984396844578e+00   1.000000000000e+00   1.978196725249e-01   3.293566759784e-02
  2.456451372100e+06   6.567336683400e-07   6.560000000000e-07   6.321030918200e+00   2.782337248400e+00   5.720874986561e+00   1.000000000000e+00   1.978196725249e-01   4.652738730041e-02
  2.456451372100e+06   6.567512562800e-07   6.560000000000e-07   6.093473141400e+00   2.758419778000e+00   5.435491133913e+00   1.000000000000e+00   1.978196725249e-01   5.689935192290e-02
  2.456451372100e+06   6.567688442200e-07   6.560000000000e-07   5.793095709700e+00   2.665336656000e+00   5.142602859362e+00   1.000000000000e+00   1.978196725249e-01   5.956359620747e-02
  2.456451372100e+06   6.567864321600e-07   6.560000000000e-07   5.429978262600e+00   2.503827257800e+00   4.856567735643e+00   1.000000000000e+00   1.978196725249e-01   5.244723499783e-02
  2.456451372100e+06   6.568040201000e-07   6.560000000000e-07   5.060592783400e+00   2.336449916200e+00   4.590837251559e+00   1.000000000000e+00   1.978196725249e-01   4.042321524389e-02
  2.456451372100e+06   6.568216080400e-07   6.560000000000e-07   4.658526486000e+00   2.134229876200e+00   4.334343997836e+00   1.000000000000e+00   1.978196725249e-01   2.307260931114e-02
  2.456451372100e+06   6.568391959800e-07   6.560000000000e-07   4.257139868400e+00   1.946143283700e+00   4.081138480642e+00   1.000000000000e+00   1.978196725249e-01   8.178667656677e-03
  2.456451372100e+06   6.568567839200e-07   6.560000000000e-07   3.843201703700e+00   1.754356448800e+00   3.833801981525e+00   1.000000000000e+00   1.978196725249e-01   2.870743298531e-05
  2.456451372100e+06   6.568743718600e-07   6.560000000000e-07   3.504833229300e+00   1.546187037100e+00   3.594915782038e+00   1.000000000000e+00   1.978196725249e-01   3.394355407763e-03
  2.456451372100e+06   6.568919598000e-07   6.560000000000e-07   3.207171891700e+00   1.327784880200e+00   3.367061163726e+00   1.000000000000e+00   1.978196725249e-01   1.450050784197e-02
  2.456451372100e+06   6.569095477400e-07   6.560000000000e-07   2.946221401200e+00   1.139493762100e+00   3.152194409443e+00   1.000000000000e+00   1.978196725249e-01   3.267357981633e-02
  2.456451372100e+06   6.569271356800e-07   6.560000000000e-07   2.688644366200e+00   9.719800518300e-01   2.948476900725e+00   1.000000000000e+00   1.978196725249e-01   7.146153744508e-02
  2.456451372100e+06   6.569447236200e-07   6.560000000000e-07   2.463032976800e+00   8.421642308200e-01   2.754890413098e+00   1.000000000000e+00   1.978196725249e-01   1.201013649282e-01
  2.456451372100e+06   6.569623115600e-07   6.560000000000e-07   2.266994061800e+00   7.195427842500e-01   2.570728378881e+00   1.000000000000e+00   1.978196725249e-01   1.781863703111e-01
  2.456451372100e+06   6.569798995000e-07   6.560000000000e-07   2.101537466100e+00   6.259330545500e-01   2.395284230400e+00   1.000000000000e+00   1.978196725249e-01   2.202370644646e-01
  2.456451372100e+06   6.569974874400e-07   6.560000000000e-07   1.955880648500e+00   5.351845256800e-01   2.227851399974e+00   1.000000000000e+00   1.978196725249e-01   2.582482022860e-01
  2.456451372100e+06   6.570150753800e-07   6.560000000000e-07   1.816121306100e+00   4.655030441000e-01   2.067496070091e+00   1.000000000000e+00   1.978196725249e-01   2.916072390769e-01
  2.456451372100e+06   6.570326633200e-07   6.560000000000e-07   1.698797222400e+00   3.995914880900e-01   1.914317309592e+00   1.000000000000e+00   1.978196725249e-01   2.908995511407e-01
  2.456451372100e+06   6.570502512600e-07   6.560000000000e-07   1.592086596600e+00   3.450012156900e-01   1.769642092255e+00   1.000000000000e+00   1.978196725249e-01   2.648664722525e-01
  2.456451372100e+06   6.570678392000e-07   6.560000000000e-07   1.450531802200e+00   2.686367411300e-01   1.634809550713e+00   1.000000000000e+00   1.978196725249e-01   4.705599643031e-01
  2.456451372100e+06   6.570854271400e-07   6.560000000000e-07   1.321800742000e+00   1.993796977000e-01   1.511158817600e+00   1.000000000000e+00   1.978196725249e-01   9.019984604103e-01
  2.456451372100e+06   6.571030150800e-07   6.560000000000e-07   1.278186696000e+00   1.697743645000e-01   1.399965026181e+00   1.000000000000e+00   1.978196725249e-01   5.145123485280e-01
  2.456451372100e+06   6.571206030200e-07   6.560000000000e-07   1.301941786700e+00   1.616667349500e-01   1.299807230917e+00   1.000000000000e+00   1.978196725249e-01   1.743306234130e-04
  2.456451372100e+06   6.571381909500e-07   6.560000000000e-07   1.293754050000e+00   1.599297818200e-01   1.210162111752e+00   1.000000000000e+00   1.978196725249e-01   2.731933358412e-01
  2.456451372100e+06   6.571557788900e-07   6.560000000000e-07   1.260499869700e+00   1.447768988300e-01   1.131826491142e+00   1.000000000000e+00   1.978196725249e-01   7.899122870544e-01
  2.456451372100e+06   6.571733668300e-07   6.560000000000e-07   1.224686645000e+00   1.300837472800e-01   1.065597347895e+00   1.000000000000e+00   1.978196725249e-01   1.495670224958e+00
  2.456451372100e+06   6.571909547700e-07   6.560000000000e-07   1.186344434600e+00   1.436889086100e-01   1.012271606785e+00   1.000000000000e+00   1.978196725249e-01   1.467626269671e+00
  2.456451372100e+06   6.572085427100e-07   6.560000000000e-07   1.130911867500e+00   1.855636331300e-01   9.738187059494e-01   1.000000000000e+00   1.978196725249e-01   7.166858439713e-01
  2.456451372100e+06   6.572261306500e-07   6.560000000000e-07   1.105338125400e+00   1.845849482400e-01   9.555923231937e-01   1.000000000000e+00   1.978196725249e-01   6.581376638360e-01
  2.456451372100e+06   6.572437185900e-07   6.560000000000e-07   1.097973088900e+00   1.425783162800e-01   9.526089951830e-01   1.000000000000e+00   1.978196725249e-01   1.039458910361e+00
  2.456451372100e+06   6.572613065300e-07   6.560000000000e-07   1.107111274400e+00   8.625596800800e-02   9.583122014951e-01   1.000000000000e+00   1.978196725249e-01   2.975926110427e+00
  2.456451372100e+06   6.572788944700e-07   6.560000000000e-07   1.109401236700e+00   7.230618666100e-02   9.661454217078e-01   1.000000000000e+00   1.978196725249e-01   3.925306771580e+00
  2.456451372100e+06   6.572964824100e-07   6.560000000000e-07   1.099903595700e+00   6.278381220600e-02   9.695521353991e-01   1.000000000000e+00   1.978196725249e-01   4.310587220218e+00
  2.456451372100e+06   6.573140703500e-07   6.560000000000e-07   1.102497436000e+00   6.640613634300e-02   9.667149095936e-01   1.000000000000e+00   1.978196725249e-01   4.180915060611e+00
  2.456451372100e+06   6.573316582900e-07   6.560000000000e-07   1.090557036900e+00   7.051858579300e-02   9.640883402066e-01   1.000000000000e+00   1.978196725249e-01   3.216317380662e+00
  2.456451372100e+06   6.573492462300e-07   6.560000000000e-07   1.049952378300e+00   1.019745015200e-01   9.616536965988e-01   1.000000000000e+00   1.978196725249e-01   7.497651623015e-01
  2.456451372100e+06   6.573668341700e-07   6.560000000000e-07   1.039057397500e+00   1.140105061900e-01   9.591562455350e-01   1.000000000000e+00   1.978196725249e-01   4.911524714469e-01
  2.456451372100e+06   6.573844221100e-07   6.560000000000e-07   1.034892253700e+00   9.060481053600e-02   9.563412537802e-01   1.000000000000e+00   1.978196725249e-01   7.516244905368e-01
  2.456451372100e+06   6.574020100500e-07   6.560000000000e-07   1.042817421200e+00   6.048374825600e-02   9.529517727048e-01   1.000000000000e+00   1.978196725249e-01   2.207547367603e+00
  2.456451372100e+06   6.574195979900e-07   6.560000000000e-07   9.803161661500e-01   4.558529351600e-02   9.486901390328e-01   1.000000000000e+00   1.978196725249e-01   4.813264933898e-01
  2.456451372100e+06   6.574371859300e-07   6.560000000000e-07   8.306858524500e-01   3.317119851400e-02   9.437801994713e-01   1.000000000000e+00   1.978196725249e-01   1.162410349674e+01
  2.456451372100e+06   6.574547738700e-07   6.560000000000e-07   8.282546732900e-01   4.161707761700e-02   9.386535984835e-01   1.000000000000e+00   1.978196725249e-01   7.036983449995e+00
  2.456451372100e+06   6.574723618100e-07   6.560000000000e-07   9.290763160800e-01   4.339467541300e-02   9.337419805326e-01   1.000000000000e+00   1.978196725249e-01   1.155990100884e-02
  2.456451372100e+06   6.574899497500e-07   6.560000000000e-07   1.027823153000e+00   5.034826690200e-02   9.294769900818e-01   1.000000000000e+00   1.978196725249e-01   3.815450193423e+00
  2.456451372100e+06   6.575075376900e-07   6.560000000000e-07   1.047368784800e+00   4.331297649200e-02   9.261442037466e-01   1.000000000000e+00   1.978196725249e-01   7.833310188286e+00
  2.456451372100e+06   6.575251256300e-07   6.560000000000e-07   1.043950778300e+00   4.000201948000e-02   9.230030674574e-01   1.000000000000e+00   1.978196725249e-01   9.141794866898e+00
  2.456451372100e+06   6.575427135700e-07   6.560000000000e-07   1.028079722100e+00   3.522821483800e-02   9.201902646195e-01   1.000000000000e+00   1.978196725249e-01   9.379436469638e+00
  2.456451372100e+06   6.575603015100e-07   6.560000000000e-07   1.001410517100e+00   3.105862259600e-02   9.180877400292e-01   1.000000000000e+00   1.978196725249e-01   7.197192012398e+00
  2.456451372100e+06   6.575778894500e-07   6.560000000000e-07   9.090679514300e-01   5.975562225900e-02   9.170774384829e-01   1.000000000000e+00   1.978196725249e-01   1.796601925980e-02
  2.456451372100e+06   6.575954773900e-07   6.560000000000e-07   8.942697353200e-01   7.411571466700e-02   9.175413047768e-01   1.000000000000e+00   1.978196725249e-01   9.858951851563e-02
  2.456451372100e+06   6.576130653300e-07   6.560000000000e-07   9.487020705500e-01   5.111852141000e-02   9.200339541501e-01   1.000000000000e+00   1.978196725249e-01   3.145152813425e-01
  2.456451372100e+06   6.576306532700e-07   6.560000000000e-07   1.011271790300e+00   3.564530129300e-02   9.247224025400e-01   1.000000000000e+00   1.978196725249e-01   5.895537691394e+00
  2.456451372100e+06   6.576482412100e-07   6.560000000000e-07   9.462579533300e-01   5.176341268100e-02   9.307670869962e-01   1.000000000000e+00   1.978196725249e-01   8.955825257135e-02
  2.456451372100e+06   6.576658291500e-07   6.560000000000e-07   8.627900217400e-01   9.651612576900e-02   9.372957416408e-01   1.000000000000e+00   1.978196725249e-01   5.959083479575e-01
  2.456451372100e+06   6.576834170900e-07   6.560000000000e-07   8.519102426200e-01   1.146757728700e-01   9.434361005963e-01   1.000000000000e+00   1.978196725249e-01   6.370070895688e-01
  2.456451372100e+06   6.577010050300e-07   6.560000000000e-07   9.621610596700e-01   4.304148796200e-02   9.483175781337e-01   1.000000000000e+00   1.978196725249e-01   1.034465707253e-01
  2.456451372100e+06   6.577185929600e-07   6.560000000000e-07   9.888958988800e-01   4.297086345800e-02   9.517902596261e-01   1.000000000000e+00   1.978196725249e-01   7.456442531159e-01
  2.456451372100e+06   6.577361809000e-07   6.560000000000e-07   1.014384434700e+00   3.477072140000e-02   9.544738203957e-01   1.000000000000e+00   1.978196725249e-01   2.968794542591e+00
  2.456451372100e+06   6.577537688400e-07   6.560000000000e-07   1.011322659900e+00   3.521849146900e-02   9.568058437334e-01   1.000000000000e+00   1.978196725249e-01   2.396180171467e+00
  2.456451372100e+06   6.577713567800e-07   6.560000000000e-07   1.010365948200e+00   3.278156171200e-02   9.592239152121e-01   1.000000000000e+00   1.978196725249e-01   2.433866186102e+00
  2.456451372100e+06   6.577889447200e-07   6.560000000000e-07   9.991898571000e-01   3.500926170700e-02   9.621656204046e-01   1.000000000000e+00   1.978196725249e-01   1.118423600912e+00
  2.456451372100e+06   6.578065326600e-07   6.560000000000e-07   9.937107136200e-01   3.419493453900e-02   9.661285953952e-01   1.000000000000e+00   1.978196725249e-01   6.506263948739e-01
  2.456451372100e+06   6.578241206000e-07   6.560000000000e-07   9.936676690000e-01   3.129185911200e-02   9.717239358974e-01   1.000000000000e+00   1.978196725249e-01   4.917657660651e-01
  2.456451372100e+06   6.578417085400e-07   6.560000000000e-07   9.966129506900e-01   3.136142735400e-02   9.782299411133e-01   1.000000000000e+00   1.978196725249e-01   3.435908468460e-01
  2.456451372100e+06   6.578592964800e-07   6.560000000000e-07   1.001014153700e+00   3.348488964900e-02   9.846696086259e-01   1.000000000000e+00   1.978196725249e-01   2.382582404786e-01
  2.456451372100e+06   6.578768844200e-07   6.560000000000e-07   1.000081730000e+00   3.422934531200e-02   9.900659360182e-01   1.000000000000e+00   1.978196725249e-01   8.561967604182e-02
  2.456451372100e+06   6.578944723600e-07   6.560000000000e-07   1.005216221200e+00   3.676989009100e-02   9.934419208730e-01   1.000000000000e+00   1.978196725249e-01   1.025381682464e-01
  2.456451372100e+06   6.579120603000e-07   6.560000000000e-07   1.004413311100e+00   3.441174713800e-02   9.957602557365e-01   1.000000000000e+00   1.978196725249e-01   6.323034025356e-02
  2.456451372100e+06   6.579296482400e-07   6.560000000000e-07   1.001513317000e+00   3.356518930500e-02   9.974486721201e-01   1.000000000000e+00   1.978196725249e-01   1.466449171134e-02
  2.456451372100e+06   6.579472361800e-07   6.560000000000e-07   9.948283832100e-01   3.478804032300e-02   9.983356656084e-01   1.000000000000e+00   1.978196725249e-01   1.016439518485e-02
  2.456451372100e+06   6.579648241200e-07   6.560000000000e-07   9.930720857200e-01   3.259928324500e-02   9.988030341019e-01   1.000000000000e+00   1.978196725249e-01   3.090557946524e-02
  2.456451372100e+06   6.579824120600e-07   6.560000000000e-07   9.879337920900e-01   3.317595585400e-02   9.992325755014e-01   1.000000000000e+00   1.978196725249e-01   1.159889129877e-01
  2.456451372100e+06   6.580000000000e-07   6.560000000000e-07   9.905889197200e-01   3.349545259700e-02   1.000000000000e+00   1.000000000000e+00   1.978196725249e-01   7.894184191480e-02
