#                  hjd            eff_wave            eff_band                flux               error             fluxsyn             dataset               phase                chi2
  2.459337854170e+06   3.441183415788e-07   3.441183415788e-07   2.700154802572e-05   2.531658074356e-10   1.191989533996e-06   1.000000000000e+00   6.122693270445e-01   1.039324228965e+10
  2.459337854170e+06   3.441183415788e-07   3.441183415788e-07   2.708073205655e-05   2.531658074356e-10   1.191989533996e-06   1.000000000000e+00   6.122693270445e-01   1.045711329872e+10
  2.459337854170e+06   3.441183415788e-07   3.441183415788e-07   2.700154802572e-05   2.531658074356e-10   1.191989533996e-06   1.000000000000e+00   6.122693270445e-01   1.039324228965e+10
  2.459337854170e+06   3.441183415788e-07   3.441183415788e-07   2.708073205655e-05   2.531658074356e-10   1.191989533996e-06   1.000000000000e+00   6.122693270445e-01   1.045711329872e+10
  2.459337854170e+06   4.442027826345e-07   4.442027826345e-07   1.520667573991e-05   4.679601386062e-08   1.455848938301e-05   1.000000000000e+00   6.122693270445e-01   1.918589439124e+02
  2.459337854170e+06   4.442027826345e-07   4.442027826345e-07   2.781996502166e-05   1.367415994028e-08   1.455848938301e-05   1.000000000000e+00   6.122693270445e-01   9.405510941609e+05
  2.459337854170e+06   4.442027826345e-07   4.442027826345e-07   2.781996502166e-05   1.367415994028e-08   1.455848938301e-05   1.000000000000e+00   6.122693270445e-01   9.405510941609e+05
  2.459337854170e+06   4.442027826345e-07   4.442027826345e-07   2.805572702773e-05   7.596756013699e-09   1.455848938301e-05   1.000000000000e+00   6.122693270445e-01   3.156700888058e+06
  2.459337854170e+06   4.442027826345e-07   4.442027826345e-07   2.781996502166e-05   1.367415994028e-08   1.455848938301e-05   1.000000000000e+00   6.122693270445e-01   9.405510941609e+05
  2.459337854170e+06   4.442027826345e-07   4.442027826345e-07   2.781996502166e-05   1.367415994028e-08   1.455848938301e-05   1.000000000000e+00   6.122693270445e-01   9.405510941609e+05
  2.459337854170e+06   4.442027826345e-07   4.442027826345e-07   2.781996502166e-05   1.367415994028e-08   1.455848938301e-05   1.000000000000e+00   6.122693270445e-01   9.405510941609e+05
  2.459337854170e+06   4.680015891848e-07   4.680015891848e-07   2.530714667988e-05   7.528158156570e-08   1.852632220435e-05   1.000000000000e+00   6.122693270445e-01   8.113113213473e+03
  2.459337854170e+06   4.819969420239e-07   4.819969420239e-07   2.881357250127e-05   1.290423185946e-08   1.981934401413e-05   1.000000000000e+00   6.122693270445e-01   4.858067186003e+05
  2.459337854170e+06   4.819969420239e-07   4.819969420239e-07   2.864985929837e-05   1.290423185946e-08   1.981934401413e-05   1.000000000000e+00   6.122693270445e-01   4.682823376533e+05
  2.459337854170e+06   4.819969420239e-07   4.819969420239e-07   2.652158461123e-05   6.452115929728e-09   1.981934401413e-05   1.000000000000e+00   6.122693270445e-01   1.079035427822e+06
  2.459337854170e+06   4.968386774942e-07   4.968386774942e-07   3.810609574467e-05   8.501350721521e-09   1.575115947989e-05   1.000000000000e+00   6.122693270445e-01   6.914662788400e+06
  2.459337854170e+06   4.968386774942e-07   4.968386774942e-07   3.839368843495e-05   8.501350721521e-09   1.575115947989e-05   1.000000000000e+00   6.122693270445e-01   7.093719261888e+06
  2.459337854170e+06   5.035989551487e-07   5.035989551487e-07   3.530180640745e-05   2.364182764381e-09   1.752630599934e-05   1.000000000000e+00   6.122693270445e-01   5.653033740044e+07
  2.459337854170e+06   5.035989551487e-07   5.035989551487e-07   3.530180640745e-05   2.364182764381e-09   1.752630599934e-05   1.000000000000e+00   6.122693270445e-01   5.653033740044e+07
  2.459337854170e+06   5.046161555294e-07   5.046161555294e-07   3.409245184522e-05   3.531991723065e-09   1.597382420482e-05   1.000000000000e+00   6.122693270445e-01   2.631547692332e+07
  2.459337854170e+06   5.537049258445e-07   5.537049258445e-07   2.001052109498e-05   7.822650094673e-09   2.260719377178e-05   1.000000000000e+00   6.122693270445e-01   1.101860480132e+05
  2.459337854170e+06   5.537049258445e-07   5.537049258445e-07   2.001052109498e-05   7.822650094673e-09   2.260719377178e-05   1.000000000000e+00   6.122693270445e-01   1.101860480132e+05
  2.459337854170e+06   5.537049258445e-07   5.537049258445e-07   2.615548417344e-05   1.564530018935e-08   2.260719377178e-05   1.000000000000e+00   6.122693270445e-01   5.143639372215e+04
  2.459337854170e+06   5.537049258445e-07   5.537049258445e-07   2.591914130215e-05   8.800481427654e-09   2.260719377178e-05   1.000000000000e+00   6.122693270445e-01   1.416296018276e+05
  2.459337854170e+06   5.537049258445e-07   5.537049258445e-07   2.568279549602e-05   1.232067422638e-07   2.260719377178e-05   1.000000000000e+00   6.122693270445e-01   6.231480531201e+02
  2.459337854170e+06   5.537049258445e-07   5.537049258445e-07   2.615548417344e-05   1.564530018935e-08   2.260719377178e-05   1.000000000000e+00   6.122693270445e-01   5.143639372215e+04
  2.459337854170e+06   5.537049258445e-07   5.537049258445e-07   2.615548417344e-05   1.564530018935e-08   2.260719377178e-05   1.000000000000e+00   6.122693270445e-01   5.143639372215e+04
  2.459337854170e+06   5.822343328802e-07   5.822343328802e-07   3.563062711079e-05   1.768703622974e-09   2.532756812404e-05   1.000000000000e+00   6.122693270445e-01   3.393299879204e+07
  2.459337854170e+06   5.822343328802e-07   5.822343328802e-07   3.563062711079e-05   1.768703622974e-09   2.532756812404e-05   1.000000000000e+00   6.122693270445e-01   3.393299879204e+07
  2.459337854170e+06   6.040549224260e-07   6.040549224260e-07   2.774209279797e-05   1.068098243725e-08   2.461667804667e-05   1.000000000000e+00   6.122693270445e-01   8.562348756629e+04
  2.459337854170e+06   6.040549224260e-07   6.040549224260e-07   2.774209279797e-05   9.859368845067e-09   2.461667804667e-05   1.000000000000e+00   6.122693270445e-01   1.004886673811e+05
  2.459337854170e+06   6.226219273105e-07   6.226219273105e-07   2.780748530918e-05   7.733424839633e-10   2.280912614281e-05   1.000000000000e+00   6.122693270445e-01   4.177449243344e+07
  2.459337854170e+06   6.246977662013e-07   6.246977662013e-07   2.826271020653e-05   1.690065262598e-08   2.177466255098e-05   1.000000000000e+00   6.122693270445e-01   1.473740815405e+05
  2.459337854170e+06   6.246977662013e-07   6.246977662013e-07   2.770026742187e-05   2.458276696816e-08   2.177466255098e-05   1.000000000000e+00   6.122693270445e-01   5.810370801202e+04
  2.459337854170e+06   6.246977662013e-07   6.246977662013e-07   2.755965803524e-05   2.458276696816e-08   2.177466255098e-05   1.000000000000e+00   6.122693270445e-01   5.537892485963e+04
  2.459337854170e+06   6.246977662013e-07   6.246977662013e-07   8.952201372636e-06   3.072845871020e-09   2.177466255098e-05   1.000000000000e+00   6.122693270445e-01   1.741250407733e+07
  2.459337854170e+06   6.399941464039e-07   6.399941464039e-07   2.807838723846e-05   1.946929959259e-07   2.385962505870e-05   1.000000000000e+00   6.122693270445e-01   4.695365795016e+02
  2.459337854170e+06   6.729952363849e-07   6.729952363849e-07   1.828100827996e-05   6.619066000223e-10   2.348253424796e-05   1.000000000000e+00   6.122693270445e-01   6.175443019630e+07
  2.459337854170e+06   6.729952363849e-07   6.729952363849e-07   1.828100827996e-05   6.619066000223e-10   2.348253424796e-05   1.000000000000e+00   6.122693270445e-01   6.175443019630e+07
  2.459337854170e+06   6.729952363849e-07   6.729952363849e-07   7.503399110514e-06   1.323813200045e-09   2.348253424796e-05   1.000000000000e+00   6.122693270445e-01   1.456978438687e+08
  2.459337854170e+06   6.729952363849e-07   6.729952363849e-07   1.828100827996e-05   6.619066000223e-10   2.348253424796e-05   1.000000000000e+00   6.122693270445e-01   6.175443019630e+07
  2.459337854170e+06   6.729952363849e-07   6.729952363849e-07   1.851975302812e-05   1.323813200045e-09   2.348253424796e-05   1.000000000000e+00   6.122693270445e-01   1.405389957124e+07
  2.459337854170e+06   6.729952363849e-07   6.729952363849e-07   7.605718016036e-06   1.323813200045e-09   2.348253424796e-05   1.000000000000e+00   6.122693270445e-01   1.438379290647e+08
  2.459337854170e+06   6.729952363849e-07   6.729952363849e-07   4.638465181895e-05   6.619066481824e-09   2.348253424796e-05   1.000000000000e+00   6.122693270445e-01   1.197175425240e+07
  2.459337854170e+06   6.729952363849e-07   6.729952363849e-07   1.851975302812e-05   1.323813200045e-09   2.348253424796e-05   1.000000000000e+00   6.122693270445e-01   1.405389957124e+07
  2.459337854170e+06   6.729952363849e-07   6.729952363849e-07   7.605718016036e-06   1.323813200045e-09   2.348253424796e-05   1.000000000000e+00   6.122693270445e-01   1.438379290647e+08
  2.459337854170e+06   6.729952363849e-07   6.729952363849e-07   2.244198599842e-05   6.619066000223e-10   2.348253424796e-05   1.000000000000e+00   6.122693270445e-01   2.471331602516e+06
  2.459337854170e+06   6.729952363849e-07   6.729952363849e-07   1.828100827996e-05   6.619066000223e-10   2.348253424796e-05   1.000000000000e+00   6.122693270445e-01   6.175443019630e+07
  2.459337854170e+06   6.729952363849e-07   6.729952363849e-07   4.604358752998e-05   6.619066481824e-09   2.348253424796e-05   1.000000000000e+00   6.122693270445e-01   1.161783638747e+07
  2.459337854170e+06   6.729952363849e-07   6.729952363849e-07   7.469292808674e-06   1.323813200045e-09   2.348253424796e-05   1.000000000000e+00   6.122693270445e-01   1.463204705392e+08
  2.459337854170e+06   6.729952363849e-07   6.729952363849e-07   4.604358752998e-05   6.619066481824e-09   2.348253424796e-05   1.000000000000e+00   6.122693270445e-01   1.161783638747e+07
  2.459337854170e+06   6.729952363849e-07   6.729952363849e-07   4.638465181895e-05   6.619066481824e-09   2.348253424796e-05   1.000000000000e+00   6.122693270445e-01   1.197175425240e+07
  2.459337854170e+06   6.729952363849e-07   6.729952363849e-07   1.828100827996e-05   6.619066000223e-10   2.348253424796e-05   1.000000000000e+00   6.122693270445e-01   6.175443019630e+07
  2.459337854170e+06   7.620550533808e-07   7.620550533808e-07   2.463143720477e-05   5.162356931303e-09   2.147537153719e-05   1.000000000000e+00   6.122693270445e-01   3.737627393248e+05
  2.459337854170e+06   7.620550533808e-07   7.620550533808e-07   2.463143720477e-05   5.162356931303e-09   2.147537153719e-05   1.000000000000e+00   6.122693270445e-01   3.737627393248e+05
  2.459337854170e+06   7.634912086793e-07   7.634912086793e-07   2.487718297468e-05   3.085772296651e-08   2.284218451404e-05   1.000000000000e+00   6.122693270445e-01   4.349110264585e+03
  2.459337854170e+06   7.634912086793e-07   7.634912086793e-07   2.487718297468e-05   2.571476834046e-08   2.284218451404e-05   1.000000000000e+00   6.122693270445e-01   6.262719169844e+03
  2.459337854170e+06   7.634912086793e-07   7.634912086793e-07   2.466455704589e-05   2.571476834046e-08   2.284218451404e-05   1.000000000000e+00   6.122693270445e-01   5.022374451792e+03
  2.459337854170e+06   7.724618861118e-07   7.724618861118e-07   2.377706222846e-05   5.024196344330e-09   2.183789390923e-05   1.000000000000e+00   6.122693270445e-01   1.489696537484e+05
  2.459337854170e+06   7.836891776023e-07   7.836891776023e-07   2.306961571118e-05   2.343010556275e-07   2.114118597572e-05   1.000000000000e+00   6.122693270445e-01   6.774217686216e+01
  2.459337854170e+06   1.030497930703e-06   1.030497930703e-06   6.675314542471e-06   2.823101182284e-10   1.717721973720e-05   1.000000000000e+00   6.122693270445e-01   1.383831776679e+09
  2.459337854170e+06   1.030497930703e-06   1.030497930703e-06   6.675314542471e-06   2.823101182284e-10   1.717721973720e-05   1.000000000000e+00   6.122693270445e-01   1.383831776679e+09
  2.459337854170e+06   1.239016606051e-06   1.239016606051e-06   1.191701039629e-05   1.366987370475e-08   1.472960293517e-05   1.000000000000e+00   6.122693270445e-01   4.233354487073e+04
  2.459337854170e+06   1.239016606051e-06   1.239016606051e-06   1.187977021743e-05   1.366987370475e-08   1.472960293517e-05   1.000000000000e+00   6.122693270445e-01   4.346200244605e+04
  2.459337854170e+06   1.239016606051e-06   1.239016606051e-06   1.191701039629e-05   1.366987370475e-08   1.472960293517e-05   1.000000000000e+00   6.122693270445e-01   4.233354487073e+04
  2.459337854170e+06   1.239016606051e-06   1.239016606051e-06   1.191701039629e-05   1.171703434425e-08   1.472960293517e-05   1.000000000000e+00   6.122693270445e-01   5.762066085167e+04
  2.459337854170e+06   1.239016606051e-06   1.239016606051e-06   1.202873315259e-05   1.366987370475e-08   1.472960293517e-05   1.000000000000e+00   6.122693270445e-01   3.903716655751e+04
  2.459337854170e+06   1.239016606051e-06   1.239016606051e-06   1.191701039629e-05   1.171703434425e-08   1.472960293517e-05   1.000000000000e+00   6.122693270445e-01   5.762066085167e+04
  2.459337854170e+06   1.239016606051e-06   1.239016606051e-06   1.191701039629e-05   3.515110121403e-08   1.472960293517e-05   1.000000000000e+00   6.122693270445e-01   6.402296312697e+03
  2.459337854170e+06   1.239016606051e-06   1.239016606051e-06   1.191701039629e-05   1.366987370475e-08   1.472960293517e-05   1.000000000000e+00   6.122693270445e-01   4.233354487073e+04
  2.459337854170e+06   1.239016606051e-06   1.239016606051e-06   1.191701039629e-05   1.366987370475e-08   1.472960293517e-05   1.000000000000e+00   6.122693270445e-01   4.233354487073e+04
  2.459337854170e+06   1.239016606051e-06   1.239016606051e-06   1.191701039629e-05   1.366987370475e-08   1.472960293517e-05   1.000000000000e+00   6.122693270445e-01   4.233354487073e+04
  2.459337854170e+06   1.239016606051e-06   1.239016606051e-06   1.202873315259e-05   1.366987370475e-08   1.472960293517e-05   1.000000000000e+00   6.122693270445e-01   3.903716655751e+04
  2.459337854170e+06   1.239016606051e-06   1.239016606051e-06   1.191701039629e-05   1.366987370475e-08   1.472960293517e-05   1.000000000000e+00   6.122693270445e-01   4.233354487073e+04
  2.459337854170e+06   1.239016606051e-06   1.239016606051e-06   1.202873315259e-05   1.366987370475e-08   1.472960293517e-05   1.000000000000e+00   6.122693270445e-01   3.903716655751e+04
  2.459337854170e+06   1.239016606051e-06   1.239016606051e-06   9.645330629393e-06   2.343406868850e-08   1.472960293517e-05   1.000000000000e+00   6.122693270445e-01   4.707195199702e+04
  2.459337854170e+06   1.239016606051e-06   1.239016606051e-06   1.191701039629e-05   1.171703434425e-08   1.472960293517e-05   1.000000000000e+00   6.122693270445e-01   5.762066085167e+04
  2.459337854170e+06   1.239016606051e-06   1.239016606051e-06   1.191701039629e-05   1.366987370475e-08   1.472960293517e-05   1.000000000000e+00   6.122693270445e-01   4.233354487073e+04
  2.459337854170e+06   1.239016606051e-06   1.239016606051e-06   1.191701039629e-05   1.366987370475e-08   1.472960293517e-05   1.000000000000e+00   6.122693270445e-01   4.233354487073e+04
  2.459337854170e+06   1.239016606051e-06   1.239016606051e-06   1.191701039629e-05   1.366987370475e-08   1.472960293517e-05   1.000000000000e+00   6.122693270445e-01   4.233354487073e+04
  2.459337854170e+06   1.239016606051e-06   1.239016606051e-06   1.191701039629e-05   1.366987370475e-08   1.472960293517e-05   1.000000000000e+00   6.122693270445e-01   4.233354487073e+04
  2.459337854170e+06   1.239016606051e-06   1.239016606051e-06   1.191701039629e-05   1.366987370475e-08   1.472960293517e-05   1.000000000000e+00   6.122693270445e-01   4.233354487073e+04
  2.459337854170e+06   1.239016606051e-06   1.239016606051e-06   1.191701039629e-05   1.366987370475e-08   1.472960293517e-05   1.000000000000e+00   6.122693270445e-01   4.233354487073e+04
  2.459337854170e+06   1.239016606051e-06   1.239016606051e-06   1.191701039629e-05   1.366987370475e-08   1.472960293517e-05   1.000000000000e+00   6.122693270445e-01   4.233354487073e+04
  2.459337854170e+06   1.239016606051e-06   1.239016606051e-06   1.202873315259e-05   1.366987370475e-08   1.472960293517e-05   1.000000000000e+00   6.122693270445e-01   3.903716655751e+04
  2.459337854170e+06   1.250020672977e-06   1.250020672977e-06   1.198971944348e-05   1.343025829982e-08   1.459077135794e-05   1.000000000000e+00   6.122693270445e-01   3.750846660277e+04
  2.459337854170e+06   1.250020672977e-06   1.250020672977e-06   1.180860602958e-05   1.343025829982e-08   1.459077135794e-05   1.000000000000e+00   6.122693270445e-01   4.291381625965e+04
  2.459337854170e+06   1.250020672977e-06   1.250020672977e-06   1.180860602958e-05   1.343025829982e-08   1.459077135794e-05   1.000000000000e+00   6.122693270445e-01   4.291381625965e+04
  2.459337854170e+06   1.250020672977e-06   1.250020672977e-06   1.180860602958e-05   1.343025829982e-08   1.459077135794e-05   1.000000000000e+00   6.122693270445e-01   4.291381625965e+04
  2.459337854170e+06   1.250020672977e-06   1.250020672977e-06   1.180860602958e-05   1.343025829982e-08   1.459077135794e-05   1.000000000000e+00   6.122693270445e-01   4.291381625965e+04
  2.459337854170e+06   1.250020672977e-06   1.250020672977e-06   1.180860602958e-05   1.151164971601e-08   1.459077135794e-05   1.000000000000e+00   6.122693270445e-01   5.841047472161e+04
  2.459337854170e+06   1.630015539365e-06   1.630015539365e-06   9.384983214224e-06   3.046498643040e-08   1.230828859721e-05   1.000000000000e+00   6.122693270445e-01   9.207598945900e+03
  2.459337854170e+06   1.630015539365e-06   1.630015539365e-06   9.384983214224e-06   3.046498643040e-08   1.230828859721e-05   1.000000000000e+00   6.122693270445e-01   9.207598945900e+03
  2.459337854170e+06   1.630015539365e-06   1.630015539365e-06   9.384983214224e-06   3.046498643040e-08   1.230828859721e-05   1.000000000000e+00   6.122693270445e-01   9.207598945900e+03
  2.459337854170e+06   1.630015539365e-06   1.630015539365e-06   9.384983214224e-06   3.046498643040e-08   1.230828859721e-05   1.000000000000e+00   6.122693270445e-01   9.207598945900e+03
  2.459337854170e+06   1.630015539365e-06   1.630015539365e-06   9.384983214224e-06   3.046498643040e-08   1.230828859721e-05   1.000000000000e+00   6.122693270445e-01   9.207598945900e+03
  2.459337854170e+06   1.649477072902e-06   1.649477072902e-06   9.191049937774e-06   3.085220304473e-08   1.176431698510e-05   1.000000000000e+00   6.122693270445e-01   6.956605172850e+03
  2.459337854170e+06   1.649477072902e-06   1.649477072902e-06   9.191049937774e-06   3.085220304473e-08   1.176431698510e-05   1.000000000000e+00   6.122693270445e-01   6.956605172850e+03
  2.459337854170e+06   1.649477072902e-06   1.649477072902e-06   8.808089264311e-06   2.975033850367e-08   1.176431698510e-05   1.000000000000e+00   6.122693270445e-01   9.873973266993e+03
  2.459337854170e+06   1.649477072902e-06   1.649477072902e-06   9.051791322413e-06   4.076898186182e-08   1.176431698510e-05   1.000000000000e+00   6.122693270445e-01   4.426780413359e+03
  2.459337854170e+06   1.649477072902e-06   1.649477072902e-06   9.191049937774e-06   2.975033850367e-08   1.176431698510e-05   1.000000000000e+00   6.122693270445e-01   7.481452001735e+03
  2.459337854170e+06   1.649477072902e-06   1.649477072902e-06   9.191049937774e-06   3.085220304473e-08   1.176431698510e-05   1.000000000000e+00   6.122693270445e-01   6.956605172850e+03
  2.459337854170e+06   1.649477072902e-06   1.649477072902e-06   9.191049937774e-06   3.085220304473e-08   1.176431698510e-05   1.000000000000e+00   6.122693270445e-01   6.956605172850e+03
  2.459337854170e+06   1.649477072902e-06   1.649477072902e-06   9.191049937774e-06   3.085220304473e-08   1.176431698510e-05   1.000000000000e+00   6.122693270445e-01   6.956605172850e+03
  2.459337854170e+06   1.649477072902e-06   1.649477072902e-06   9.191049937774e-06   3.195406553340e-08   1.176431698510e-05   1.000000000000e+00   6.122693270445e-01   6.485111897835e+03
  2.459337854170e+06   1.649477072902e-06   1.649477072902e-06   9.191049937774e-06   3.085220304473e-08   1.176431698510e-05   1.000000000000e+00   6.122693270445e-01   6.956605172850e+03
  2.459337854170e+06   1.649477072902e-06   1.649477072902e-06   9.191049937774e-06   3.085220304473e-08   1.176431698510e-05   1.000000000000e+00   6.122693270445e-01   6.956605172850e+03
  2.459337854170e+06   1.649477072902e-06   1.649477072902e-06   9.191049937774e-06   3.085220304473e-08   1.176431698510e-05   1.000000000000e+00   6.122693270445e-01   6.956605172850e+03
  2.459337854170e+06   1.649477072902e-06   1.649477072902e-06   9.191049937774e-06   3.085220304473e-08   1.176431698510e-05   1.000000000000e+00   6.122693270445e-01   6.956605172850e+03
  2.459337854170e+06   1.649477072902e-06   1.649477072902e-06   9.191049937774e-06   3.085220304473e-08   1.176431698510e-05   1.000000000000e+00   6.122693270445e-01   6.956605172850e+03
  2.459337854170e+06   1.649477072902e-06   1.649477072902e-06   8.964754947202e-06   2.975033850367e-08   1.176431698510e-05   1.000000000000e+00   6.122693270445e-01   8.855159100648e+03
  2.459337854170e+06   1.649477072902e-06   1.649477072902e-06   9.191049937774e-06   3.195406553340e-08   1.176431698510e-05   1.000000000000e+00   6.122693270445e-01   6.485111897835e+03
  2.459337854170e+06   1.649477072902e-06   1.649477072902e-06   4.926263402201e-06   1.432423698131e-08   1.176431698510e-05   1.000000000000e+00   6.122693270445e-01   2.278882872653e+05
  2.459337854170e+06   1.649477072902e-06   1.649477072902e-06   8.964754947202e-06   2.975033850367e-08   1.176431698510e-05   1.000000000000e+00   6.122693270445e-01   8.855159100648e+03
  2.459337854170e+06   1.649477072902e-06   1.649477072902e-06   8.964754947202e-06   2.975033850367e-08   1.176431698510e-05   1.000000000000e+00   6.122693270445e-01   8.855159100648e+03
  2.459337854170e+06   1.649477072902e-06   1.649477072902e-06   9.191049937774e-06   3.085220304473e-08   1.176431698510e-05   1.000000000000e+00   6.122693270445e-01   6.956605172850e+03
  2.459337854170e+06   1.649477072902e-06   1.649477072902e-06   9.191049937774e-06   3.085220304473e-08   1.176431698510e-05   1.000000000000e+00   6.122693270445e-01   6.956605172850e+03
  2.459337854170e+06   1.649477072902e-06   1.649477072902e-06   8.964754947202e-06   2.975033850367e-08   1.176431698510e-05   1.000000000000e+00   6.122693270445e-01   8.855159100648e+03
  2.459337854170e+06   1.649477072902e-06   1.649477072902e-06   9.191049937774e-06   3.085220304473e-08   1.176431698510e-05   1.000000000000e+00   6.122693270445e-01   6.956605172850e+03
  2.459337854170e+06   2.163785333815e-06   2.163785333815e-06   5.404571145482e-06   8.324069902012e-09   6.892423011136e-06   1.000000000000e+00   6.122693270445e-01   3.194831447360e+04
  2.459337854170e+06   2.163785333815e-06   2.163785333815e-06   5.404571145482e-06   7.043443579752e-09   6.892423011136e-06   1.000000000000e+00   6.122693270445e-01   4.462202832522e+04
  2.459337854170e+06   2.163785333815e-06   2.163785333815e-06   5.333691381923e-06   8.324069902012e-09   6.892423011136e-06   1.000000000000e+00   6.122693270445e-01   3.506479134334e+04
  2.459337854170e+06   2.163785333815e-06   2.163785333815e-06   5.404571145482e-06   8.324069902012e-09   6.892423011136e-06   1.000000000000e+00   6.122693270445e-01   3.194831447360e+04
  2.459337854170e+06   2.163785333815e-06   2.163785333815e-06   5.404571145482e-06   8.324069902012e-09   6.892423011136e-06   1.000000000000e+00   6.122693270445e-01   3.194831447360e+04
  2.459337854170e+06   2.163785333815e-06   2.163785333815e-06   5.404571145482e-06   8.324069902012e-09   6.892423011136e-06   1.000000000000e+00   6.122693270445e-01   3.194831447360e+04
  2.459337854170e+06   2.163785333815e-06   2.163785333815e-06   5.333691381923e-06   8.324069902012e-09   6.892423011136e-06   1.000000000000e+00   6.122693270445e-01   3.506479134334e+04
  2.459337854170e+06   2.163785333815e-06   2.163785333815e-06   5.404571145482e-06   8.324069902012e-09   6.892423011136e-06   1.000000000000e+00   6.122693270445e-01   3.194831447360e+04
  2.459337854170e+06   2.163785333815e-06   2.163785333815e-06   5.404571145482e-06   7.043443579752e-09   6.892423011136e-06   1.000000000000e+00   6.122693270445e-01   4.462202832522e+04
  2.459337854170e+06   2.163785333815e-06   2.163785333815e-06   5.404571145482e-06   8.324069902012e-09   6.892423011136e-06   1.000000000000e+00   6.122693270445e-01   3.194831447360e+04
  2.459337854170e+06   2.163785333815e-06   2.163785333815e-06   5.404571145482e-06   7.043443579752e-09   6.892423011136e-06   1.000000000000e+00   6.122693270445e-01   4.462202832522e+04
  2.459337854170e+06   2.163785333815e-06   2.163785333815e-06   4.314796761108e-06   1.408688715950e-08   6.892423011136e-06   1.000000000000e+00   6.122693270445e-01   3.348187881527e+04
  2.459337854170e+06   2.163785333815e-06   2.163785333815e-06   5.404571145482e-06   8.324069902012e-09   6.892423011136e-06   1.000000000000e+00   6.122693270445e-01   3.194831447360e+04
  2.459337854170e+06   2.163785333815e-06   2.163785333815e-06   5.333691381923e-06   8.324069902012e-09   6.892423011136e-06   1.000000000000e+00   6.122693270445e-01   3.506479134334e+04
  2.459337854170e+06   2.163785333815e-06   2.163785333815e-06   5.404571145482e-06   8.324069902012e-09   6.892423011136e-06   1.000000000000e+00   6.122693270445e-01   3.194831447360e+04
  2.459337854170e+06   2.163785333815e-06   2.163785333815e-06   5.245091941521e-06   8.324069902012e-09   6.892423011136e-06   1.000000000000e+00   6.122693270445e-01   3.916429759492e+04
  2.459337854170e+06   2.163785333815e-06   2.163785333815e-06   5.404571145482e-06   8.324069902012e-09   6.892423011136e-06   1.000000000000e+00   6.122693270445e-01   3.194831447360e+04
  2.459337854170e+06   2.163785333815e-06   2.163785333815e-06   5.333691381923e-06   8.324069902012e-09   6.892423011136e-06   1.000000000000e+00   6.122693270445e-01   3.506479134334e+04
  2.459337854170e+06   2.163785333815e-06   2.163785333815e-06   5.404571145482e-06   8.324069902012e-09   6.892423011136e-06   1.000000000000e+00   6.122693270445e-01   3.194831447360e+04
  2.459337854170e+06   2.163785333815e-06   2.163785333815e-06   5.404571145482e-06   8.324069902012e-09   6.892423011136e-06   1.000000000000e+00   6.122693270445e-01   3.194831447360e+04
  2.459337854170e+06   2.163785333815e-06   2.163785333815e-06   5.404571145482e-06   8.324069902012e-09   6.892423011136e-06   1.000000000000e+00   6.122693270445e-01   3.194831447360e+04
  2.459337854170e+06   2.190024530645e-06   2.190024530645e-06   5.076937544602e-06   8.125799559846e-09   6.616768327560e-06   1.000000000000e+00   6.122693270445e-01   3.590986597153e+04
  2.459337854170e+06   2.190024530645e-06   2.190024530645e-06   5.076937544602e-06   8.125799559846e-09   6.616768327560e-06   1.000000000000e+00   6.122693270445e-01   3.590986597153e+04
  2.459337854170e+06   2.190024530645e-06   2.190024530645e-06   5.076937544602e-06   6.250614777358e-09   6.616768327560e-06   1.000000000000e+00   6.122693270445e-01   6.068767870910e+04
  2.459337854170e+06   2.190024530645e-06   2.190024530645e-06   5.076937544602e-06   8.125799559846e-09   6.616768327560e-06   1.000000000000e+00   6.122693270445e-01   3.590986597153e+04
  2.459337854170e+06   3.350010705107e-06   3.350010705107e-06   2.019838245997e-06   8.281137580939e-09   2.495783828341e-06   1.000000000000e+00   6.122693270445e-01   3.303197949635e+03
  2.459337854170e+06   3.350010705107e-06   3.350010705107e-06   2.284735003671e-06   3.205601724489e-09   2.495783828341e-06   1.000000000000e+00   6.122693270445e-01   4.334577274361e+03
  2.459337854170e+06   3.350010705107e-06   3.350010705107e-06   2.019838245997e-06   8.281137580939e-09   2.495783828341e-06   1.000000000000e+00   6.122693270445e-01   3.303197949635e+03
  2.459337854170e+06   3.350010705107e-06   3.350010705107e-06   2.019838245997e-06   8.281137580939e-09   2.495783828341e-06   1.000000000000e+00   6.122693270445e-01   3.303197949635e+03
  2.459337854170e+06   3.350010705107e-06   3.350010705107e-06   2.019838245997e-06   8.281137580939e-09   2.495783828341e-06   1.000000000000e+00   6.122693270445e-01   3.303197949635e+03
  2.459337854170e+06   3.350010705107e-06   3.350010705107e-06   2.019838245997e-06   8.281137580939e-09   2.495783828341e-06   1.000000000000e+00   6.122693270445e-01   3.303197949635e+03
  2.459337854170e+06   3.350010705107e-06   3.350010705107e-06   1.943680405963e-06   4.541269317015e-09   2.495783828341e-06   1.000000000000e+00   6.122693270445e-01   1.478040594224e+04
  2.459337854170e+06   3.350010705107e-06   3.350010705107e-06   1.943680405963e-06   4.541269317015e-09   2.495783828341e-06   1.000000000000e+00   6.122693270445e-01   1.478040594224e+04
  2.459337854170e+06   3.350010705107e-06   3.350010705107e-06   2.019838245997e-06   8.281137580939e-09   2.495783828341e-06   1.000000000000e+00   6.122693270445e-01   3.303197949635e+03
  2.459337854170e+06   3.350010705107e-06   3.350010705107e-06   1.990037343490e-06   8.014004062434e-09   2.495783828341e-06   1.000000000000e+00   6.122693270445e-01   3.982599449298e+03
  2.459337854170e+06   3.350010705107e-06   3.350010705107e-06   2.019838245997e-06   8.281137580939e-09   2.495783828341e-06   1.000000000000e+00   6.122693270445e-01   3.303197949635e+03
  2.459337854170e+06   3.549982332532e-06   3.549982332532e-06   2.091977163389e-06   3.092514046029e-09   2.146838872936e-06   1.000000000000e+00   6.122693270445e-01   3.147134554409e+02
  2.459337854170e+06   3.549982332532e-06   3.549982332532e-06   1.796434689940e-06   1.118062709136e-08   2.146838872936e-06   1.000000000000e+00   6.122693270445e-01   9.822142682227e+02
  2.459337854170e+06   3.549982332532e-06   3.549982332532e-06   1.796434689940e-06   8.325999218356e-09   2.146838872936e-06   1.000000000000e+00   6.122693270445e-01   1.771192776688e+03
  2.459337854170e+06   3.549982332532e-06   3.549982332532e-06   1.796434689940e-06   8.325999218356e-09   2.146838872936e-06   1.000000000000e+00   6.122693270445e-01   1.771192776688e+03
  2.459337854170e+06   3.549982332532e-06   3.549982332532e-06   1.796434689940e-06   8.325999218356e-09   2.146838872936e-06   1.000000000000e+00   6.122693270445e-01   1.771192776688e+03
  2.459337854170e+06   3.549982332532e-06   3.549982332532e-06   1.796434689940e-06   8.325999218356e-09   2.146838872936e-06   1.000000000000e+00   6.122693270445e-01   1.771192776688e+03
  2.459337854170e+06   3.549982332532e-06   3.549982332532e-06   1.796434689940e-06   8.325999218356e-09   2.146838872936e-06   1.000000000000e+00   6.122693270445e-01   1.771192776688e+03
  2.459337854170e+06   4.493022870332e-06   4.493022870332e-06   9.111327886323e-07   4.455174195698e-09   1.096955112939e-06   1.000000000000e+00   6.122693270445e-01   1.739668088676e+03
  2.459337854170e+06   4.493022870332e-06   4.493022870332e-06   9.111327886323e-07   4.455174195698e-09   1.096955112939e-06   1.000000000000e+00   6.122693270445e-01   1.739668088676e+03
  2.459337854170e+06   4.493022870332e-06   4.493022870332e-06   9.111327886323e-07   4.455174195698e-09   1.096955112939e-06   1.000000000000e+00   6.122693270445e-01   1.739668088676e+03
  2.459337854170e+06   4.493022870332e-06   4.493022870332e-06   9.111327886323e-07   4.455174195698e-09   1.096955112939e-06   1.000000000000e+00   6.122693270445e-01   1.739668088676e+03
  2.459337854170e+06   4.493022870332e-06   4.493022870332e-06   9.111327886323e-07   4.455174195698e-09   1.096955112939e-06   1.000000000000e+00   6.122693270445e-01   1.739668088676e+03
  2.459337854170e+06   4.493022870332e-06   4.493022870332e-06   9.128200497841e-07   1.485058065233e-09   1.096955112939e-06   1.000000000000e+00   6.122693270445e-01   1.537397323727e+04
  2.459337854170e+06   4.493022870332e-06   4.493022870332e-06   9.111327886323e-07   6.385750040098e-09   1.096955112939e-06   1.000000000000e+00   6.122693270445e-01   8.467826411418e+02
  2.459337854170e+06   4.600019302768e-06   4.600019302768e-06   9.487583654615e-07   1.983487390181e-09   1.023751055113e-06   1.000000000000e+00   6.122693270445e-01   1.429482926142e+03
  2.459337854170e+06   4.600019302768e-06   4.600019302768e-06   8.207640078322e-07   1.416776631874e-09   1.023751055113e-06   1.000000000000e+00   6.122693270445e-01   2.052739703271e+04
  2.459337854170e+06   4.600019302768e-06   4.600019302768e-06   9.487583654615e-07   1.983487390181e-09   1.023751055113e-06   1.000000000000e+00   6.122693270445e-01   1.429482926142e+03
  2.459337854170e+06   4.600019302768e-06   4.600019302768e-06   8.207640078322e-07   1.416776631874e-09   1.023751055113e-06   1.000000000000e+00   6.122693270445e-01   2.052739703271e+04
  2.459337854170e+06   4.600019302768e-06   4.600019302768e-06   9.487583654615e-07   1.983487390181e-09   1.023751055113e-06   1.000000000000e+00   6.122693270445e-01   1.429482926142e+03
  2.459337854170e+06   4.600019302768e-06   4.600019302768e-06   9.471584562559e-07   1.416776730834e-10   1.023751055113e-06   1.000000000000e+00   6.122693270445e-01   2.922609427095e+05
  2.459337854170e+06   4.600019302768e-06   4.600019302768e-06   9.487583654615e-07   1.983487390181e-09   1.023751055113e-06   1.000000000000e+00   6.122693270445e-01   1.429482926142e+03
  2.459337854170e+06   4.600019302768e-06   4.600019302768e-06   9.231595320810e-07   8.500660055137e-10   1.023751055113e-06   1.000000000000e+00   6.122693270445e-01   1.400288330814e+04
  2.459337854170e+06   4.600019302768e-06   4.600019302768e-06   9.487583654615e-07   1.983487390181e-09   1.023751055113e-06   1.000000000000e+00   6.122693270445e-01   1.429482926142e+03
  2.459337854170e+06   4.600019302768e-06   4.600019302768e-06   9.327590826783e-07   1.841809700604e-09   1.023751055113e-06   1.000000000000e+00   6.122693270445e-01   2.440712619531e+03
  2.459337854170e+06   4.600019302768e-06   4.600019302768e-06   9.487583654615e-07   1.983487390181e-09   1.023751055113e-06   1.000000000000e+00   6.122693270445e-01   1.429482926142e+03
  2.459337854170e+06   4.600019302768e-06   4.600019302768e-06   9.487583654615e-07   1.983487390181e-09   1.023751055113e-06   1.000000000000e+00   6.122693270445e-01   1.429482926142e+03
  2.459337854170e+06   5.730964003747e-06   5.730964003747e-06   4.666703626375e-07   8.215005004836e-10   5.349705905353e-07   1.000000000000e+00   6.122693270445e-01   6.912396488134e+03
  2.459337854170e+06   5.730964003747e-06   5.730964003747e-06   4.824562552044e-07   2.190668114635e-09   5.349705905353e-07   1.000000000000e+00   6.122693270445e-01   5.746488896187e+02
  2.459337854170e+06   5.730964003747e-06   5.730964003747e-06   4.824562552044e-07   2.190668114635e-09   5.349705905353e-07   1.000000000000e+00   6.122693270445e-01   5.746488896187e+02
  2.459337854170e+06   5.730964003747e-06   5.730964003747e-06   4.824562552044e-07   2.190668114635e-09   5.349705905353e-07   1.000000000000e+00   6.122693270445e-01   5.746488896187e+02
  2.459337854170e+06   5.730964003747e-06   5.730964003747e-06   4.824562552044e-07   2.190668114635e-09   5.349705905353e-07   1.000000000000e+00   6.122693270445e-01   5.746488896187e+02
  2.459337854170e+06   5.730964003747e-06   5.730964003747e-06   4.824562552044e-07   2.190668114635e-09   5.349705905353e-07   1.000000000000e+00   6.122693270445e-01   5.746488896187e+02
  2.459337854170e+06   5.730964003747e-06   5.730964003747e-06   4.834428900293e-07   3.559835728786e-09   5.349705905353e-07   1.000000000000e+00   6.122693270445e-01   2.095181296950e+02
  2.459337854170e+06   5.730964003747e-06   5.730964003747e-06   6.639939756190e-07   3.103446637415e-09   5.349705905353e-07   1.000000000000e+00   6.122693270445e-01   1.728416085334e+03
  2.459337854170e+06   7.872080928498e-06   7.872080928498e-06   3.348937816670e-07   2.225355683353e-09   1.913602240397e-07   1.000000000000e+00   6.122693270445e-01   4.160140791474e+03
  2.459337854170e+06   7.872080928498e-06   7.872080928498e-06   3.069026631746e-07   5.321502681884e-10   1.913602240397e-07   1.000000000000e+00   6.122693270445e-01   4.714270432490e+04
  2.459337854170e+06   7.872080928498e-06   7.872080928498e-06   3.363932867194e-07   1.644828199975e-09   1.913602240397e-07   1.000000000000e+00   6.122693270445e-01   7.774866664990e+03
  2.459337854170e+06   7.872080928498e-06   7.872080928498e-06   3.363932867194e-07   1.644828199975e-09   1.913602240397e-07   1.000000000000e+00   6.122693270445e-01   7.774866664990e+03
  2.459337854170e+06   7.872080928498e-06   7.872080928498e-06   3.363932867194e-07   1.644828199975e-09   1.913602240397e-07   1.000000000000e+00   6.122693270445e-01   7.774866664990e+03
  2.459337854170e+06   7.872080928498e-06   7.872080928498e-06   3.363932867194e-07   1.644828199975e-09   1.913602240397e-07   1.000000000000e+00   6.122693270445e-01   7.774866664990e+03
  2.459337854170e+06   1.155982332074e-05   1.155982332074e-05   1.672789067759e-07   2.243459843699e-10   5.052878104014e-08   1.000000000000e+00   6.122693270445e-01   2.708183658334e+05
  2.459337854170e+06   1.155982332074e-05   1.155982332074e-05   1.672789067759e-07   2.243459843699e-10   5.052878104014e-08   1.000000000000e+00   6.122693270445e-01   2.708183658334e+05
  2.459337854170e+06   1.155982332074e-05   1.155982332074e-05   1.677371992383e-07   2.243459843699e-10   5.052878104014e-08   1.000000000000e+00   6.122693270445e-01   2.729486867102e+05
  2.459337854170e+06   1.155982332074e-05   1.155982332074e-05   1.782780624558e-07   2.467805869857e-10   5.052878104014e-08   1.000000000000e+00   6.122693270445e-01   2.679754112333e+05
  2.459337854170e+06   1.155982332074e-05   1.155982332074e-05   1.672789067759e-07   2.243459843699e-10   5.052878104014e-08   1.000000000000e+00   6.122693270445e-01   2.708183658334e+05
  2.459337854170e+06   1.155982332074e-05   1.155982332074e-05   1.672789067759e-07   2.243459843699e-10   5.052878104014e-08   1.000000000000e+00   6.122693270445e-01   2.708183658334e+05
  2.459337854170e+06   1.155982332074e-05   1.155982332074e-05   1.672789067759e-07   2.243459843699e-10   5.052878104014e-08   1.000000000000e+00   6.122693270445e-01   2.708183658334e+05
  2.459337854170e+06   1.155982332074e-05   1.155982332074e-05   1.672789067759e-07   2.243459843699e-10   5.052878104014e-08   1.000000000000e+00   6.122693270445e-01   2.708183658334e+05
  2.459337854170e+06   1.155982332074e-05   1.155982332074e-05   1.672789067759e-07   2.243459843699e-10   5.052878104014e-08   1.000000000000e+00   6.122693270445e-01   2.708183658334e+05
  2.459337854170e+06   1.155982332074e-05   1.155982332074e-05   1.672789067759e-07   2.243459843699e-10   5.052878104014e-08   1.000000000000e+00   6.122693270445e-01   2.708183658334e+05
  2.459337854170e+06   1.838991890566e-05   1.838991890566e-05   1.321946690153e-07   3.545855687402e-10   9.432051419084e-09   1.000000000000e+00   6.122693270445e-01   1.198643866821e+05
  2.459337854170e+06   2.209066818952e-05   2.209066818952e-05   1.311442537962e-07   1.228663576876e-10   4.814594632314e-09   1.000000000000e+00   6.122693270445e-01   1.057169635893e+06
  2.459337854170e+06   2.209066818952e-05   2.209066818952e-05   1.311442537962e-07   1.228663576876e-10   4.814594632314e-09   1.000000000000e+00   6.122693270445e-01   1.057169635893e+06
  2.459337854170e+06   2.209066818952e-05   2.209066818952e-05   1.286343182151e-07   1.228663576876e-10   4.814594632314e-09   1.000000000000e+00   6.122693270445e-01   1.015578953815e+06
  2.459337854170e+06   2.209066818952e-05   2.209066818952e-05   1.311442537962e-07   1.228663576876e-10   4.814594632314e-09   1.000000000000e+00   6.122693270445e-01   1.057169635893e+06
  2.459337854170e+06   2.209066818952e-05   2.209066818952e-05   1.317717376915e-07   1.842995365315e-10   4.814594632314e-09   1.000000000000e+00   6.122693270445e-01   4.745323181800e+05
  2.459337854170e+06   2.209066818952e-05   2.209066818952e-05   1.311442537962e-07   1.228663576876e-10   4.814594632314e-09   1.000000000000e+00   6.122693270445e-01   1.057169635893e+06
  2.459337854170e+06   2.209066818952e-05   2.209066818952e-05   1.311442537962e-07   1.228663576876e-10   4.814594632314e-09   1.000000000000e+00   6.122693270445e-01   1.057169635893e+06
  2.459337854170e+06   2.209066818952e-05   2.209066818952e-05   1.311442537962e-07   1.228663576876e-10   4.814594632314e-09   1.000000000000e+00   6.122693270445e-01   1.057169635893e+06
  2.459337854170e+06   2.209066818952e-05   2.209066818952e-05   1.311442537962e-07   1.228663576876e-10   4.814594632314e-09   1.000000000000e+00   6.122693270445e-01   1.057169635893e+06
  2.459337854170e+06   2.209066818952e-05   2.209066818952e-05   1.311442537962e-07   1.228663576876e-10   4.814594632314e-09   1.000000000000e+00   6.122693270445e-01   1.057169635893e+06
  2.459337854170e+06   2.367467882808e-05   2.367467882808e-05   8.468065247042e-08   1.604625744946e-10   3.741292016318e-09   1.000000000000e+00   6.122693270445e-01   2.544321719484e+05
  2.459337854170e+06   2.367467882808e-05   2.367467882808e-05   9.232923349876e-08   8.558003973048e-10   3.741292016318e-09   1.000000000000e+00   6.122693270445e-01   1.071529797747e+04
  2.459337854170e+06   2.367467882808e-05   2.367467882808e-05   9.287555978468e-08   9.627755067449e-10   3.741292016318e-09   1.000000000000e+00   6.122693270445e-01   8.571154743346e+03
  2.459337854170e+06   2.367467882808e-05   2.367467882808e-05   9.232923349876e-08   8.558003973048e-10   3.741292016318e-09   1.000000000000e+00   6.122693270445e-01   1.071529797747e+04
  2.459337854170e+06   2.367467882808e-05   2.367467882808e-05   9.232923349876e-08   8.558003973048e-10   3.741292016318e-09   1.000000000000e+00   6.122693270445e-01   1.071529797747e+04
  2.459337854170e+06   2.367467882808e-05   2.367467882808e-05   9.232923349876e-08   8.558003973048e-10   3.741292016318e-09   1.000000000000e+00   6.122693270445e-01   1.071529797747e+04
  2.459337854170e+06   6.999917297095e-05   6.999917297095e-05   2.687220846339e-08   5.506522054896e-10   7.670386117237e-11   1.000000000000e+00   6.122693270445e-01   2.367931385133e+03
  2.459337854170e+06   7.141996807700e-05   7.141996807700e-05   1.536814165853e-08   1.469336977116e-10   7.130113994940e-11   1.000000000000e+00   6.122693270445e-01   1.083828736001e+04
  2.459337854170e+06   7.141996807700e-05   7.141996807700e-05   1.560826864831e-08   1.645657421377e-10   7.130113994940e-11   1.000000000000e+00   6.122693270445e-01   8.913610439487e+03
  2.459337854170e+06   7.141996807700e-05   7.141996807700e-05   1.536814165853e-08   1.469336977116e-10   7.130113994940e-11   1.000000000000e+00   6.122693270445e-01   1.083828736001e+04
  2.459337854170e+06   7.141996807700e-05   7.141996807700e-05   1.536814165853e-08   1.469336977116e-10   7.130113994940e-11   1.000000000000e+00   6.122693270445e-01   1.083828736001e+04
  2.459337854170e+06   7.141996807700e-05   7.141996807700e-05   1.536814165853e-08   1.469336977116e-10   7.130113994940e-11   1.000000000000e+00   6.122693270445e-01   1.083828736001e+04
  2.459337854170e+06   1.600002444361e-04   1.600002444361e-04   3.109945244777e-09   5.855303554701e-11   3.453737305368e-12   1.000000000000e+00   6.122693270445e-01   2.814760911598e+03
  2.459337854170e+06   2.499937108072e-04   2.499937108072e-04   7.349432335505e-10   1.439076259694e-11   6.185414964307e-13   1.000000000000e+00   6.122693270445e-01   2.603806136638e+03
  2.459337854170e+06   3.629976001356e-04   3.629976001356e-04   2.091489522191e-10   4.550333181255e-12   1.463339361165e-13   1.000000000000e+00   6.122693270445e-01   2.109682297544e+03
  2.459337854170e+06   5.169994274579e-04   5.169994274579e-04   5.498975773123e-11   1.121606674677e-12   3.708997997413e-14   1.000000000000e+00   6.122693270445e-01   2.400470599228e+03
  2.459337854170e+06   8.492704192635e-04   8.492704192635e-04   7.684352326478e-12   2.493905321991e-14   5.321285962805e-15   1.000000000000e+00   6.122693270445e-01   9.480973271362e+04
  2.459337854170e+06   1.299997649712e-03   1.299997649712e-03   1.538307844868e-12   8.869631841432e-16   9.891225878393e-16   1.000000000000e+00   6.122693270445e-01   3.004115633165e+06
  2.459337854170e+06   1.299997649712e-03   1.299997649712e-03   1.902500826711e-12   1.951318901859e-14   9.891225878393e-16   1.000000000000e+00   6.122693270445e-01   9.496017425953e+03
  2.459337854170e+06   1.332410924444e-03   1.332410924444e-03   1.464374034007e-12   8.443341560740e-16   8.970089364102e-16   1.000000000000e+00   6.122693270445e-01   3.004298640553e+06
  2.459337854170e+06   3.294400000000e-03   3.294400000000e-03   2.900396307000e-14   1.381141098000e-15   2.501100000000e-17   1.000000000000e+00   6.122693270445e-01   4.402397528571e+02
