#                  hjd            eff_wave            eff_band                flux               error             fluxsyn             dataset               phase                chi2
  2.459337854170e+06   3.441183415788e-07   3.441183415788e-07   2.700154802572e-05   2.531658074356e-10   1.473159579578e-23   1.000000000000e+00   6.122693270445e-01   1.137541442818e+10
  2.459337854170e+06   3.441183415788e-07   3.441183415788e-07   2.708073205655e-05   2.531658074356e-10   1.473159579578e-23   1.000000000000e+00   6.122693270445e-01   1.144223074001e+10
  2.459337854170e+06   3.441183415788e-07   3.441183415788e-07   2.700154802572e-05   2.531658074356e-10   1.473159579578e-23   1.000000000000e+00   6.122693270445e-01   1.137541442818e+10
  2.459337854170e+06   3.441183415788e-07   3.441183415788e-07   2.708073205655e-05   2.531658074356e-10   1.473159579578e-23   1.000000000000e+00   6.122693270445e-01   1.144223074001e+10
  2.459337854170e+06   4.442027826345e-07   4.442027826345e-07   1.520667573991e-05   4.679601386062e-08   5.385738048147e-20   1.000000000000e+00   6.122693270445e-01   1.055968221906e+05
  2.459337854170e+06   4.442027826345e-07   4.442027826345e-07   2.781996502166e-05   1.367415994028e-08   5.385738048147e-20   1.000000000000e+00   6.122693270445e-01   4.139156512687e+06
  2.459337854170e+06   4.442027826345e-07   4.442027826345e-07   2.781996502166e-05   1.367415994028e-08   5.385738048147e-20   1.000000000000e+00   6.122693270445e-01   4.139156512687e+06
  2.459337854170e+06   4.442027826345e-07   4.442027826345e-07   2.805572702773e-05   7.596756013699e-09   5.385738048147e-20   1.000000000000e+00   6.122693270445e-01   1.363913091867e+07
  2.459337854170e+06   4.442027826345e-07   4.442027826345e-07   2.781996502166e-05   1.367415994028e-08   5.385738048147e-20   1.000000000000e+00   6.122693270445e-01   4.139156512687e+06
  2.459337854170e+06   4.442027826345e-07   4.442027826345e-07   2.781996502166e-05   1.367415994028e-08   5.385738048147e-20   1.000000000000e+00   6.122693270445e-01   4.139156512687e+06
  2.459337854170e+06   4.442027826345e-07   4.442027826345e-07   2.781996502166e-05   1.367415994028e-08   5.385738048147e-20   1.000000000000e+00   6.122693270445e-01   4.139156512687e+06
  2.459337854170e+06   4.680015891848e-07   4.680015891848e-07   2.530714667988e-05   7.528158156570e-08   2.662133328805e-19   1.000000000000e+00   6.122693270445e-01   1.130079236750e+05
  2.459337854170e+06   4.819969420239e-07   4.819969420239e-07   2.881357250127e-05   1.290423185946e-08   6.350711586914e-19   1.000000000000e+00   6.122693270445e-01   4.985743150767e+06
  2.459337854170e+06   4.819969420239e-07   4.819969420239e-07   2.864985929837e-05   1.290423185946e-08   6.350711586914e-19   1.000000000000e+00   6.122693270445e-01   4.929248029026e+06
  2.459337854170e+06   4.819969420239e-07   4.819969420239e-07   2.652158461123e-05   6.452115929728e-09   6.350711586914e-19   1.000000000000e+00   6.122693270445e-01   1.689641676844e+07
  2.459337854170e+06   4.968386774942e-07   4.968386774942e-07   3.810609574467e-05   8.501350721521e-09   1.456008338391e-18   1.000000000000e+00   6.122693270445e-01   2.009153147625e+07
  2.459337854170e+06   4.968386774942e-07   4.968386774942e-07   3.839368843495e-05   8.501350721521e-09   1.456008338391e-18   1.000000000000e+00   6.122693270445e-01   2.039594376949e+07
  2.459337854170e+06   5.035989551487e-07   5.035989551487e-07   3.530180640745e-05   2.364182764381e-09   2.149191730684e-18   1.000000000000e+00   6.122693270445e-01   2.229624686291e+08
  2.459337854170e+06   5.035989551487e-07   5.035989551487e-07   3.530180640745e-05   2.364182764381e-09   2.149191730684e-18   1.000000000000e+00   6.122693270445e-01   2.229624686291e+08
  2.459337854170e+06   5.046161555294e-07   5.046161555294e-07   3.409245184522e-05   3.531991723065e-09   2.273916315648e-18   1.000000000000e+00   6.122693270445e-01   9.317021917659e+07
  2.459337854170e+06   5.537049258445e-07   5.537049258445e-07   2.001052109498e-05   7.822650094673e-09   2.352176723135e-17   1.000000000000e+00   6.122693270445e-01   6.543483128155e+06
  2.459337854170e+06   5.537049258445e-07   5.537049258445e-07   2.001052109498e-05   7.822650094673e-09   2.352176723135e-17   1.000000000000e+00   6.122693270445e-01   6.543483128155e+06
  2.459337854170e+06   5.537049258445e-07   5.537049258445e-07   2.615548417344e-05   1.564530018935e-08   2.352176723135e-17   1.000000000000e+00   6.122693270445e-01   2.794844996668e+06
  2.459337854170e+06   5.537049258445e-07   5.537049258445e-07   2.591914130215e-05   8.800481427654e-09   2.352176723135e-17   1.000000000000e+00   6.122693270445e-01   8.674178543587e+06
  2.459337854170e+06   5.537049258445e-07   5.537049258445e-07   2.568279549602e-05   1.232067422638e-07   2.352176723135e-17   1.000000000000e+00   6.122693270445e-01   4.345258705883e+04
  2.459337854170e+06   5.537049258445e-07   5.537049258445e-07   2.615548417344e-05   1.564530018935e-08   2.352176723135e-17   1.000000000000e+00   6.122693270445e-01   2.794844996668e+06
  2.459337854170e+06   5.537049258445e-07   5.537049258445e-07   2.615548417344e-05   1.564530018935e-08   2.352176723135e-17   1.000000000000e+00   6.122693270445e-01   2.794844996668e+06
  2.459337854170e+06   5.822343328802e-07   5.822343328802e-07   3.563062711079e-05   1.768703622974e-09   7.904284583715e-17   1.000000000000e+00   6.122693270445e-01   4.058231349648e+08
  2.459337854170e+06   5.822343328802e-07   5.822343328802e-07   3.563062711079e-05   1.768703622974e-09   7.904284583715e-17   1.000000000000e+00   6.122693270445e-01   4.058231349648e+08
  2.459337854170e+06   6.040549224260e-07   6.040549224260e-07   2.774209279797e-05   1.068098243725e-08   1.827561650270e-16   1.000000000000e+00   6.122693270445e-01   6.746150697029e+06
  2.459337854170e+06   6.040549224260e-07   6.040549224260e-07   2.774209279797e-05   9.859368845067e-09   1.827561650270e-16   1.000000000000e+00   6.122693270445e-01   7.917356706262e+06
  2.459337854170e+06   6.226219273105e-07   6.226219273105e-07   2.780748530918e-05   7.733424839633e-10   3.318894124909e-16   1.000000000000e+00   6.122693270445e-01   1.292943939659e+09
  2.459337854170e+06   6.246977662013e-07   6.246977662013e-07   2.826271020653e-05   1.690065262598e-08   3.547490162841e-16   1.000000000000e+00   6.122693270445e-01   2.796537582233e+06
  2.459337854170e+06   6.246977662013e-07   6.246977662013e-07   2.770026742187e-05   2.458276696816e-08   3.547490162841e-16   1.000000000000e+00   6.122693270445e-01   1.269715423402e+06
  2.459337854170e+06   6.246977662013e-07   6.246977662013e-07   2.755965803524e-05   2.458276696816e-08   3.547490162841e-16   1.000000000000e+00   6.122693270445e-01   1.256857729576e+06
  2.459337854170e+06   6.246977662013e-07   6.246977662013e-07   8.952201372636e-06   3.072845871020e-09   3.547490162841e-16   1.000000000000e+00   6.122693270445e-01   8.487467628066e+06
  2.459337854170e+06   6.399941464039e-07   6.399941464039e-07   2.807838723846e-05   1.946929959259e-07   5.779655365036e-16   1.000000000000e+00   6.122693270445e-01   2.079905782456e+04
  2.459337854170e+06   6.729952363849e-07   6.729952363849e-07   1.828100827996e-05   6.619066000223e-10   1.508621946355e-15   1.000000000000e+00   6.122693270445e-01   7.627932960619e+08
  2.459337854170e+06   6.729952363849e-07   6.729952363849e-07   1.828100827996e-05   6.619066000223e-10   1.508621946355e-15   1.000000000000e+00   6.122693270445e-01   7.627932960619e+08
  2.459337854170e+06   6.729952363849e-07   6.729952363849e-07   7.503399110514e-06   1.323813200045e-09   1.508621946355e-15   1.000000000000e+00   6.122693270445e-01   3.212644570999e+07
  2.459337854170e+06   6.729952363849e-07   6.729952363849e-07   1.828100827996e-05   6.619066000223e-10   1.508621946355e-15   1.000000000000e+00   6.122693270445e-01   7.627932960619e+08
  2.459337854170e+06   6.729952363849e-07   6.729952363849e-07   1.851975302812e-05   1.323813200045e-09   1.508621946355e-15   1.000000000000e+00   6.122693270445e-01   1.957117801053e+08
  2.459337854170e+06   6.729952363849e-07   6.729952363849e-07   7.605718016036e-06   1.323813200045e-09   1.508621946355e-15   1.000000000000e+00   6.122693270445e-01   3.300859392424e+07
  2.459337854170e+06   6.729952363849e-07   6.729952363849e-07   4.638465181895e-05   6.619066481824e-09   1.508621946355e-15   1.000000000000e+00   6.122693270445e-01   4.910832434777e+07
  2.459337854170e+06   6.729952363849e-07   6.729952363849e-07   1.851975302812e-05   1.323813200045e-09   1.508621946355e-15   1.000000000000e+00   6.122693270445e-01   1.957117801053e+08
  2.459337854170e+06   6.729952363849e-07   6.729952363849e-07   7.605718016036e-06   1.323813200045e-09   1.508621946355e-15   1.000000000000e+00   6.122693270445e-01   3.300859392424e+07
  2.459337854170e+06   6.729952363849e-07   6.729952363849e-07   2.244198599842e-05   6.619066000223e-10   1.508621946355e-15   1.000000000000e+00   6.122693270445e-01   1.149553401841e+09
  2.459337854170e+06   6.729952363849e-07   6.729952363849e-07   1.828100827996e-05   6.619066000223e-10   1.508621946355e-15   1.000000000000e+00   6.122693270445e-01   7.627932960619e+08
  2.459337854170e+06   6.729952363849e-07   6.729952363849e-07   4.604358752998e-05   6.619066481824e-09   1.508621946355e-15   1.000000000000e+00   6.122693270445e-01   4.838879677161e+07
  2.459337854170e+06   6.729952363849e-07   6.729952363849e-07   7.469292808674e-06   1.323813200045e-09   1.508621946355e-15   1.000000000000e+00   6.122693270445e-01   3.183505137441e+07
  2.459337854170e+06   6.729952363849e-07   6.729952363849e-07   4.604358752998e-05   6.619066481824e-09   1.508621946355e-15   1.000000000000e+00   6.122693270445e-01   4.838879677161e+07
  2.459337854170e+06   6.729952363849e-07   6.729952363849e-07   4.638465181895e-05   6.619066481824e-09   1.508621946355e-15   1.000000000000e+00   6.122693270445e-01   4.910832434777e+07
  2.459337854170e+06   6.729952363849e-07   6.729952363849e-07   1.828100827996e-05   6.619066000223e-10   1.508621946355e-15   1.000000000000e+00   6.122693270445e-01   7.627932960619e+08
  2.459337854170e+06   7.620550533808e-07   7.620550533808e-07   2.463143720477e-05   5.162356931303e-09   1.432281612057e-14   1.000000000000e+00   6.122693270445e-01   2.276582786037e+07
  2.459337854170e+06   7.620550533808e-07   7.620550533808e-07   2.463143720477e-05   5.162356931303e-09   1.432281612057e-14   1.000000000000e+00   6.122693270445e-01   2.276582786037e+07
  2.459337854170e+06   7.634912086793e-07   7.634912086793e-07   2.487718297468e-05   3.085772296651e-08   1.475149445459e-14   1.000000000000e+00   6.122693270445e-01   6.499420695517e+05
  2.459337854170e+06   7.634912086793e-07   7.634912086793e-07   2.487718297468e-05   2.571476834046e-08   1.475149445459e-14   1.000000000000e+00   6.122693270445e-01   9.359166382638e+05
  2.459337854170e+06   7.634912086793e-07   7.634912086793e-07   2.466455704589e-05   2.571476834046e-08   1.475149445459e-14   1.000000000000e+00   6.122693270445e-01   9.199864008973e+05
  2.459337854170e+06   7.724618861118e-07   7.724618861118e-07   2.377706222846e-05   5.024196344330e-09   1.760649152869e-14   1.000000000000e+00   6.122693270445e-01   2.239665611723e+07
  2.459337854170e+06   7.836891776023e-07   7.836891776023e-07   2.306961571118e-05   2.343010556275e-07   2.176289117064e-14   1.000000000000e+00   6.122693270445e-01   9.694652106567e+03
  2.459337854170e+06   1.030497930703e-06   1.030497930703e-06   6.675314542471e-06   2.823101182284e-10   9.040146887879e-13   1.000000000000e+00   6.122693270445e-01   5.591012506559e+08
  2.459337854170e+06   1.030497930703e-06   1.030497930703e-06   6.675314542471e-06   2.823101182284e-10   9.040146887879e-13   1.000000000000e+00   6.122693270445e-01   5.591012506559e+08
  2.459337854170e+06   1.239016606051e-06   1.239016606051e-06   1.191701039629e-05   1.366987370475e-08   6.404770541131e-12   1.000000000000e+00   6.122693270445e-01   7.599852532133e+05
  2.459337854170e+06   1.239016606051e-06   1.239016606051e-06   1.187977021743e-05   1.366987370475e-08   6.404770541131e-12   1.000000000000e+00   6.122693270445e-01   7.552428254232e+05
  2.459337854170e+06   1.239016606051e-06   1.239016606051e-06   1.191701039629e-05   1.366987370475e-08   6.404770541131e-12   1.000000000000e+00   6.122693270445e-01   7.599852532133e+05
  2.459337854170e+06   1.239016606051e-06   1.239016606051e-06   1.191701039629e-05   1.171703434425e-08   6.404770541131e-12   1.000000000000e+00   6.122693270445e-01   1.034424418305e+06
  2.459337854170e+06   1.239016606051e-06   1.239016606051e-06   1.202873315259e-05   1.366987370475e-08   6.404770541131e-12   1.000000000000e+00   6.122693270445e-01   7.743018809331e+05
  2.459337854170e+06   1.239016606051e-06   1.239016606051e-06   1.191701039629e-05   1.171703434425e-08   6.404770541131e-12   1.000000000000e+00   6.122693270445e-01   1.034424418305e+06
  2.459337854170e+06   1.239016606051e-06   1.239016606051e-06   1.191701039629e-05   3.515110121403e-08   6.404770541131e-12   1.000000000000e+00   6.122693270445e-01   1.149360583719e+05
  2.459337854170e+06   1.239016606051e-06   1.239016606051e-06   1.191701039629e-05   1.366987370475e-08   6.404770541131e-12   1.000000000000e+00   6.122693270445e-01   7.599852532133e+05
  2.459337854170e+06   1.239016606051e-06   1.239016606051e-06   1.191701039629e-05   1.366987370475e-08   6.404770541131e-12   1.000000000000e+00   6.122693270445e-01   7.599852532133e+05
  2.459337854170e+06   1.239016606051e-06   1.239016606051e-06   1.191701039629e-05   1.366987370475e-08   6.404770541131e-12   1.000000000000e+00   6.122693270445e-01   7.599852532133e+05
  2.459337854170e+06   1.239016606051e-06   1.239016606051e-06   1.202873315259e-05   1.366987370475e-08   6.404770541131e-12   1.000000000000e+00   6.122693270445e-01   7.743018809331e+05
  2.459337854170e+06   1.239016606051e-06   1.239016606051e-06   1.191701039629e-05   1.366987370475e-08   6.404770541131e-12   1.000000000000e+00   6.122693270445e-01   7.599852532133e+05
  2.459337854170e+06   1.239016606051e-06   1.239016606051e-06   1.202873315259e-05   1.366987370475e-08   6.404770541131e-12   1.000000000000e+00   6.122693270445e-01   7.743018809331e+05
  2.459337854170e+06   1.239016606051e-06   1.239016606051e-06   9.645330629393e-06   2.343406868850e-08   6.404770541131e-12   1.000000000000e+00   6.122693270445e-01   1.694096966014e+05
  2.459337854170e+06   1.239016606051e-06   1.239016606051e-06   1.191701039629e-05   1.171703434425e-08   6.404770541131e-12   1.000000000000e+00   6.122693270445e-01   1.034424418305e+06
  2.459337854170e+06   1.239016606051e-06   1.239016606051e-06   1.191701039629e-05   1.366987370475e-08   6.404770541131e-12   1.000000000000e+00   6.122693270445e-01   7.599852532133e+05
  2.459337854170e+06   1.239016606051e-06   1.239016606051e-06   1.191701039629e-05   1.366987370475e-08   6.404770541131e-12   1.000000000000e+00   6.122693270445e-01   7.599852532133e+05
  2.459337854170e+06   1.239016606051e-06   1.239016606051e-06   1.191701039629e-05   1.366987370475e-08   6.404770541131e-12   1.000000000000e+00   6.122693270445e-01   7.599852532133e+05
  2.459337854170e+06   1.239016606051e-06   1.239016606051e-06   1.191701039629e-05   1.366987370475e-08   6.404770541131e-12   1.000000000000e+00   6.122693270445e-01   7.599852532133e+05
  2.459337854170e+06   1.239016606051e-06   1.239016606051e-06   1.191701039629e-05   1.366987370475e-08   6.404770541131e-12   1.000000000000e+00   6.122693270445e-01   7.599852532133e+05
  2.459337854170e+06   1.239016606051e-06   1.239016606051e-06   1.191701039629e-05   1.366987370475e-08   6.404770541131e-12   1.000000000000e+00   6.122693270445e-01   7.599852532133e+05
  2.459337854170e+06   1.239016606051e-06   1.239016606051e-06   1.191701039629e-05   1.366987370475e-08   6.404770541131e-12   1.000000000000e+00   6.122693270445e-01   7.599852532133e+05
  2.459337854170e+06   1.239016606051e-06   1.239016606051e-06   1.202873315259e-05   1.366987370475e-08   6.404770541131e-12   1.000000000000e+00   6.122693270445e-01   7.743018809331e+05
  2.459337854170e+06   1.250020672977e-06   1.250020672977e-06   1.198971944348e-05   1.343025829982e-08   6.883278701813e-12   1.000000000000e+00   6.122693270445e-01   7.969825493288e+05
  2.459337854170e+06   1.250020672977e-06   1.250020672977e-06   1.180860602958e-05   1.343025829982e-08   6.883278701813e-12   1.000000000000e+00   6.122693270445e-01   7.730863938860e+05
  2.459337854170e+06   1.250020672977e-06   1.250020672977e-06   1.180860602958e-05   1.343025829982e-08   6.883278701813e-12   1.000000000000e+00   6.122693270445e-01   7.730863938860e+05
  2.459337854170e+06   1.250020672977e-06   1.250020672977e-06   1.180860602958e-05   1.343025829982e-08   6.883278701813e-12   1.000000000000e+00   6.122693270445e-01   7.730863938860e+05
  2.459337854170e+06   1.250020672977e-06   1.250020672977e-06   1.180860602958e-05   1.343025829982e-08   6.883278701813e-12   1.000000000000e+00   6.122693270445e-01   7.730863938860e+05
  2.459337854170e+06   1.250020672977e-06   1.250020672977e-06   1.180860602958e-05   1.151164971601e-08   6.883278701813e-12   1.000000000000e+00   6.122693270445e-01   1.052256527233e+06
  2.459337854170e+06   1.630015539365e-06   1.630015539365e-06   9.384983214224e-06   3.046498643040e-08   5.934003452155e-11   1.000000000000e+00   6.122693270445e-01   9.489853987417e+04
  2.459337854170e+06   1.630015539365e-06   1.630015539365e-06   9.384983214224e-06   3.046498643040e-08   5.934003452155e-11   1.000000000000e+00   6.122693270445e-01   9.489853987417e+04
  2.459337854170e+06   1.630015539365e-06   1.630015539365e-06   9.384983214224e-06   3.046498643040e-08   5.934003452155e-11   1.000000000000e+00   6.122693270445e-01   9.489853987417e+04
  2.459337854170e+06   1.630015539365e-06   1.630015539365e-06   9.384983214224e-06   3.046498643040e-08   5.934003452155e-11   1.000000000000e+00   6.122693270445e-01   9.489853987417e+04
  2.459337854170e+06   1.630015539365e-06   1.630015539365e-06   9.384983214224e-06   3.046498643040e-08   5.934003452155e-11   1.000000000000e+00   6.122693270445e-01   9.489853987417e+04
  2.459337854170e+06   1.649477072902e-06   1.649477072902e-06   9.191049937774e-06   3.085220304473e-08   6.435585348121e-11   1.000000000000e+00   6.122693270445e-01   8.874661721101e+04
  2.459337854170e+06   1.649477072902e-06   1.649477072902e-06   9.191049937774e-06   3.085220304473e-08   6.435585348121e-11   1.000000000000e+00   6.122693270445e-01   8.874661721101e+04
  2.459337854170e+06   1.649477072902e-06   1.649477072902e-06   8.808089264311e-06   2.975033850367e-08   6.435585348121e-11   1.000000000000e+00   6.122693270445e-01   8.765430388857e+04
  2.459337854170e+06   1.649477072902e-06   1.649477072902e-06   9.051791322413e-06   4.076898186182e-08   6.435585348121e-11   1.000000000000e+00   6.122693270445e-01   4.929503275445e+04
  2.459337854170e+06   1.649477072902e-06   1.649477072902e-06   9.191049937774e-06   2.975033850367e-08   6.435585348121e-11   1.000000000000e+00   6.122693270445e-01   9.544217912090e+04
  2.459337854170e+06   1.649477072902e-06   1.649477072902e-06   9.191049937774e-06   3.085220304473e-08   6.435585348121e-11   1.000000000000e+00   6.122693270445e-01   8.874661721101e+04
  2.459337854170e+06   1.649477072902e-06   1.649477072902e-06   9.191049937774e-06   3.085220304473e-08   6.435585348121e-11   1.000000000000e+00   6.122693270445e-01   8.874661721101e+04
  2.459337854170e+06   1.649477072902e-06   1.649477072902e-06   9.191049937774e-06   3.085220304473e-08   6.435585348121e-11   1.000000000000e+00   6.122693270445e-01   8.874661721101e+04
  2.459337854170e+06   1.649477072902e-06   1.649477072902e-06   9.191049937774e-06   3.195406553340e-08   6.435585348121e-11   1.000000000000e+00   6.122693270445e-01   8.273169582973e+04
  2.459337854170e+06   1.649477072902e-06   1.649477072902e-06   9.191049937774e-06   3.085220304473e-08   6.435585348121e-11   1.000000000000e+00   6.122693270445e-01   8.874661721101e+04
  2.459337854170e+06   1.649477072902e-06   1.649477072902e-06   9.191049937774e-06   3.085220304473e-08   6.435585348121e-11   1.000000000000e+00   6.122693270445e-01   8.874661721101e+04
  2.459337854170e+06   1.649477072902e-06   1.649477072902e-06   9.191049937774e-06   3.085220304473e-08   6.435585348121e-11   1.000000000000e+00   6.122693270445e-01   8.874661721101e+04
  2.459337854170e+06   1.649477072902e-06   1.649477072902e-06   9.191049937774e-06   3.085220304473e-08   6.435585348121e-11   1.000000000000e+00   6.122693270445e-01   8.874661721101e+04
  2.459337854170e+06   1.649477072902e-06   1.649477072902e-06   9.191049937774e-06   3.085220304473e-08   6.435585348121e-11   1.000000000000e+00   6.122693270445e-01   8.874661721101e+04
  2.459337854170e+06   1.649477072902e-06   1.649477072902e-06   8.964754947202e-06   2.975033850367e-08   6.435585348121e-11   1.000000000000e+00   6.122693270445e-01   9.080019612661e+04
  2.459337854170e+06   1.649477072902e-06   1.649477072902e-06   9.191049937774e-06   3.195406553340e-08   6.435585348121e-11   1.000000000000e+00   6.122693270445e-01   8.273169582973e+04
  2.459337854170e+06   1.649477072902e-06   1.649477072902e-06   4.926263402201e-06   1.432423698131e-08   6.435585348121e-11   1.000000000000e+00   6.122693270445e-01   1.182717211217e+05
  2.459337854170e+06   1.649477072902e-06   1.649477072902e-06   8.964754947202e-06   2.975033850367e-08   6.435585348121e-11   1.000000000000e+00   6.122693270445e-01   9.080019612661e+04
  2.459337854170e+06   1.649477072902e-06   1.649477072902e-06   8.964754947202e-06   2.975033850367e-08   6.435585348121e-11   1.000000000000e+00   6.122693270445e-01   9.080019612661e+04
  2.459337854170e+06   1.649477072902e-06   1.649477072902e-06   9.191049937774e-06   3.085220304473e-08   6.435585348121e-11   1.000000000000e+00   6.122693270445e-01   8.874661721101e+04
  2.459337854170e+06   1.649477072902e-06   1.649477072902e-06   9.191049937774e-06   3.085220304473e-08   6.435585348121e-11   1.000000000000e+00   6.122693270445e-01   8.874661721101e+04
  2.459337854170e+06   1.649477072902e-06   1.649477072902e-06   8.964754947202e-06   2.975033850367e-08   6.435585348121e-11   1.000000000000e+00   6.122693270445e-01   9.080019612661e+04
  2.459337854170e+06   1.649477072902e-06   1.649477072902e-06   9.191049937774e-06   3.085220304473e-08   6.435585348121e-11   1.000000000000e+00   6.122693270445e-01   8.874661721101e+04
  2.459337854170e+06   2.163785333815e-06   2.163785333815e-06   5.404571145482e-06   8.324069902012e-09   3.242722263439e-10   1.000000000000e+00   6.122693270445e-01   4.215013042172e+05
  2.459337854170e+06   2.163785333815e-06   2.163785333815e-06   5.404571145482e-06   7.043443579752e-09   3.242722263439e-10   1.000000000000e+00   6.122693270445e-01   5.887084638358e+05
  2.459337854170e+06   2.163785333815e-06   2.163785333815e-06   5.333691381923e-06   8.324069902012e-09   3.242722263439e-10   1.000000000000e+00   6.122693270445e-01   4.105173526300e+05
  2.459337854170e+06   2.163785333815e-06   2.163785333815e-06   5.404571145482e-06   8.324069902012e-09   3.242722263439e-10   1.000000000000e+00   6.122693270445e-01   4.215013042172e+05
  2.459337854170e+06   2.163785333815e-06   2.163785333815e-06   5.404571145482e-06   8.324069902012e-09   3.242722263439e-10   1.000000000000e+00   6.122693270445e-01   4.215013042172e+05
  2.459337854170e+06   2.163785333815e-06   2.163785333815e-06   5.404571145482e-06   8.324069902012e-09   3.242722263439e-10   1.000000000000e+00   6.122693270445e-01   4.215013042172e+05
  2.459337854170e+06   2.163785333815e-06   2.163785333815e-06   5.333691381923e-06   8.324069902012e-09   3.242722263439e-10   1.000000000000e+00   6.122693270445e-01   4.105173526300e+05
  2.459337854170e+06   2.163785333815e-06   2.163785333815e-06   5.404571145482e-06   8.324069902012e-09   3.242722263439e-10   1.000000000000e+00   6.122693270445e-01   4.215013042172e+05
  2.459337854170e+06   2.163785333815e-06   2.163785333815e-06   5.404571145482e-06   7.043443579752e-09   3.242722263439e-10   1.000000000000e+00   6.122693270445e-01   5.887084638358e+05
  2.459337854170e+06   2.163785333815e-06   2.163785333815e-06   5.404571145482e-06   8.324069902012e-09   3.242722263439e-10   1.000000000000e+00   6.122693270445e-01   4.215013042172e+05
  2.459337854170e+06   2.163785333815e-06   2.163785333815e-06   5.404571145482e-06   7.043443579752e-09   3.242722263439e-10   1.000000000000e+00   6.122693270445e-01   5.887084638358e+05
  2.459337854170e+06   2.163785333815e-06   2.163785333815e-06   4.314796761108e-06   1.408688715950e-08   3.242722263439e-10   1.000000000000e+00   6.122693270445e-01   9.380485934286e+04
  2.459337854170e+06   2.163785333815e-06   2.163785333815e-06   5.404571145482e-06   8.324069902012e-09   3.242722263439e-10   1.000000000000e+00   6.122693270445e-01   4.215013042172e+05
  2.459337854170e+06   2.163785333815e-06   2.163785333815e-06   5.333691381923e-06   8.324069902012e-09   3.242722263439e-10   1.000000000000e+00   6.122693270445e-01   4.105173526300e+05
  2.459337854170e+06   2.163785333815e-06   2.163785333815e-06   5.404571145482e-06   8.324069902012e-09   3.242722263439e-10   1.000000000000e+00   6.122693270445e-01   4.215013042172e+05
  2.459337854170e+06   2.163785333815e-06   2.163785333815e-06   5.245091941521e-06   8.324069902012e-09   3.242722263439e-10   1.000000000000e+00   6.122693270445e-01   3.969913758385e+05
  2.459337854170e+06   2.163785333815e-06   2.163785333815e-06   5.404571145482e-06   8.324069902012e-09   3.242722263439e-10   1.000000000000e+00   6.122693270445e-01   4.215013042172e+05
  2.459337854170e+06   2.163785333815e-06   2.163785333815e-06   5.333691381923e-06   8.324069902012e-09   3.242722263439e-10   1.000000000000e+00   6.122693270445e-01   4.105173526300e+05
  2.459337854170e+06   2.163785333815e-06   2.163785333815e-06   5.404571145482e-06   8.324069902012e-09   3.242722263439e-10   1.000000000000e+00   6.122693270445e-01   4.215013042172e+05
  2.459337854170e+06   2.163785333815e-06   2.163785333815e-06   5.404571145482e-06   8.324069902012e-09   3.242722263439e-10   1.000000000000e+00   6.122693270445e-01   4.215013042172e+05
  2.459337854170e+06   2.163785333815e-06   2.163785333815e-06   5.404571145482e-06   8.324069902012e-09   3.242722263439e-10   1.000000000000e+00   6.122693270445e-01   4.215013042172e+05
  2.459337854170e+06   2.190024530645e-06   2.190024530645e-06   5.076937544602e-06   8.125799559846e-09   3.450163472155e-10   1.000000000000e+00   6.122693270445e-01   3.903124476712e+05
  2.459337854170e+06   2.190024530645e-06   2.190024530645e-06   5.076937544602e-06   8.125799559846e-09   3.450163472155e-10   1.000000000000e+00   6.122693270445e-01   3.903124476712e+05
  2.459337854170e+06   2.190024530645e-06   2.190024530645e-06   5.076937544602e-06   6.250614777358e-09   3.450163472155e-10   1.000000000000e+00   6.122693270445e-01   6.596280932714e+05
  2.459337854170e+06   2.190024530645e-06   2.190024530645e-06   5.076937544602e-06   8.125799559846e-09   3.450163472155e-10   1.000000000000e+00   6.122693270445e-01   3.903124476712e+05
  2.459337854170e+06   3.350010705107e-06   3.350010705107e-06   2.019838245997e-06   8.281137580939e-09   2.227079410031e-09   1.000000000000e+00   6.122693270445e-01   5.936014399584e+04
  2.459337854170e+06   3.350010705107e-06   3.350010705107e-06   2.284735003671e-06   3.205601724489e-09   2.227079410031e-09   1.000000000000e+00   6.122693270445e-01   5.069970843748e+05
  2.459337854170e+06   3.350010705107e-06   3.350010705107e-06   2.019838245997e-06   8.281137580939e-09   2.227079410031e-09   1.000000000000e+00   6.122693270445e-01   5.936014399584e+04
  2.459337854170e+06   3.350010705107e-06   3.350010705107e-06   2.019838245997e-06   8.281137580939e-09   2.227079410031e-09   1.000000000000e+00   6.122693270445e-01   5.936014399584e+04
  2.459337854170e+06   3.350010705107e-06   3.350010705107e-06   2.019838245997e-06   8.281137580939e-09   2.227079410031e-09   1.000000000000e+00   6.122693270445e-01   5.936014399584e+04
  2.459337854170e+06   3.350010705107e-06   3.350010705107e-06   2.019838245997e-06   8.281137580939e-09   2.227079410031e-09   1.000000000000e+00   6.122693270445e-01   5.936014399584e+04
  2.459337854170e+06   3.350010705107e-06   3.350010705107e-06   1.943680405963e-06   4.541269317015e-09   2.227079410031e-09   1.000000000000e+00   6.122693270445e-01   1.827676771528e+05
  2.459337854170e+06   3.350010705107e-06   3.350010705107e-06   1.943680405963e-06   4.541269317015e-09   2.227079410031e-09   1.000000000000e+00   6.122693270445e-01   1.827676771528e+05
  2.459337854170e+06   3.350010705107e-06   3.350010705107e-06   2.019838245997e-06   8.281137580939e-09   2.227079410031e-09   1.000000000000e+00   6.122693270445e-01   5.936014399584e+04
  2.459337854170e+06   3.350010705107e-06   3.350010705107e-06   1.990037343490e-06   8.014004062434e-09   2.227079410031e-09   1.000000000000e+00   6.122693270445e-01   6.152487514098e+04
  2.459337854170e+06   3.350010705107e-06   3.350010705107e-06   2.019838245997e-06   8.281137580939e-09   2.227079410031e-09   1.000000000000e+00   6.122693270445e-01   5.936014399584e+04
  2.459337854170e+06   3.549982332532e-06   3.549982332532e-06   2.091977163389e-06   3.092514046029e-09   2.811029386905e-09   1.000000000000e+00   6.122693270445e-01   4.563757846740e+05
  2.459337854170e+06   3.549982332532e-06   3.549982332532e-06   1.796434689940e-06   1.118062709136e-08   2.811029386905e-09   1.000000000000e+00   6.122693270445e-01   2.573536447339e+04
  2.459337854170e+06   3.549982332532e-06   3.549982332532e-06   1.796434689940e-06   8.325999218356e-09   2.811029386905e-09   1.000000000000e+00   6.122693270445e-01   4.640768632203e+04
  2.459337854170e+06   3.549982332532e-06   3.549982332532e-06   1.796434689940e-06   8.325999218356e-09   2.811029386905e-09   1.000000000000e+00   6.122693270445e-01   4.640768632203e+04
  2.459337854170e+06   3.549982332532e-06   3.549982332532e-06   1.796434689940e-06   8.325999218356e-09   2.811029386905e-09   1.000000000000e+00   6.122693270445e-01   4.640768632203e+04
  2.459337854170e+06   3.549982332532e-06   3.549982332532e-06   1.796434689940e-06   8.325999218356e-09   2.811029386905e-09   1.000000000000e+00   6.122693270445e-01   4.640768632203e+04
  2.459337854170e+06   3.549982332532e-06   3.549982332532e-06   1.796434689940e-06   8.325999218356e-09   2.811029386905e-09   1.000000000000e+00   6.122693270445e-01   4.640768632203e+04
  2.459337854170e+06   4.493022870332e-06   4.493022870332e-06   9.111327886323e-07   4.455174195698e-09   7.494059730975e-09   1.000000000000e+00   6.122693270445e-01   4.113962163031e+04
  2.459337854170e+06   4.493022870332e-06   4.493022870332e-06   9.111327886323e-07   4.455174195698e-09   7.494059730975e-09   1.000000000000e+00   6.122693270445e-01   4.113962163031e+04
  2.459337854170e+06   4.493022870332e-06   4.493022870332e-06   9.111327886323e-07   4.455174195698e-09   7.494059730975e-09   1.000000000000e+00   6.122693270445e-01   4.113962163031e+04
  2.459337854170e+06   4.493022870332e-06   4.493022870332e-06   9.111327886323e-07   4.455174195698e-09   7.494059730975e-09   1.000000000000e+00   6.122693270445e-01   4.113962163031e+04
  2.459337854170e+06   4.493022870332e-06   4.493022870332e-06   9.111327886323e-07   4.455174195698e-09   7.494059730975e-09   1.000000000000e+00   6.122693270445e-01   4.113962163031e+04
  2.459337854170e+06   4.493022870332e-06   4.493022870332e-06   9.128200497841e-07   1.485058065233e-09   7.494059730975e-09   1.000000000000e+00   6.122693270445e-01   3.716405610347e+05
  2.459337854170e+06   4.493022870332e-06   4.493022870332e-06   9.111327886323e-07   6.385750040098e-09   7.494059730975e-09   1.000000000000e+00   6.122693270445e-01   2.002469188603e+04
  2.459337854170e+06   4.600019302768e-06   4.600019302768e-06   9.487583654615e-07   1.983487390181e-09   8.308552087134e-09   1.000000000000e+00   6.122693270445e-01   2.248083103706e+05
  2.459337854170e+06   4.600019302768e-06   4.600019302768e-06   8.207640078322e-07   1.416776631874e-09   8.308552087134e-09   1.000000000000e+00   6.122693270445e-01   3.288488660503e+05
  2.459337854170e+06   4.600019302768e-06   4.600019302768e-06   9.487583654615e-07   1.983487390181e-09   8.308552087134e-09   1.000000000000e+00   6.122693270445e-01   2.248083103706e+05
  2.459337854170e+06   4.600019302768e-06   4.600019302768e-06   8.207640078322e-07   1.416776631874e-09   8.308552087134e-09   1.000000000000e+00   6.122693270445e-01   3.288488660503e+05
  2.459337854170e+06   4.600019302768e-06   4.600019302768e-06   9.487583654615e-07   1.983487390181e-09   8.308552087134e-09   1.000000000000e+00   6.122693270445e-01   2.248083103706e+05
  2.459337854170e+06   4.600019302768e-06   4.600019302768e-06   9.471584562559e-07   1.416776730834e-10   8.308552087134e-09   1.000000000000e+00   6.122693270445e-01   4.391263538928e+07
  2.459337854170e+06   4.600019302768e-06   4.600019302768e-06   9.487583654615e-07   1.983487390181e-09   8.308552087134e-09   1.000000000000e+00   6.122693270445e-01   2.248083103706e+05
  2.459337854170e+06   4.600019302768e-06   4.600019302768e-06   9.231595320810e-07   8.500660055137e-10   8.308552087134e-09   1.000000000000e+00   6.122693270445e-01   1.158231620907e+06
  2.459337854170e+06   4.600019302768e-06   4.600019302768e-06   9.487583654615e-07   1.983487390181e-09   8.308552087134e-09   1.000000000000e+00   6.122693270445e-01   2.248083103706e+05
  2.459337854170e+06   4.600019302768e-06   4.600019302768e-06   9.327590826783e-07   1.841809700604e-09   8.308552087134e-09   1.000000000000e+00   6.122693270445e-01   2.519288127872e+05
  2.459337854170e+06   4.600019302768e-06   4.600019302768e-06   9.487583654615e-07   1.983487390181e-09   8.308552087134e-09   1.000000000000e+00   6.122693270445e-01   2.248083103706e+05
  2.459337854170e+06   4.600019302768e-06   4.600019302768e-06   9.487583654615e-07   1.983487390181e-09   8.308552087134e-09   1.000000000000e+00   6.122693270445e-01   2.248083103706e+05
  2.459337854170e+06   5.730964003747e-06   5.730964003747e-06   4.666703626375e-07   8.215005004836e-10   2.366396164349e-08   1.000000000000e+00   6.122693270445e-01   2.908066530508e+05
  2.459337854170e+06   5.730964003747e-06   5.730964003747e-06   4.824562552044e-07   2.190668114635e-09   2.366396164349e-08   1.000000000000e+00   6.122693270445e-01   4.386105306522e+04
  2.459337854170e+06   5.730964003747e-06   5.730964003747e-06   4.824562552044e-07   2.190668114635e-09   2.366396164349e-08   1.000000000000e+00   6.122693270445e-01   4.386105306522e+04
  2.459337854170e+06   5.730964003747e-06   5.730964003747e-06   4.824562552044e-07   2.190668114635e-09   2.366396164349e-08   1.000000000000e+00   6.122693270445e-01   4.386105306522e+04
  2.459337854170e+06   5.730964003747e-06   5.730964003747e-06   4.824562552044e-07   2.190668114635e-09   2.366396164349e-08   1.000000000000e+00   6.122693270445e-01   4.386105306522e+04
  2.459337854170e+06   5.730964003747e-06   5.730964003747e-06   4.824562552044e-07   2.190668114635e-09   2.366396164349e-08   1.000000000000e+00   6.122693270445e-01   4.386105306522e+04
  2.459337854170e+06   5.730964003747e-06   5.730964003747e-06   4.834428900293e-07   3.559835728786e-09   2.366396164349e-08   1.000000000000e+00   6.122693270445e-01   1.668161955118e+04
  2.459337854170e+06   5.730964003747e-06   5.730964003747e-06   6.639939756190e-07   3.103446637415e-09   2.366396164349e-08   1.000000000000e+00   6.122693270445e-01   4.257151964668e+04
  2.459337854170e+06   7.872080928498e-06   7.872080928498e-06   3.348937816670e-07   2.225355683353e-09   1.545956041279e-07   1.000000000000e+00   6.122693270445e-01   6.564230211235e+03
  2.459337854170e+06   7.872080928498e-06   7.872080928498e-06   3.069026631746e-07   5.321502681884e-10   1.545956041279e-07   1.000000000000e+00   6.122693270445e-01   8.191651992083e+04
  2.459337854170e+06   7.872080928498e-06   7.872080928498e-06   3.363932867194e-07   1.644828199975e-09   1.545956041279e-07   1.000000000000e+00   6.122693270445e-01   1.221618495490e+04
  2.459337854170e+06   7.872080928498e-06   7.872080928498e-06   3.363932867194e-07   1.644828199975e-09   1.545956041279e-07   1.000000000000e+00   6.122693270445e-01   1.221618495490e+04
  2.459337854170e+06   7.872080928498e-06   7.872080928498e-06   3.363932867194e-07   1.644828199975e-09   1.545956041279e-07   1.000000000000e+00   6.122693270445e-01   1.221618495490e+04
  2.459337854170e+06   7.872080928498e-06   7.872080928498e-06   3.363932867194e-07   1.644828199975e-09   1.545956041279e-07   1.000000000000e+00   6.122693270445e-01   1.221618495490e+04
  2.459337854170e+06   1.155982332074e-05   1.155982332074e-05   1.672789067759e-07   2.243459843699e-10   1.392048941134e-07   1.000000000000e+00   6.122693270445e-01   1.565930136205e+04
  2.459337854170e+06   1.155982332074e-05   1.155982332074e-05   1.672789067759e-07   2.243459843699e-10   1.392048941134e-07   1.000000000000e+00   6.122693270445e-01   1.565930136205e+04
  2.459337854170e+06   1.155982332074e-05   1.155982332074e-05   1.677371992383e-07   2.243459843699e-10   1.392048941134e-07   1.000000000000e+00   6.122693270445e-01   1.617473293601e+04
  2.459337854170e+06   1.155982332074e-05   1.155982332074e-05   1.782780624558e-07   2.467805869857e-10   1.392048941134e-07   1.000000000000e+00   6.122693270445e-01   2.506889960824e+04
  2.459337854170e+06   1.155982332074e-05   1.155982332074e-05   1.672789067759e-07   2.243459843699e-10   1.392048941134e-07   1.000000000000e+00   6.122693270445e-01   1.565930136205e+04
  2.459337854170e+06   1.155982332074e-05   1.155982332074e-05   1.672789067759e-07   2.243459843699e-10   1.392048941134e-07   1.000000000000e+00   6.122693270445e-01   1.565930136205e+04
  2.459337854170e+06   1.155982332074e-05   1.155982332074e-05   1.672789067759e-07   2.243459843699e-10   1.392048941134e-07   1.000000000000e+00   6.122693270445e-01   1.565930136205e+04
  2.459337854170e+06   1.155982332074e-05   1.155982332074e-05   1.672789067759e-07   2.243459843699e-10   1.392048941134e-07   1.000000000000e+00   6.122693270445e-01   1.565930136205e+04
  2.459337854170e+06   1.155982332074e-05   1.155982332074e-05   1.672789067759e-07   2.243459843699e-10   1.392048941134e-07   1.000000000000e+00   6.122693270445e-01   1.565930136205e+04
  2.459337854170e+06   1.155982332074e-05   1.155982332074e-05   1.672789067759e-07   2.243459843699e-10   1.392048941134e-07   1.000000000000e+00   6.122693270445e-01   1.565930136205e+04
  2.459337854170e+06   1.838991890566e-05   1.838991890566e-05   1.321946690153e-07   3.545855687402e-10   1.068378934718e-07   1.000000000000e+00   6.122693270445e-01   5.113825919186e+03
  2.459337854170e+06   2.209066818952e-05   2.209066818952e-05   1.311442537962e-07   1.228663576876e-10   7.986652932629e-08   1.000000000000e+00   6.122693270445e-01   1.741772866664e+05
  2.459337854170e+06   2.209066818952e-05   2.209066818952e-05   1.311442537962e-07   1.228663576876e-10   7.986652932629e-08   1.000000000000e+00   6.122693270445e-01   1.741772866664e+05
  2.459337854170e+06   2.209066818952e-05   2.209066818952e-05   1.286343182151e-07   1.228663576876e-10   7.986652932629e-08   1.000000000000e+00   6.122693270445e-01   1.575433813825e+05
  2.459337854170e+06   2.209066818952e-05   2.209066818952e-05   1.311442537962e-07   1.228663576876e-10   7.986652932629e-08   1.000000000000e+00   6.122693270445e-01   1.741772866664e+05
  2.459337854170e+06   2.209066818952e-05   2.209066818952e-05   1.317717376915e-07   1.842995365315e-10   7.986652932629e-08   1.000000000000e+00   6.122693270445e-01   7.931829887985e+04
  2.459337854170e+06   2.209066818952e-05   2.209066818952e-05   1.311442537962e-07   1.228663576876e-10   7.986652932629e-08   1.000000000000e+00   6.122693270445e-01   1.741772866664e+05
  2.459337854170e+06   2.209066818952e-05   2.209066818952e-05   1.311442537962e-07   1.228663576876e-10   7.986652932629e-08   1.000000000000e+00   6.122693270445e-01   1.741772866664e+05
  2.459337854170e+06   2.209066818952e-05   2.209066818952e-05   1.311442537962e-07   1.228663576876e-10   7.986652932629e-08   1.000000000000e+00   6.122693270445e-01   1.741772866664e+05
  2.459337854170e+06   2.209066818952e-05   2.209066818952e-05   1.311442537962e-07   1.228663576876e-10   7.986652932629e-08   1.000000000000e+00   6.122693270445e-01   1.741772866664e+05
  2.459337854170e+06   2.209066818952e-05   2.209066818952e-05   1.311442537962e-07   1.228663576876e-10   7.986652932629e-08   1.000000000000e+00   6.122693270445e-01   1.741772866664e+05
  2.459337854170e+06   2.367467882808e-05   2.367467882808e-05   8.468065247042e-08   1.604625744946e-10   7.036117546596e-08   1.000000000000e+00   6.122693270445e-01   7.963551648343e+03
  2.459337854170e+06   2.367467882808e-05   2.367467882808e-05   9.232923349876e-08   8.558003973048e-10   7.036117546596e-08   1.000000000000e+00   6.122693270445e-01   6.589286133658e+02
  2.459337854170e+06   2.367467882808e-05   2.367467882808e-05   9.287555978468e-08   9.627755067449e-10   7.036117546596e-08   1.000000000000e+00   6.122693270445e-01   5.468523515828e+02
  2.459337854170e+06   2.367467882808e-05   2.367467882808e-05   9.232923349876e-08   8.558003973048e-10   7.036117546596e-08   1.000000000000e+00   6.122693270445e-01   6.589286133658e+02
  2.459337854170e+06   2.367467882808e-05   2.367467882808e-05   9.232923349876e-08   8.558003973048e-10   7.036117546596e-08   1.000000000000e+00   6.122693270445e-01   6.589286133658e+02
  2.459337854170e+06   2.367467882808e-05   2.367467882808e-05   9.232923349876e-08   8.558003973048e-10   7.036117546596e-08   1.000000000000e+00   6.122693270445e-01   6.589286133658e+02
  2.459337854170e+06   6.999917297095e-05   6.999917297095e-05   2.687220846339e-08   5.506522054896e-10   4.180158456726e-09   1.000000000000e+00   6.122693270445e-01   1.698215098846e+03
  2.459337854170e+06   7.141996807700e-05   7.141996807700e-05   1.536814165853e-08   1.469336977116e-10   3.915406999796e-09   1.000000000000e+00   6.122693270445e-01   6.075409859194e+03
  2.459337854170e+06   7.141996807700e-05   7.141996807700e-05   1.560826864831e-08   1.645657421377e-10   3.915406999796e-09   1.000000000000e+00   6.122693270445e-01   5.048504606606e+03
  2.459337854170e+06   7.141996807700e-05   7.141996807700e-05   1.536814165853e-08   1.469336977116e-10   3.915406999796e-09   1.000000000000e+00   6.122693270445e-01   6.075409859194e+03
  2.459337854170e+06   7.141996807700e-05   7.141996807700e-05   1.536814165853e-08   1.469336977116e-10   3.915406999796e-09   1.000000000000e+00   6.122693270445e-01   6.075409859194e+03
  2.459337854170e+06   7.141996807700e-05   7.141996807700e-05   1.536814165853e-08   1.469336977116e-10   3.915406999796e-09   1.000000000000e+00   6.122693270445e-01   6.075409859194e+03
  2.459337854170e+06   1.600002444361e-04   1.600002444361e-04   3.109945244777e-09   5.855303554701e-11   2.138440341126e-10   1.000000000000e+00   6.122693270445e-01   2.446406603632e+03
  2.459337854170e+06   2.499937108072e-04   2.499937108072e-04   7.349432335505e-10   1.439076259694e-11   3.383258896827e-11   1.000000000000e+00   6.122693270445e-01   2.373588909990e+03
  2.459337854170e+06   3.629976001356e-04   3.629976001356e-04   2.091489522191e-10   4.550333181255e-12   6.630139983470e-12   1.000000000000e+00   6.122693270445e-01   1.980816971503e+03
  2.459337854170e+06   5.169994274579e-04   5.169994274579e-04   5.498975773123e-11   1.121606674677e-12   1.287449635990e-12   1.000000000000e+00   6.122693270445e-01   2.292475660673e+03
  2.459337854170e+06   8.492704192635e-04   8.492704192635e-04   7.684352326478e-12   2.493905321991e-14   1.835989691654e-13   1.000000000000e+00   6.122693270445e-01   9.045859668457e+04
  2.459337854170e+06   1.299997649712e-03   1.299997649712e-03   1.538307844868e-12   8.869631841432e-16   3.412298429360e-14   1.000000000000e+00   6.122693270445e-01   2.876015612319e+06
  2.459337854170e+06   1.299997649712e-03   1.299997649712e-03   1.902500826711e-12   1.951318901859e-14   3.412298429360e-14   1.000000000000e+00   6.122693270445e-01   9.167964301522e+03
  2.459337854170e+06   1.332410924444e-03   1.332410924444e-03   1.464374034007e-12   8.443341560740e-16   3.095039959215e-14   1.000000000000e+00   6.122693270445e-01   2.882175387920e+06
  2.459337854170e+06   3.294400000000e-03   3.294400000000e-03   2.900396307000e-14   1.381141098000e-15   8.465440000000e-16   1.000000000000e+00   6.122693270445e-01   4.156325885023e+02
