#                  hjd            eff_wave            eff_band                flux               error             fluxsyn             dataset               phase                chi2
  2.459337854170e+06   3.441183415788e-07   3.441183415788e-07   2.700154802572e-05   2.531658074356e-10 -8.185649032501e-166   1.000000000000e+00   6.122693270445e-01   1.137541442818e+10
  2.459337854170e+06   3.441183415788e-07   3.441183415788e-07   2.708073205655e-05   2.531658074356e-10 -8.185649032501e-166   1.000000000000e+00   6.122693270445e-01   1.144223074001e+10
  2.459337854170e+06   3.441183415788e-07   3.441183415788e-07   2.700154802572e-05   2.531658074356e-10 -8.185649032501e-166   1.000000000000e+00   6.122693270445e-01   1.137541442818e+10
  2.459337854170e+06   3.441183415788e-07   3.441183415788e-07   2.708073205655e-05   2.531658074356e-10 -8.185649032501e-166   1.000000000000e+00   6.122693270445e-01   1.144223074001e+10
  2.459337854170e+06   4.442027826345e-07   4.442027826345e-07   1.520667573991e-05   4.679601386062e-08  1.308619606715e-162   1.000000000000e+00   6.122693270445e-01   1.055968221906e+05
  2.459337854170e+06   4.442027826345e-07   4.442027826345e-07   2.781996502166e-05   1.367415994028e-08  1.308619606715e-162   1.000000000000e+00   6.122693270445e-01   4.139156512687e+06
  2.459337854170e+06   4.442027826345e-07   4.442027826345e-07   2.781996502166e-05   1.367415994028e-08  1.308619606715e-162   1.000000000000e+00   6.122693270445e-01   4.139156512687e+06
  2.459337854170e+06   4.442027826345e-07   4.442027826345e-07   2.805572702773e-05   7.596756013699e-09  1.308619606715e-162   1.000000000000e+00   6.122693270445e-01   1.363913091867e+07
  2.459337854170e+06   4.442027826345e-07   4.442027826345e-07   2.781996502166e-05   1.367415994028e-08  1.308619606715e-162   1.000000000000e+00   6.122693270445e-01   4.139156512687e+06
  2.459337854170e+06   4.442027826345e-07   4.442027826345e-07   2.781996502166e-05   1.367415994028e-08  1.308619606715e-162   1.000000000000e+00   6.122693270445e-01   4.139156512687e+06
  2.459337854170e+06   4.442027826345e-07   4.442027826345e-07   2.781996502166e-05   1.367415994028e-08  1.308619606715e-162   1.000000000000e+00   6.122693270445e-01   4.139156512687e+06
  2.459337854170e+06   4.680015891848e-07   4.680015891848e-07   2.530714667988e-05   7.528158156570e-08  3.497654070385e-158   1.000000000000e+00   6.122693270445e-01   1.130079236750e+05
  2.459337854170e+06   4.819969420239e-07   4.819969420239e-07   2.881357250127e-05   1.290423185946e-08  2.610807263478e-155   1.000000000000e+00   6.122693270445e-01   4.985743150767e+06
  2.459337854170e+06   4.819969420239e-07   4.819969420239e-07   2.864985929837e-05   1.290423185946e-08  2.610807263478e-155   1.000000000000e+00   6.122693270445e-01   4.929248029026e+06
  2.459337854170e+06   4.819969420239e-07   4.819969420239e-07   2.652158461123e-05   6.452115929728e-09  2.610807263478e-155   1.000000000000e+00   6.122693270445e-01   1.689641676844e+07
  2.459337854170e+06   4.968386774942e-07   4.968386774942e-07   3.810609574467e-05   8.501350721521e-09  4.637238427756e-153   1.000000000000e+00   6.122693270445e-01   2.009153147625e+07
  2.459337854170e+06   4.968386774942e-07   4.968386774942e-07   3.839368843495e-05   8.501350721521e-09  4.637238427756e-153   1.000000000000e+00   6.122693270445e-01   2.039594376949e+07
  2.459337854170e+06   5.035989551487e-07   5.035989551487e-07   3.530180640745e-05   2.364182764381e-09 -2.537556738249e-148   1.000000000000e+00   6.122693270445e-01   2.229624686291e+08
  2.459337854170e+06   5.035989551487e-07   5.035989551487e-07   3.530180640745e-05   2.364182764381e-09 -2.537556738249e-148   1.000000000000e+00   6.122693270445e-01   2.229624686291e+08
  2.459337854170e+06   5.046161555294e-07   5.046161555294e-07   3.409245184522e-05   3.531991723065e-09  2.865798746137e-149   1.000000000000e+00   6.122693270445e-01   9.317021917660e+07
  2.459337854170e+06   5.537049258445e-07   5.537049258445e-07   2.001052109498e-05   7.822650094673e-09  1.973692044727e-144   1.000000000000e+00   6.122693270445e-01   6.543483128170e+06
  2.459337854170e+06   5.537049258445e-07   5.537049258445e-07   2.001052109498e-05   7.822650094673e-09  1.973692044727e-144   1.000000000000e+00   6.122693270445e-01   6.543483128170e+06
  2.459337854170e+06   5.537049258445e-07   5.537049258445e-07   2.615548417344e-05   1.564530018935e-08  1.973692044727e-144   1.000000000000e+00   6.122693270445e-01   2.794844996673e+06
  2.459337854170e+06   5.537049258445e-07   5.537049258445e-07   2.591914130215e-05   8.800481427654e-09  1.973692044727e-144   1.000000000000e+00   6.122693270445e-01   8.674178543602e+06
  2.459337854170e+06   5.537049258445e-07   5.537049258445e-07   2.568279549602e-05   1.232067422638e-07  1.973692044727e-144   1.000000000000e+00   6.122693270445e-01   4.345258705891e+04
  2.459337854170e+06   5.537049258445e-07   5.537049258445e-07   2.615548417344e-05   1.564530018935e-08  1.973692044727e-144   1.000000000000e+00   6.122693270445e-01   2.794844996673e+06
  2.459337854170e+06   5.537049258445e-07   5.537049258445e-07   2.615548417344e-05   1.564530018935e-08  1.973692044727e-144   1.000000000000e+00   6.122693270445e-01   2.794844996673e+06
  2.459337854170e+06   5.822343328802e-07   5.822343328802e-07   3.563062711079e-05   1.768703622974e-09  8.336797927042e-141   1.000000000000e+00   6.122693270445e-01   4.058231349666e+08
  2.459337854170e+06   5.822343328802e-07   5.822343328802e-07   3.563062711079e-05   1.768703622974e-09  8.336797927042e-141   1.000000000000e+00   6.122693270445e-01   4.058231349666e+08
  2.459337854170e+06   6.040549224260e-07   6.040549224260e-07   2.774209279797e-05   1.068098243725e-08  2.883643033613e-138   1.000000000000e+00   6.122693270445e-01   6.746150697118e+06
  2.459337854170e+06   6.040549224260e-07   6.040549224260e-07   2.774209279797e-05   9.859368845067e-09  2.883643033613e-138   1.000000000000e+00   6.122693270445e-01   7.917356706366e+06
  2.459337854170e+06   6.226219273105e-07   6.226219273105e-07   2.780748530918e-05   7.733424839633e-10  2.744291741150e-136   1.000000000000e+00   6.122693270445e-01   1.292943939690e+09
  2.459337854170e+06   6.246977662013e-07   6.246977662013e-07   2.826271020653e-05   1.690065262598e-08  2.314079997406e-136   1.000000000000e+00   6.122693270445e-01   2.796537582303e+06
  2.459337854170e+06   6.246977662013e-07   6.246977662013e-07   2.770026742187e-05   2.458276696816e-08  2.314079997406e-136   1.000000000000e+00   6.122693270445e-01   1.269715423434e+06
  2.459337854170e+06   6.246977662013e-07   6.246977662013e-07   2.755965803524e-05   2.458276696816e-08  2.314079997406e-136   1.000000000000e+00   6.122693270445e-01   1.256857729608e+06
  2.459337854170e+06   6.246977662013e-07   6.246977662013e-07   8.952201372636e-06   3.072845871020e-09  2.314079997406e-136   1.000000000000e+00   6.122693270445e-01   8.487467628739e+06
  2.459337854170e+06   6.399941464039e-07   6.399941464039e-07   2.807838723846e-05   1.946929959259e-07 -7.351873592064e-130   1.000000000000e+00   6.122693270445e-01   2.079905782542e+04
  2.459337854170e+06   6.729952363849e-07   6.729952363849e-07   1.828100827996e-05   6.619066000223e-10  2.615891294391e-127   1.000000000000e+00   6.122693270445e-01   7.627932961878e+08
  2.459337854170e+06   6.729952363849e-07   6.729952363849e-07   1.828100827996e-05   6.619066000223e-10  2.615891294391e-127   1.000000000000e+00   6.122693270445e-01   7.627932961878e+08
  2.459337854170e+06   6.729952363849e-07   6.729952363849e-07   7.503399110514e-06   1.323813200045e-09  2.615891294391e-127   1.000000000000e+00   6.122693270445e-01   3.212644572291e+07
  2.459337854170e+06   6.729952363849e-07   6.729952363849e-07   1.828100827996e-05   6.619066000223e-10  2.615891294391e-127   1.000000000000e+00   6.122693270445e-01   7.627932961878e+08
  2.459337854170e+06   6.729952363849e-07   6.729952363849e-07   1.851975302812e-05   1.323813200045e-09  2.615891294391e-127   1.000000000000e+00   6.122693270445e-01   1.957117801372e+08
  2.459337854170e+06   6.729952363849e-07   6.729952363849e-07   7.605718016036e-06   1.323813200045e-09  2.615891294391e-127   1.000000000000e+00   6.122693270445e-01   3.300859393734e+07
  2.459337854170e+06   6.729952363849e-07   6.729952363849e-07   4.638465181895e-05   6.619066481824e-09  2.615891294391e-127   1.000000000000e+00   6.122693270445e-01   4.910832435097e+07
  2.459337854170e+06   6.729952363849e-07   6.729952363849e-07   1.851975302812e-05   1.323813200045e-09  2.615891294391e-127   1.000000000000e+00   6.122693270445e-01   1.957117801372e+08
  2.459337854170e+06   6.729952363849e-07   6.729952363849e-07   7.605718016036e-06   1.323813200045e-09  2.615891294391e-127   1.000000000000e+00   6.122693270445e-01   3.300859393734e+07
  2.459337854170e+06   6.729952363849e-07   6.729952363849e-07   2.244198599842e-05   6.619066000223e-10  2.615891294391e-127   1.000000000000e+00   6.122693270445e-01   1.149553401996e+09
  2.459337854170e+06   6.729952363849e-07   6.729952363849e-07   1.828100827996e-05   6.619066000223e-10  2.615891294391e-127   1.000000000000e+00   6.122693270445e-01   7.627932961878e+08
  2.459337854170e+06   6.729952363849e-07   6.729952363849e-07   4.604358752998e-05   6.619066481824e-09  2.615891294391e-127   1.000000000000e+00   6.122693270445e-01   4.838879677478e+07
  2.459337854170e+06   6.729952363849e-07   6.729952363849e-07   7.469292808674e-06   1.323813200045e-09  2.615891294391e-127   1.000000000000e+00   6.122693270445e-01   3.183505138727e+07
  2.459337854170e+06   6.729952363849e-07   6.729952363849e-07   4.604358752998e-05   6.619066481824e-09  2.615891294391e-127   1.000000000000e+00   6.122693270445e-01   4.838879677478e+07
  2.459337854170e+06   6.729952363849e-07   6.729952363849e-07   4.638465181895e-05   6.619066481824e-09  2.615891294391e-127   1.000000000000e+00   6.122693270445e-01   4.910832435097e+07
  2.459337854170e+06   6.729952363849e-07   6.729952363849e-07   1.828100827996e-05   6.619066000223e-10  2.615891294391e-127   1.000000000000e+00   6.122693270445e-01   7.627932961878e+08
  2.459337854170e+06   7.620550533808e-07   7.620550533808e-07   2.463143720477e-05   5.162356931303e-09  3.355300169793e-124   1.000000000000e+00   6.122693270445e-01   2.276582788684e+07
  2.459337854170e+06   7.620550533808e-07   7.620550533808e-07   2.463143720477e-05   5.162356931303e-09  3.355300169793e-124   1.000000000000e+00   6.122693270445e-01   2.276582788684e+07
  2.459337854170e+06   7.634912086793e-07   7.634912086793e-07   2.487718297468e-05   3.085772296651e-08  4.332267843024e-124   1.000000000000e+00   6.122693270445e-01   6.499420703225e+05
  2.459337854170e+06   7.634912086793e-07   7.634912086793e-07   2.487718297468e-05   2.571476834046e-08  4.332267843024e-124   1.000000000000e+00   6.122693270445e-01   9.359166393738e+05
  2.459337854170e+06   7.634912086793e-07   7.634912086793e-07   2.466455704589e-05   2.571476834046e-08  4.332267843024e-124   1.000000000000e+00   6.122693270445e-01   9.199864019978e+05
  2.459337854170e+06   7.724618861118e-07   7.724618861118e-07   2.377706222846e-05   5.024196344330e-09 -1.677931061509e-109   1.000000000000e+00   6.122693270445e-01   2.239665615040e+07
  2.459337854170e+06   7.836891776023e-07   7.836891776023e-07   2.306961571118e-05   2.343010556275e-07  -1.077610355947e-93   1.000000000000e+00   6.122693270445e-01   9.694652124858e+03
  2.459337854170e+06   1.030497930703e-06   1.030497930703e-06   6.675314542471e-06   2.823101182284e-10   3.266001636439e-90   1.000000000000e+00   6.122693270445e-01   5.591014020902e+08
  2.459337854170e+06   1.030497930703e-06   1.030497930703e-06   6.675314542471e-06   2.823101182284e-10   3.266001636439e-90   1.000000000000e+00   6.122693270445e-01   5.591014020902e+08
  2.459337854170e+06   1.239016606051e-06   1.239016606051e-06   1.191701039629e-05   1.366987370475e-08  -5.168220365078e-73   1.000000000000e+00   6.122693270445e-01   7.599860701187e+05
  2.459337854170e+06   1.239016606051e-06   1.239016606051e-06   1.187977021743e-05   1.366987370475e-08  -5.168220365078e-73   1.000000000000e+00   6.122693270445e-01   7.552436397758e+05
  2.459337854170e+06   1.239016606051e-06   1.239016606051e-06   1.191701039629e-05   1.366987370475e-08  -5.168220365078e-73   1.000000000000e+00   6.122693270445e-01   7.599860701187e+05
  2.459337854170e+06   1.239016606051e-06   1.239016606051e-06   1.191701039629e-05   1.171703434425e-08  -5.168220365078e-73   1.000000000000e+00   6.122693270445e-01   1.034425530204e+06
  2.459337854170e+06   1.239016606051e-06   1.239016606051e-06   1.202873315259e-05   1.366987370475e-08  -5.168220365078e-73   1.000000000000e+00   6.122693270445e-01   7.743027054971e+05
  2.459337854170e+06   1.239016606051e-06   1.239016606051e-06   1.191701039629e-05   1.171703434425e-08  -5.168220365078e-73   1.000000000000e+00   6.122693270445e-01   1.034425530204e+06
  2.459337854170e+06   1.239016606051e-06   1.239016606051e-06   1.191701039629e-05   3.515110121403e-08  -5.168220365078e-73   1.000000000000e+00   6.122693270445e-01   1.149361819163e+05
  2.459337854170e+06   1.239016606051e-06   1.239016606051e-06   1.191701039629e-05   1.366987370475e-08  -5.168220365078e-73   1.000000000000e+00   6.122693270445e-01   7.599860701187e+05
  2.459337854170e+06   1.239016606051e-06   1.239016606051e-06   1.191701039629e-05   1.366987370475e-08  -5.168220365078e-73   1.000000000000e+00   6.122693270445e-01   7.599860701187e+05
  2.459337854170e+06   1.239016606051e-06   1.239016606051e-06   1.191701039629e-05   1.366987370475e-08  -5.168220365078e-73   1.000000000000e+00   6.122693270445e-01   7.599860701187e+05
  2.459337854170e+06   1.239016606051e-06   1.239016606051e-06   1.202873315259e-05   1.366987370475e-08  -5.168220365078e-73   1.000000000000e+00   6.122693270445e-01   7.743027054971e+05
  2.459337854170e+06   1.239016606051e-06   1.239016606051e-06   1.191701039629e-05   1.366987370475e-08  -5.168220365078e-73   1.000000000000e+00   6.122693270445e-01   7.599860701187e+05
  2.459337854170e+06   1.239016606051e-06   1.239016606051e-06   1.202873315259e-05   1.366987370475e-08  -5.168220365078e-73   1.000000000000e+00   6.122693270445e-01   7.743027054971e+05
  2.459337854170e+06   1.239016606051e-06   1.239016606051e-06   9.645330629393e-06   2.343406868850e-08  -5.168220365078e-73   1.000000000000e+00   6.122693270445e-01   1.694099215872e+05
  2.459337854170e+06   1.239016606051e-06   1.239016606051e-06   1.191701039629e-05   1.171703434425e-08  -5.168220365078e-73   1.000000000000e+00   6.122693270445e-01   1.034425530204e+06
  2.459337854170e+06   1.239016606051e-06   1.239016606051e-06   1.191701039629e-05   1.366987370475e-08  -5.168220365078e-73   1.000000000000e+00   6.122693270445e-01   7.599860701187e+05
  2.459337854170e+06   1.239016606051e-06   1.239016606051e-06   1.191701039629e-05   1.366987370475e-08  -5.168220365078e-73   1.000000000000e+00   6.122693270445e-01   7.599860701187e+05
  2.459337854170e+06   1.239016606051e-06   1.239016606051e-06   1.191701039629e-05   1.366987370475e-08  -5.168220365078e-73   1.000000000000e+00   6.122693270445e-01   7.599860701187e+05
  2.459337854170e+06   1.239016606051e-06   1.239016606051e-06   1.191701039629e-05   1.366987370475e-08  -5.168220365078e-73   1.000000000000e+00   6.122693270445e-01   7.599860701187e+05
  2.459337854170e+06   1.239016606051e-06   1.239016606051e-06   1.191701039629e-05   1.366987370475e-08  -5.168220365078e-73   1.000000000000e+00   6.122693270445e-01   7.599860701187e+05
  2.459337854170e+06   1.239016606051e-06   1.239016606051e-06   1.191701039629e-05   1.366987370475e-08  -5.168220365078e-73   1.000000000000e+00   6.122693270445e-01   7.599860701187e+05
  2.459337854170e+06   1.239016606051e-06   1.239016606051e-06   1.191701039629e-05   1.366987370475e-08  -5.168220365078e-73   1.000000000000e+00   6.122693270445e-01   7.599860701187e+05
  2.459337854170e+06   1.239016606051e-06   1.239016606051e-06   1.202873315259e-05   1.366987370475e-08  -5.168220365078e-73   1.000000000000e+00   6.122693270445e-01   7.743027054971e+05
  2.459337854170e+06   1.250020672977e-06   1.250020672977e-06   1.198971944348e-05   1.343025829982e-08   4.267477869063e-70   1.000000000000e+00   6.122693270445e-01   7.969834644224e+05
  2.459337854170e+06   1.250020672977e-06   1.250020672977e-06   1.180860602958e-05   1.343025829982e-08   4.267477869063e-70   1.000000000000e+00   6.122693270445e-01   7.730872951564e+05
  2.459337854170e+06   1.250020672977e-06   1.250020672977e-06   1.180860602958e-05   1.343025829982e-08   4.267477869063e-70   1.000000000000e+00   6.122693270445e-01   7.730872951564e+05
  2.459337854170e+06   1.250020672977e-06   1.250020672977e-06   1.180860602958e-05   1.343025829982e-08   4.267477869063e-70   1.000000000000e+00   6.122693270445e-01   7.730872951564e+05
  2.459337854170e+06   1.250020672977e-06   1.250020672977e-06   1.180860602958e-05   1.343025829982e-08   4.267477869063e-70   1.000000000000e+00   6.122693270445e-01   7.730872951564e+05
  2.459337854170e+06   1.250020672977e-06   1.250020672977e-06   1.180860602958e-05   1.151164971601e-08   4.267477869063e-70   1.000000000000e+00   6.122693270445e-01   1.052257753962e+06
  2.459337854170e+06   1.630015539365e-06   1.630015539365e-06   9.384983214224e-06   3.046498643040e-08  -3.690305600033e-58   1.000000000000e+00   6.122693270445e-01   9.489973994793e+04
  2.459337854170e+06   1.630015539365e-06   1.630015539365e-06   9.384983214224e-06   3.046498643040e-08  -3.690305600033e-58   1.000000000000e+00   6.122693270445e-01   9.489973994793e+04
  2.459337854170e+06   1.630015539365e-06   1.630015539365e-06   9.384983214224e-06   3.046498643040e-08  -3.690305600033e-58   1.000000000000e+00   6.122693270445e-01   9.489973994793e+04
  2.459337854170e+06   1.630015539365e-06   1.630015539365e-06   9.384983214224e-06   3.046498643040e-08  -3.690305600033e-58   1.000000000000e+00   6.122693270445e-01   9.489973994793e+04
  2.459337854170e+06   1.630015539365e-06   1.630015539365e-06   9.384983214224e-06   3.046498643040e-08  -3.690305600033e-58   1.000000000000e+00   6.122693270445e-01   9.489973994793e+04
  2.459337854170e+06   1.649477072902e-06   1.649477072902e-06   9.191049937774e-06   3.085220304473e-08   2.286358856356e-54   1.000000000000e+00   6.122693270445e-01   8.874786003404e+04
  2.459337854170e+06   1.649477072902e-06   1.649477072902e-06   9.191049937774e-06   3.085220304473e-08   2.286358856356e-54   1.000000000000e+00   6.122693270445e-01   8.874786003404e+04
  2.459337854170e+06   1.649477072902e-06   1.649477072902e-06   8.808089264311e-06   2.975033850367e-08   2.286358856356e-54   1.000000000000e+00   6.122693270445e-01   8.765558478598e+04
  2.459337854170e+06   1.649477072902e-06   1.649477072902e-06   9.051791322413e-06   4.076898186182e-08   2.286358856356e-54   1.000000000000e+00   6.122693270445e-01   4.929573371134e+04
  2.459337854170e+06   1.649477072902e-06   1.649477072902e-06   9.191049937774e-06   2.975033850367e-08   2.286358856356e-54   1.000000000000e+00   6.122693270445e-01   9.544351570974e+04
  2.459337854170e+06   1.649477072902e-06   1.649477072902e-06   9.191049937774e-06   3.085220304473e-08   2.286358856356e-54   1.000000000000e+00   6.122693270445e-01   8.874786003404e+04
  2.459337854170e+06   1.649477072902e-06   1.649477072902e-06   9.191049937774e-06   3.085220304473e-08   2.286358856356e-54   1.000000000000e+00   6.122693270445e-01   8.874786003404e+04
  2.459337854170e+06   1.649477072902e-06   1.649477072902e-06   9.191049937774e-06   3.085220304473e-08   2.286358856356e-54   1.000000000000e+00   6.122693270445e-01   8.874786003404e+04
  2.459337854170e+06   1.649477072902e-06   1.649477072902e-06   9.191049937774e-06   3.195406553340e-08   2.286358856356e-54   1.000000000000e+00   6.122693270445e-01   8.273285441877e+04
  2.459337854170e+06   1.649477072902e-06   1.649477072902e-06   9.191049937774e-06   3.085220304473e-08   2.286358856356e-54   1.000000000000e+00   6.122693270445e-01   8.874786003404e+04
  2.459337854170e+06   1.649477072902e-06   1.649477072902e-06   9.191049937774e-06   3.085220304473e-08   2.286358856356e-54   1.000000000000e+00   6.122693270445e-01   8.874786003404e+04
  2.459337854170e+06   1.649477072902e-06   1.649477072902e-06   9.191049937774e-06   3.085220304473e-08   2.286358856356e-54   1.000000000000e+00   6.122693270445e-01   8.874786003404e+04
  2.459337854170e+06   1.649477072902e-06   1.649477072902e-06   9.191049937774e-06   3.085220304473e-08   2.286358856356e-54   1.000000000000e+00   6.122693270445e-01   8.874786003404e+04
  2.459337854170e+06   1.649477072902e-06   1.649477072902e-06   9.191049937774e-06   3.085220304473e-08   2.286358856356e-54   1.000000000000e+00   6.122693270445e-01   8.874786003404e+04
  2.459337854170e+06   1.649477072902e-06   1.649477072902e-06   8.964754947202e-06   2.975033850367e-08   2.286358856356e-54   1.000000000000e+00   6.122693270445e-01   9.080149980688e+04
  2.459337854170e+06   1.649477072902e-06   1.649477072902e-06   9.191049937774e-06   3.195406553340e-08   2.286358856356e-54   1.000000000000e+00   6.122693270445e-01   8.273285441877e+04
  2.459337854170e+06   1.649477072902e-06   1.649477072902e-06   4.926263402201e-06   1.432423698131e-08   2.286358856356e-54   1.000000000000e+00   6.122693270445e-01   1.182748113449e+05
  2.459337854170e+06   1.649477072902e-06   1.649477072902e-06   8.964754947202e-06   2.975033850367e-08   2.286358856356e-54   1.000000000000e+00   6.122693270445e-01   9.080149980688e+04
  2.459337854170e+06   1.649477072902e-06   1.649477072902e-06   8.964754947202e-06   2.975033850367e-08   2.286358856356e-54   1.000000000000e+00   6.122693270445e-01   9.080149980688e+04
  2.459337854170e+06   1.649477072902e-06   1.649477072902e-06   9.191049937774e-06   3.085220304473e-08   2.286358856356e-54   1.000000000000e+00   6.122693270445e-01   8.874786003404e+04
  2.459337854170e+06   1.649477072902e-06   1.649477072902e-06   9.191049937774e-06   3.085220304473e-08   2.286358856356e-54   1.000000000000e+00   6.122693270445e-01   8.874786003404e+04
  2.459337854170e+06   1.649477072902e-06   1.649477072902e-06   8.964754947202e-06   2.975033850367e-08   2.286358856356e-54   1.000000000000e+00   6.122693270445e-01   9.080149980688e+04
  2.459337854170e+06   1.649477072902e-06   1.649477072902e-06   9.191049937774e-06   3.085220304473e-08   2.286358856356e-54   1.000000000000e+00   6.122693270445e-01   8.874786003404e+04
  2.459337854170e+06   2.163785333815e-06   2.163785333815e-06   5.404571145482e-06   8.324069902012e-09  -1.370523863207e-39   1.000000000000e+00   6.122693270445e-01   4.215518886077e+05
  2.459337854170e+06   2.163785333815e-06   2.163785333815e-06   5.404571145482e-06   7.043443579752e-09  -1.370523863207e-39   1.000000000000e+00   6.122693270445e-01   5.887791147650e+05
  2.459337854170e+06   2.163785333815e-06   2.163785333815e-06   5.333691381923e-06   8.324069902012e-09  -1.370523863207e-39   1.000000000000e+00   6.122693270445e-01   4.105672735974e+05
  2.459337854170e+06   2.163785333815e-06   2.163785333815e-06   5.404571145482e-06   8.324069902012e-09  -1.370523863207e-39   1.000000000000e+00   6.122693270445e-01   4.215518886077e+05
  2.459337854170e+06   2.163785333815e-06   2.163785333815e-06   5.404571145482e-06   8.324069902012e-09  -1.370523863207e-39   1.000000000000e+00   6.122693270445e-01   4.215518886077e+05
  2.459337854170e+06   2.163785333815e-06   2.163785333815e-06   5.404571145482e-06   8.324069902012e-09  -1.370523863207e-39   1.000000000000e+00   6.122693270445e-01   4.215518886077e+05
  2.459337854170e+06   2.163785333815e-06   2.163785333815e-06   5.333691381923e-06   8.324069902012e-09  -1.370523863207e-39   1.000000000000e+00   6.122693270445e-01   4.105672735974e+05
  2.459337854170e+06   2.163785333815e-06   2.163785333815e-06   5.404571145482e-06   8.324069902012e-09  -1.370523863207e-39   1.000000000000e+00   6.122693270445e-01   4.215518886077e+05
  2.459337854170e+06   2.163785333815e-06   2.163785333815e-06   5.404571145482e-06   7.043443579752e-09  -1.370523863207e-39   1.000000000000e+00   6.122693270445e-01   5.887791147650e+05
  2.459337854170e+06   2.163785333815e-06   2.163785333815e-06   5.404571145482e-06   8.324069902012e-09  -1.370523863207e-39   1.000000000000e+00   6.122693270445e-01   4.215518886077e+05
  2.459337854170e+06   2.163785333815e-06   2.163785333815e-06   5.404571145482e-06   7.043443579752e-09  -1.370523863207e-39   1.000000000000e+00   6.122693270445e-01   5.887791147650e+05
  2.459337854170e+06   2.163785333815e-06   2.163785333815e-06   4.314796761108e-06   1.408688715950e-08  -1.370523863207e-39   1.000000000000e+00   6.122693270445e-01   9.381896046589e+04
  2.459337854170e+06   2.163785333815e-06   2.163785333815e-06   5.404571145482e-06   8.324069902012e-09  -1.370523863207e-39   1.000000000000e+00   6.122693270445e-01   4.215518886077e+05
  2.459337854170e+06   2.163785333815e-06   2.163785333815e-06   5.333691381923e-06   8.324069902012e-09  -1.370523863207e-39   1.000000000000e+00   6.122693270445e-01   4.105672735974e+05
  2.459337854170e+06   2.163785333815e-06   2.163785333815e-06   5.404571145482e-06   8.324069902012e-09  -1.370523863207e-39   1.000000000000e+00   6.122693270445e-01   4.215518886077e+05
  2.459337854170e+06   2.163785333815e-06   2.163785333815e-06   5.245091941521e-06   8.324069902012e-09  -1.370523863207e-39   1.000000000000e+00   6.122693270445e-01   3.970404675295e+05
  2.459337854170e+06   2.163785333815e-06   2.163785333815e-06   5.404571145482e-06   8.324069902012e-09  -1.370523863207e-39   1.000000000000e+00   6.122693270445e-01   4.215518886077e+05
  2.459337854170e+06   2.163785333815e-06   2.163785333815e-06   5.333691381923e-06   8.324069902012e-09  -1.370523863207e-39   1.000000000000e+00   6.122693270445e-01   4.105672735974e+05
  2.459337854170e+06   2.163785333815e-06   2.163785333815e-06   5.404571145482e-06   8.324069902012e-09  -1.370523863207e-39   1.000000000000e+00   6.122693270445e-01   4.215518886077e+05
  2.459337854170e+06   2.163785333815e-06   2.163785333815e-06   5.404571145482e-06   8.324069902012e-09  -1.370523863207e-39   1.000000000000e+00   6.122693270445e-01   4.215518886077e+05
  2.459337854170e+06   2.163785333815e-06   2.163785333815e-06   5.404571145482e-06   8.324069902012e-09  -1.370523863207e-39   1.000000000000e+00   6.122693270445e-01   4.215518886077e+05
  2.459337854170e+06   2.190024530645e-06   2.190024530645e-06   5.076937544602e-06   8.125799559846e-09   1.217690424586e-37   1.000000000000e+00   6.122693270445e-01   3.903655024517e+05
  2.459337854170e+06   2.190024530645e-06   2.190024530645e-06   5.076937544602e-06   8.125799559846e-09   1.217690424586e-37   1.000000000000e+00   6.122693270445e-01   3.903655024517e+05
  2.459337854170e+06   2.190024530645e-06   2.190024530645e-06   5.076937544602e-06   6.250614777358e-09   1.217690424586e-37   1.000000000000e+00   6.122693270445e-01   6.597177558581e+05
  2.459337854170e+06   2.190024530645e-06   2.190024530645e-06   5.076937544602e-06   8.125799559846e-09   1.217690424586e-37   1.000000000000e+00   6.122693270445e-01   3.903655024517e+05
  2.459337854170e+06   3.350010705107e-06   3.350010705107e-06   2.019838245997e-06   8.281137580939e-09   5.824169034862e-33   1.000000000000e+00   6.122693270445e-01   5.949126214092e+04
  2.459337854170e+06   3.350010705107e-06   3.350010705107e-06   2.284735003671e-06   3.205601724489e-09   5.824169034862e-33   1.000000000000e+00   6.122693270445e-01   5.079869373406e+05
  2.459337854170e+06   3.350010705107e-06   3.350010705107e-06   2.019838245997e-06   8.281137580939e-09   5.824169034862e-33   1.000000000000e+00   6.122693270445e-01   5.949126214092e+04
  2.459337854170e+06   3.350010705107e-06   3.350010705107e-06   2.019838245997e-06   8.281137580939e-09   5.824169034862e-33   1.000000000000e+00   6.122693270445e-01   5.949126214092e+04
  2.459337854170e+06   3.350010705107e-06   3.350010705107e-06   2.019838245997e-06   8.281137580939e-09   5.824169034862e-33   1.000000000000e+00   6.122693270445e-01   5.949126214092e+04
  2.459337854170e+06   3.350010705107e-06   3.350010705107e-06   2.019838245997e-06   8.281137580939e-09   5.824169034862e-33   1.000000000000e+00   6.122693270445e-01   5.949126214092e+04
  2.459337854170e+06   3.350010705107e-06   3.350010705107e-06   1.943680405963e-06   4.541269317015e-09   5.824169034862e-33   1.000000000000e+00   6.122693270445e-01   1.831872304697e+05
  2.459337854170e+06   3.350010705107e-06   3.350010705107e-06   1.943680405963e-06   4.541269317015e-09   5.824169034862e-33   1.000000000000e+00   6.122693270445e-01   1.831872304697e+05
  2.459337854170e+06   3.350010705107e-06   3.350010705107e-06   2.019838245997e-06   8.281137580939e-09   5.824169034862e-33   1.000000000000e+00   6.122693270445e-01   5.949126214092e+04
  2.459337854170e+06   3.350010705107e-06   3.350010705107e-06   1.990037343490e-06   8.014004062434e-09   5.824169034862e-33   1.000000000000e+00   6.122693270445e-01   6.166281339592e+04
  2.459337854170e+06   3.350010705107e-06   3.350010705107e-06   2.019838245997e-06   8.281137580939e-09   5.824169034862e-33   1.000000000000e+00   6.122693270445e-01   5.949126214092e+04
  2.459337854170e+06   3.549982332532e-06   3.549982332532e-06   2.091977163389e-06   3.092514046029e-09   9.933137279764e-30   1.000000000000e+00   6.122693270445e-01   4.576047427736e+05
  2.459337854170e+06   3.549982332532e-06   3.549982332532e-06   1.796434689940e-06   1.118062709136e-08   9.933137279764e-30   1.000000000000e+00   6.122693270445e-01   2.581609440190e+04
  2.459337854170e+06   3.549982332532e-06   3.549982332532e-06   1.796434689940e-06   8.325999218356e-09   9.933137279764e-30   1.000000000000e+00   6.122693270445e-01   4.655326379006e+04
  2.459337854170e+06   3.549982332532e-06   3.549982332532e-06   1.796434689940e-06   8.325999218356e-09   9.933137279764e-30   1.000000000000e+00   6.122693270445e-01   4.655326379006e+04
  2.459337854170e+06   3.549982332532e-06   3.549982332532e-06   1.796434689940e-06   8.325999218356e-09   9.933137279764e-30   1.000000000000e+00   6.122693270445e-01   4.655326379006e+04
  2.459337854170e+06   3.549982332532e-06   3.549982332532e-06   1.796434689940e-06   8.325999218356e-09   9.933137279764e-30   1.000000000000e+00   6.122693270445e-01   4.655326379006e+04
  2.459337854170e+06   3.549982332532e-06   3.549982332532e-06   1.796434689940e-06   8.325999218356e-09   9.933137279764e-30   1.000000000000e+00   6.122693270445e-01   4.655326379006e+04
  2.459337854170e+06   4.493022870332e-06   4.493022870332e-06   9.111327886323e-07   4.455174195698e-09   1.359316163659e-25   1.000000000000e+00   6.122693270445e-01   4.182480959479e+04
  2.459337854170e+06   4.493022870332e-06   4.493022870332e-06   9.111327886323e-07   4.455174195698e-09   1.359316163659e-25   1.000000000000e+00   6.122693270445e-01   4.182480959479e+04
  2.459337854170e+06   4.493022870332e-06   4.493022870332e-06   9.111327886323e-07   4.455174195698e-09   1.359316163659e-25   1.000000000000e+00   6.122693270445e-01   4.182480959479e+04
  2.459337854170e+06   4.493022870332e-06   4.493022870332e-06   9.111327886323e-07   4.455174195698e-09   1.359316163659e-25   1.000000000000e+00   6.122693270445e-01   4.182480959479e+04
  2.459337854170e+06   4.493022870332e-06   4.493022870332e-06   9.111327886323e-07   4.455174195698e-09   1.359316163659e-25   1.000000000000e+00   6.122693270445e-01   4.182480959479e+04
  2.459337854170e+06   4.493022870332e-06   4.493022870332e-06   9.128200497841e-07   1.485058065233e-09   1.359316163659e-25   1.000000000000e+00   6.122693270445e-01   3.778187195241e+05
  2.459337854170e+06   4.493022870332e-06   4.493022870332e-06   9.111327886323e-07   6.385750040098e-09   1.359316163659e-25   1.000000000000e+00   6.122693270445e-01   2.035820681224e+04
  2.459337854170e+06   4.600019302768e-06   4.600019302768e-06   9.487583654615e-07   1.983487390181e-09   4.811863112192e-25   1.000000000000e+00   6.122693270445e-01   2.287980658169e+05
  2.459337854170e+06   4.600019302768e-06   4.600019302768e-06   8.207640078322e-07   1.416776631874e-09   4.811863112192e-25   1.000000000000e+00   6.122693270445e-01   3.356091840249e+05
  2.459337854170e+06   4.600019302768e-06   4.600019302768e-06   9.487583654615e-07   1.983487390181e-09   4.811863112192e-25   1.000000000000e+00   6.122693270445e-01   2.287980658169e+05
  2.459337854170e+06   4.600019302768e-06   4.600019302768e-06   8.207640078322e-07   1.416776631874e-09   4.811863112192e-25   1.000000000000e+00   6.122693270445e-01   3.356091840249e+05
  2.459337854170e+06   4.600019302768e-06   4.600019302768e-06   9.487583654615e-07   1.983487390181e-09   4.811863112192e-25   1.000000000000e+00   6.122693270445e-01   2.287980658169e+05
  2.459337854170e+06   4.600019302768e-06   4.600019302768e-06   9.471584562559e-07   1.416776730834e-10   4.811863112192e-25   1.000000000000e+00   6.122693270445e-01   4.469330294329e+07
  2.459337854170e+06   4.600019302768e-06   4.600019302768e-06   9.487583654615e-07   1.983487390181e-09   4.811863112192e-25   1.000000000000e+00   6.122693270445e-01   2.287980658169e+05
  2.459337854170e+06   4.600019302768e-06   4.600019302768e-06   9.231595320810e-07   8.500660055137e-10   4.811863112192e-25   1.000000000000e+00   6.122693270445e-01   1.179364956029e+06
  2.459337854170e+06   4.600019302768e-06   4.600019302768e-06   9.487583654615e-07   1.983487390181e-09   4.811863112192e-25   1.000000000000e+00   6.122693270445e-01   2.287980658169e+05
  2.459337854170e+06   4.600019302768e-06   4.600019302768e-06   9.327590826783e-07   1.841809700604e-09   4.811863112192e-25   1.000000000000e+00   6.122693270445e-01   2.564776119016e+05
  2.459337854170e+06   4.600019302768e-06   4.600019302768e-06   9.487583654615e-07   1.983487390181e-09   4.811863112192e-25   1.000000000000e+00   6.122693270445e-01   2.287980658169e+05
  2.459337854170e+06   4.600019302768e-06   4.600019302768e-06   9.487583654615e-07   1.983487390181e-09   4.811863112192e-25   1.000000000000e+00   6.122693270445e-01   2.287980658169e+05
  2.459337854170e+06   5.730964003747e-06   5.730964003747e-06   4.666703626375e-07   8.215005004836e-10   8.076582022643e-21   1.000000000000e+00   6.122693270445e-01   3.227043178161e+05
  2.459337854170e+06   5.730964003747e-06   5.730964003747e-06   4.824562552044e-07   2.190668114635e-09   8.076582022643e-21   1.000000000000e+00   6.122693270445e-01   4.850234192163e+04
  2.459337854170e+06   5.730964003747e-06   5.730964003747e-06   4.824562552044e-07   2.190668114635e-09   8.076582022643e-21   1.000000000000e+00   6.122693270445e-01   4.850234192163e+04
  2.459337854170e+06   5.730964003747e-06   5.730964003747e-06   4.824562552044e-07   2.190668114635e-09   8.076582022643e-21   1.000000000000e+00   6.122693270445e-01   4.850234192163e+04
  2.459337854170e+06   5.730964003747e-06   5.730964003747e-06   4.824562552044e-07   2.190668114635e-09   8.076582022643e-21   1.000000000000e+00   6.122693270445e-01   4.850234192163e+04
  2.459337854170e+06   5.730964003747e-06   5.730964003747e-06   4.824562552044e-07   2.190668114635e-09   8.076582022643e-21   1.000000000000e+00   6.122693270445e-01   4.850234192163e+04
  2.459337854170e+06   5.730964003747e-06   5.730964003747e-06   4.834428900293e-07   3.559835728786e-09   8.076582022643e-21   1.000000000000e+00   6.122693270445e-01   1.844295216061e+04
  2.459337854170e+06   5.730964003747e-06   5.730964003747e-06   6.639939756190e-07   3.103446637415e-09   8.076582022643e-21   1.000000000000e+00   6.122693270445e-01   4.577619743486e+04
  2.459337854170e+06   7.872080928498e-06   7.872080928498e-06   3.348937816670e-07   2.225355683353e-09   1.452775166116e-16   1.000000000000e+00   6.122693270445e-01   2.264724074027e+04
  2.459337854170e+06   7.872080928498e-06   7.872080928498e-06   3.069026631746e-07   5.321502681884e-10   1.452775166116e-16   1.000000000000e+00   6.122693270445e-01   3.326080399908e+05
  2.459337854170e+06   7.872080928498e-06   7.872080928498e-06   3.363932867194e-07   1.644828199975e-09   1.452775166116e-16   1.000000000000e+00   6.122693270445e-01   4.182669538883e+04
  2.459337854170e+06   7.872080928498e-06   7.872080928498e-06   3.363932867194e-07   1.644828199975e-09   1.452775166116e-16   1.000000000000e+00   6.122693270445e-01   4.182669538883e+04
  2.459337854170e+06   7.872080928498e-06   7.872080928498e-06   3.363932867194e-07   1.644828199975e-09   1.452775166116e-16   1.000000000000e+00   6.122693270445e-01   4.182669538883e+04
  2.459337854170e+06   7.872080928498e-06   7.872080928498e-06   3.363932867194e-07   1.644828199975e-09   1.452775166116e-16   1.000000000000e+00   6.122693270445e-01   4.182669538883e+04
  2.459337854170e+06   1.155982332074e-05   1.155982332074e-05   1.672789067759e-07   2.243459843699e-10   6.819710304720e-13   1.000000000000e+00   6.122693270445e-01   5.559583037909e+05
  2.459337854170e+06   1.155982332074e-05   1.155982332074e-05   1.672789067759e-07   2.243459843699e-10   6.819710304720e-13   1.000000000000e+00   6.122693270445e-01   5.559583037909e+05
  2.459337854170e+06   1.155982332074e-05   1.155982332074e-05   1.677371992383e-07   2.243459843699e-10   6.819710304720e-13   1.000000000000e+00   6.122693270445e-01   5.590087967845e+05
  2.459337854170e+06   1.155982332074e-05   1.155982332074e-05   1.782780624558e-07   2.467805869857e-10   6.819710304720e-13   1.000000000000e+00   6.122693270445e-01   5.218798183351e+05
  2.459337854170e+06   1.155982332074e-05   1.155982332074e-05   1.672789067759e-07   2.243459843699e-10   6.819710304720e-13   1.000000000000e+00   6.122693270445e-01   5.559583037909e+05
  2.459337854170e+06   1.155982332074e-05   1.155982332074e-05   1.672789067759e-07   2.243459843699e-10   6.819710304720e-13   1.000000000000e+00   6.122693270445e-01   5.559583037909e+05
  2.459337854170e+06   1.155982332074e-05   1.155982332074e-05   1.672789067759e-07   2.243459843699e-10   6.819710304720e-13   1.000000000000e+00   6.122693270445e-01   5.559583037909e+05
  2.459337854170e+06   1.155982332074e-05   1.155982332074e-05   1.672789067759e-07   2.243459843699e-10   6.819710304720e-13   1.000000000000e+00   6.122693270445e-01   5.559583037909e+05
  2.459337854170e+06   1.155982332074e-05   1.155982332074e-05   1.672789067759e-07   2.243459843699e-10   6.819710304720e-13   1.000000000000e+00   6.122693270445e-01   5.559583037909e+05
  2.459337854170e+06   1.155982332074e-05   1.155982332074e-05   1.672789067759e-07   2.243459843699e-10   6.819710304720e-13   1.000000000000e+00   6.122693270445e-01   5.559583037909e+05
  2.459337854170e+06   1.838991890566e-05   1.838991890566e-05   1.321946690153e-07   3.545855687402e-10   1.429845396058e-10   1.000000000000e+00   6.122693270445e-01   1.386902012800e+05
  2.459337854170e+06   2.209066818952e-05   2.209066818952e-05   1.311442537962e-07   1.228663576876e-10   3.012545106391e-10   1.000000000000e+00   6.122693270445e-01   1.134057339321e+06
  2.459337854170e+06   2.209066818952e-05   2.209066818952e-05   1.311442537962e-07   1.228663576876e-10   3.012545106391e-10   1.000000000000e+00   6.122693270445e-01   1.134057339321e+06
  2.459337854170e+06   2.209066818952e-05   2.209066818952e-05   1.286343182151e-07   1.228663576876e-10   3.012545106391e-10   1.000000000000e+00   6.122693270445e-01   1.090965850868e+06
  2.459337854170e+06   2.209066818952e-05   2.209066818952e-05   1.311442537962e-07   1.228663576876e-10   3.012545106391e-10   1.000000000000e+00   6.122693270445e-01   1.134057339321e+06
  2.459337854170e+06   2.209066818952e-05   2.209066818952e-05   1.317717376915e-07   1.842995365315e-10   3.012545106391e-10   1.000000000000e+00   6.122693270445e-01   5.088713870784e+05
  2.459337854170e+06   2.209066818952e-05   2.209066818952e-05   1.311442537962e-07   1.228663576876e-10   3.012545106391e-10   1.000000000000e+00   6.122693270445e-01   1.134057339321e+06
  2.459337854170e+06   2.209066818952e-05   2.209066818952e-05   1.311442537962e-07   1.228663576876e-10   3.012545106391e-10   1.000000000000e+00   6.122693270445e-01   1.134057339321e+06
  2.459337854170e+06   2.209066818952e-05   2.209066818952e-05   1.311442537962e-07   1.228663576876e-10   3.012545106391e-10   1.000000000000e+00   6.122693270445e-01   1.134057339321e+06
  2.459337854170e+06   2.209066818952e-05   2.209066818952e-05   1.311442537962e-07   1.228663576876e-10   3.012545106391e-10   1.000000000000e+00   6.122693270445e-01   1.134057339321e+06
  2.459337854170e+06   2.209066818952e-05   2.209066818952e-05   1.311442537962e-07   1.228663576876e-10   3.012545106391e-10   1.000000000000e+00   6.122693270445e-01   1.134057339321e+06
  2.459337854170e+06   2.367467882808e-05   2.367467882808e-05   8.468065247042e-08   1.604625744946e-10   4.150866745921e-10   1.000000000000e+00   6.122693270445e-01   2.757736521752e+05
  2.459337854170e+06   2.367467882808e-05   2.367467882808e-05   9.232923349876e-08   8.558003973048e-10   4.150866745921e-10   1.000000000000e+00   6.122693270445e-01   1.153505721631e+04
  2.459337854170e+06   2.367467882808e-05   2.367467882808e-05   9.287555978468e-08   9.627755067449e-10   4.150866745921e-10   1.000000000000e+00   6.122693270445e-01   9.222786524163e+03
  2.459337854170e+06   2.367467882808e-05   2.367467882808e-05   9.232923349876e-08   8.558003973048e-10   4.150866745921e-10   1.000000000000e+00   6.122693270445e-01   1.153505721631e+04
  2.459337854170e+06   2.367467882808e-05   2.367467882808e-05   9.232923349876e-08   8.558003973048e-10   4.150866745921e-10   1.000000000000e+00   6.122693270445e-01   1.153505721631e+04
  2.459337854170e+06   2.367467882808e-05   2.367467882808e-05   9.232923349876e-08   8.558003973048e-10   4.150866745921e-10   1.000000000000e+00   6.122693270445e-01   1.153505721631e+04
  2.459337854170e+06   6.999917297095e-05   6.999917297095e-05   2.687220846339e-08   5.506522054896e-10   8.612122009913e-09   1.000000000000e+00   6.122693270445e-01   1.099640920669e+03
  2.459337854170e+06   7.141996807700e-05   7.141996807700e-05   1.536814165853e-08   1.469336977116e-10   8.275564293786e-09   1.000000000000e+00   6.122693270445e-01   2.330050572045e+03
  2.459337854170e+06   7.141996807700e-05   7.141996807700e-05   1.560826864831e-08   1.645657421377e-10   8.275564293786e-09   1.000000000000e+00   6.122693270445e-01   1.985406708508e+03
  2.459337854170e+06   7.141996807700e-05   7.141996807700e-05   1.536814165853e-08   1.469336977116e-10   8.275564293786e-09   1.000000000000e+00   6.122693270445e-01   2.330050572045e+03
  2.459337854170e+06   7.141996807700e-05   7.141996807700e-05   1.536814165853e-08   1.469336977116e-10   8.275564293786e-09   1.000000000000e+00   6.122693270445e-01   2.330050572045e+03
  2.459337854170e+06   7.141996807700e-05   7.141996807700e-05   1.536814165853e-08   1.469336977116e-10   8.275564293786e-09   1.000000000000e+00   6.122693270445e-01   2.330050572045e+03
  2.459337854170e+06   1.600002444361e-04   1.600002444361e-04   3.109945244777e-09   5.855303554701e-11   1.068218024495e-09   1.000000000000e+00   6.122693270445e-01   1.215896498182e+03
  2.459337854170e+06   2.499937108072e-04   2.499937108072e-04   7.349432335505e-10   1.439076259694e-11   3.366779490524e-10   1.000000000000e+00   6.122693270445e-01   7.659092005542e+02
  2.459337854170e+06   3.629976001356e-04   3.629976001356e-04   2.091489522191e-10   4.550333181255e-12   1.112439998456e-10   1.000000000000e+00   6.122693270445e-01   4.629381013376e+02
  2.459337854170e+06   5.169994274579e-04   5.169994274579e-04   5.498975773123e-11   1.121606674677e-12   3.274679400172e-11   1.000000000000e+00   6.122693270445e-01   3.932820609674e+02
  2.459337854170e+06   8.492704192635e-04   8.492704192635e-04   7.684352326478e-12   2.493905321991e-14   5.015829218164e-12   1.000000000000e+00   6.122693270445e-01   1.144938111426e+04
  2.459337854170e+06   1.299997649712e-03   1.299997649712e-03   1.538307844868e-12   8.869631841432e-16   9.676345743664e-13   1.000000000000e+00   6.122693270445e-01   4.139652397651e+05
  2.459337854170e+06   1.299997649712e-03   1.299997649712e-03   1.902500826711e-12   1.951318901859e-14   9.676345743664e-13   1.000000000000e+00   6.122693270445e-01   2.295315884053e+03
  2.459337854170e+06   1.332410924444e-03   1.332410924444e-03   1.464374034007e-12   8.443341560740e-16   8.791489884468e-13   1.000000000000e+00   6.122693270445e-01   4.804155893765e+05
  2.459337854170e+06   3.294400000000e-03   3.294400000000e-03   2.900396307000e-14   1.381141098000e-15   2.502150000000e-14   1.000000000000e+00   6.122693270445e-01   8.314333051800e+00
