#               ucoord              vcoord                 hjd            eff_wave            vis2data             vis2err             vis2syn                chi2
 -1.153562490000e+02  -5.955262140000e+01   2.458656656316e+06   1.998011280000e-06   6.886088590000e-01   6.772333290000e-02   7.901235818863e-01   2.246887978541e+00
 -1.160201300000e+02  -5.707632760000e+01   2.458656664511e+06   1.996186000000e-06   7.559681330000e-01   4.101078270000e-02   7.908957004547e-01   7.253382233225e-01
 -1.160201330000e+02  -5.707631510000e+01   2.458656664511e+06   2.010080420000e-06   7.527067500000e-01   5.851449090000e-02   7.711911797523e-01   9.978959325477e-02
 -1.164291730000e+02  -5.233349380000e+01   2.458656680128e+06   2.007273310000e-06   7.701455060000e-01   6.137964620000e-02   7.748193740845e-01   5.798346169663e-03
 -1.162261650000e+02  -5.005727720000e+01   2.458656687623e+06   2.005407160000e-06   7.528755900000e-01   4.001351880000e-02   7.773633003235e-01   3.745267726478e-01
 -1.146892090000e+02  -4.464693590000e+01   2.458656705562e+06   1.992245870000e-06   6.304348410000e-01   4.004945510000e-02   8.052443265915e-01   1.905183301943e+01
 -1.153562490000e+02  -5.955262120000e+01   2.458656656316e+06   2.012458360000e-06   7.069078460000e-01   5.770014930000e-02   7.704454660416e-01   1.212573332100e+00
 -1.153562490000e+02  -5.955262120000e+01   2.458656656316e+06   2.030160830000e-06   7.103460300000e-01   3.549875890000e-02   7.738426327705e-01   3.199444941465e+00
 -1.160201330000e+02  -5.707631510000e+01   2.458656664511e+06   2.035577250000e-06   7.796986370000e-01   2.779153540000e-02   7.760547995567e-01   1.719067408320e-02
 -1.164291680000e+02  -5.233333590000e+01   2.458656680128e+06   2.038483630000e-06   7.917691960000e-01   2.456814400000e-02   7.806844711304e-01   2.035659509300e-01
 -1.162831900000e+02  -5.069658280000e+01   2.458656685518e+06   2.039045250000e-06   7.773069410000e-01   5.290584310000e-02   7.828406095505e-01   1.094004242374e-02
 -1.162262150000e+02  -5.005759760000e+01   2.458656687622e+06   2.050034020000e-06   7.682587570000e-01   9.903219730000e-02   7.856138348579e-01   3.071144864035e-02
 -1.146891910000e+02  -4.464689390000e+01   2.458656705563e+06   2.012198480000e-06   6.614531940000e-01   7.467042030000e-02   7.879639267921e-01   2.870499998071e+00
 -1.135593080000e+02  -4.231739040000e+01   2.458656713386e+06   1.999845370000e-06   7.195948570000e-01   5.921014640000e-02   8.112189769745e-01   2.394569039317e+00
 -1.105319470000e+02  -6.816999300000e+01   2.458656627197e+06   1.990660620000e-06   7.388970750000e-01   2.066531300000e-02   7.894676923752e-01   5.988423915532e+00
 -1.153562490000e+02  -5.955262130000e+01   2.458656656316e+06   2.060046350000e-06   7.010336870000e-01   6.793488640000e-02   7.794205546379e-01   1.331376581218e+00
 -1.160201310000e+02  -5.707632250000e+01   2.458656664511e+06   2.064557670000e-06   7.683611380000e-01   5.422832880000e-02   7.814093232155e-01   5.789589664102e-02
 -1.160201330000e+02  -5.707631510000e+01   2.458656664511e+06   2.083004020000e-06   7.865858530000e-01   2.503268840000e-02   7.847245335579e-01   5.528748577085e-03
 -1.164291680000e+02  -5.233333590000e+01   2.458656680128e+06   2.079240830000e-06   7.948514050000e-01   4.252454260000e-02   7.880262732506e-01   2.575981718213e-02
 -1.162261730000e+02  -5.005732720000e+01   2.458656687623e+06   2.075392950000e-06   7.809007780000e-01   4.283711720000e-02   7.901127934456e-01   4.624543212095e-02
 -1.146891910000e+02  -4.464689450000e+01   2.458656705563e+06   2.048243840000e-06   6.811405360000e-01   5.898966680000e-02   7.943764328957e-01   3.684820717918e+00
 -1.135593210000e+02  -4.231741330000e+01   2.458656713386e+06   2.028047100000e-06   7.587822120000e-01   4.208990490000e-02   7.958812713623e-01   7.769085620340e-01
 -1.105319480000e+02  -6.816999190000e+01   2.458656627197e+06   2.009710920000e-06   7.532303660000e-01   4.548119460000e-02   7.706123590469e-01   1.460613859310e-01
 -1.153562490000e+02  -5.955262120000e+01   2.458656656316e+06   2.083928760000e-06   7.113878270000e-01   2.296750120000e-02   7.837406396866e-01   9.923921999774e+00
 -1.153562490000e+02  -5.955262120000e+01   2.458656656316e+06   2.103084440000e-06   7.234502100000e-01   2.218639170000e-02   7.660194635391e-01   3.681448396261e+00
 -1.160201330000e+02  -5.707631510000e+01   2.458656664511e+06   2.109689830000e-06   7.944132550000e-01   2.235833150000e-02   7.685104012489e-01   1.342197560038e+00
 -1.164291680000e+02  -5.233333590000e+01   2.458656680128e+06   2.116955770000e-06   7.986504670000e-01   7.975703900000e-02   7.741117477417e-01   9.465983417792e-02
 -1.162276960000e+02  -5.007420880000e+01   2.458656687567e+06   2.112374420000e-06   7.876829090000e-01   1.971226180000e-02   7.761977314949e-01   3.394708646034e-01
 -1.162262150000e+02  -5.005759760000e+01   2.458656687622e+06   2.131355590000e-06   7.871480680000e-01   1.582088270000e-02   7.796440720558e-01   2.249695606222e-01
 -1.146892090000e+02  -4.464693590000e+01   2.458656705562e+06   2.071578480000e-06   7.030324390000e-01   4.641667390000e-02   7.983826994896e-01   4.219837566678e+00
 -1.142450860000e+02  -4.373127520000e+01   2.458656708638e+06   2.076620560000e-06   7.368879120000e-01   4.814415410000e-02   8.011728525162e-01   1.782918009148e+00
 -1.135593210000e+02  -4.231741330000e+01   2.458656713386e+06   2.074020670000e-06   7.685523650000e-01   9.659957050000e-02   8.036971688271e-01   1.323646013692e-01
 -1.083069610000e+02  -7.071636270000e+01   2.458656618297e+06   1.990924830000e-06   7.442464630000e-01   1.318621450000e-02   7.909964323044e-01   1.256962692871e+01
 -1.083069610000e+02  -7.071636280000e+01   2.458656618297e+06   2.008124830000e-06   7.377581280000e-01   4.523467550000e-02   7.719072699547e-01   5.699235900061e-01
 -1.105319470000e+02  -6.816999300000e+01   2.458656627197e+06   2.031614030000e-06   7.689170960000e-01   2.545247540000e-02   7.748085260391e-01   5.357737069648e-02
 -1.105319480000e+02  -6.816999170000e+01   2.458656627197e+06   2.050571110000e-06   7.655530360000e-01   5.074480770000e-02   7.783544659615e-01   6.364052399141e-02
 -1.153562490000e+02  -5.955262130000e+01   2.458656656316e+06   2.136491170000e-06   7.327141800000e-01   2.592053330000e-02   7.722492814064e-01   2.326364965615e+00
 -1.160201310000e+02  -5.707632160000e+01   2.458656664511e+06   2.141538360000e-06   7.829828900000e-01   9.901763150000e-02   7.743847966194e-01   7.540137183895e-03
 -1.160201330000e+02  -5.707631510000e+01   2.458656664511e+06   2.161211940000e-06   8.074671570000e-01   2.921324280000e-02   7.779096364975e-01   1.023708861018e+00
 -1.164291720000e+02  -5.233347290000e+01   2.458656680128e+06   2.156281560000e-06   8.210189650000e-01   2.639733850000e-02   7.811668515205e-01   2.279199985978e+00
 -1.162261750000e+02  -5.005734510000e+01   2.458656687623e+06   2.152582530000e-06   7.917241170000e-01   7.385074470000e-02   7.833884954453e-01   1.273990589294e-02
 -1.146892090000e+02  -4.464693590000e+01   2.458656705562e+06   2.123811910000e-06   7.236208910000e-01   3.983240570000e-02   7.877225875854e-01   2.589798500380e+00
 -1.135593210000e+02  -4.231741330000e+01   2.458656713386e+06   2.103084430000e-06   7.890665950000e-01   3.963711670000e-02   7.893307209015e-01   4.440356853990e-05
 -1.083069610000e+02  -7.071636270000e+01   2.458656618297e+06   2.037162550000e-06   7.529918470000e-01   1.905199030000e-02   7.774261832237e-01   1.644827611255e+00
 -1.083069600000e+02  -7.071636290000e+01   2.458656618297e+06   2.056485650000e-06   7.467954980000e-01   6.066108810000e-02   7.809958457947e-01   3.178634939513e-01
 -1.105319470000e+02  -6.816999300000e+01   2.458656627197e+06   2.081815050000e-06   7.692240170000e-01   4.836499820000e-02   7.840303778648e-01   9.372043764644e-02
 -1.105319470000e+02  -6.816999300000e+01   2.458656627197e+06   2.101499140000e-06   7.776022080000e-01   1.975308040000e-02   7.664095759392e-01   3.210663506420e-01
 -1.153562490000e+02  -5.955262120000e+01   2.458656656316e+06   2.160815620000e-06   7.280639780000e-01   2.486639010000e-02   7.766402363777e-01   3.816125376822e+00
 -1.153562490000e+02  -5.955262120000e+01   2.458656656316e+06   2.181424470000e-06   7.461041640000e-01   2.730815540000e-02   7.802681922913e-01   1.565140806282e+00
 -1.160201330000e+02  -5.707631510000e+01   2.458656664511e+06   2.189218840000e-06   8.187990460000e-01   3.232061200000e-02   7.827956676483e-01   1.240873064421e+00
 -1.164291680000e+02  -5.233333590000e+01   2.458656680128e+06   2.196881110000e-06   8.275471890000e-01   3.513144180000e-02   7.881300449371e-01   1.258862689242e+00
 -1.162262150000e+02  -5.005759760000e+01   2.458656687622e+06   2.193182070000e-06   8.118988600000e-01   3.219862920000e-02   7.903035879135e-01   4.498239708039e-01
 -1.146891910000e+02  -4.464689260000e+01   2.458656705563e+06   2.160752640000e-06   7.263024770000e-01   3.413781260000e-02   7.940039634705e-01   3.933009799764e+00
 -1.137189040000e+02  -4.264643200000e+01   2.458656712281e+06   2.148312050000e-06   7.749170730000e-01   4.080625310000e-02   7.962984442711e-01   2.745476126760e-01
 -1.036101810000e+02  -7.502642730000e+01   2.458656602753e+06   1.995343740000e-06   7.024407130000e-01   3.170318820000e-02   7.955412268639e-01   8.623792107341e+00
 -1.036101810000e+02  -7.502642750000e+01   2.458656602753e+06   2.006249270000e-06   7.085854220000e-01   5.674008560000e-02   7.756347656250e-01   1.396397582006e+00
 -1.083069610000e+02  -7.071636270000e+01   2.458656618297e+06   2.083004020000e-06   7.440721720000e-01   3.098667580000e-02   7.857655882835e-01   1.810443546425e+00
 -1.105319470000e+02  -6.816999300000e+01   2.458656627197e+06   2.125807010000e-06   7.670727800000e-01   8.309832560000e-02   7.709631919861e-01   2.191828870879e-03
 -1.153562490000e+02  -5.955262120000e+01   2.458656656316e+06   2.218541830000e-06   7.533600520000e-01   4.153496270000e-02   7.668044567108e-01   1.047744778435e-01
 -1.160201330000e+02  -5.707631510000e+01   2.458656664511e+06   2.224193480000e-06   8.351220080000e-01   3.636126350000e-02   7.690805792809e-01   3.298792422976e+00
 -1.160201330000e+02  -5.707631510000e+01   2.458656664511e+06   2.245496840000e-06   8.447213030000e-01   2.999649100000e-02   7.728505730629e-01   5.740678214887e+00
 -1.164291680000e+02  -5.233333590000e+01   2.458656680128e+06   2.222446000000e-06   8.561173080000e-01   4.045431550000e-02   7.730779051781e-01   4.213458495070e+00
 -1.163820580000e+02  -5.180516260000e+01   2.458656681867e+06   2.238179500000e-06   8.385863430000e-01   3.254758970000e-02   7.765306830406e-01   3.635173403424e+00
 -1.162261660000e+02  -5.005728510000e+01   2.458656687623e+06   2.240860760000e-06   8.340817760000e-01   2.974649000000e-02   7.792457342148e-01   3.398292384070e+00
 -1.145243060000e+02  -4.430695150000e+01   2.458656706704e+06   2.199863170000e-06   7.499845850000e-01   5.308162490000e-02   8.010972142220e-01   9.271884769672e-01
 -1.135593210000e+02  -4.231741330000e+01   2.458656713386e+06   2.187501430000e-06   7.760558650000e-01   4.685824350000e-02   8.033459186554e-01   3.391851026547e-01
 -1.008717930000e+02  -7.711610850000e+01   2.458656594941e+06   1.993783000000e-06   6.916468450000e-01   3.734293990000e-02   7.976298928261e-01   8.054819224675e+00
 -1.036101810000e+02  -7.502642750000e+01   2.458656602753e+06   2.031846520000e-06   7.086641910000e-01   4.088576510000e-02   7.804492115974e-01   3.082644193971e+00
 -1.083069610000e+02  -7.071636270000e+01   2.458656618297e+06   2.106915560000e-06   7.502025720000e-01   1.595439270000e-02   7.690662145615e-01   1.397946535416e+00
 -1.083069610000e+02  -7.071636270000e+01   2.458656618297e+06   2.127700200000e-06   7.521390900000e-01   5.891921920000e-02   7.729214429855e-01   1.244157804298e-01
 -1.105319480000e+02  -6.816999080000e+01   2.458656627197e+06   2.155227930000e-06   7.859089060000e-01   2.118231720000e-02   7.763100266457e-01   2.053497280094e-01
 -1.105319470000e+02  -6.816999300000e+01   2.458656627197e+06   2.176536470000e-06   7.890118710000e-01   2.770018950000e-02   7.800739407539e-01   1.041138344843e-01
 -1.153562490000e+02  -5.955262120000e+01   2.458656656316e+06   2.243515220000e-06   7.485465090000e-01   3.283994590000e-02   7.712623476982e-01   4.784677674425e-01
 -1.153562490000e+02  -5.955262130000e+01   2.458656656316e+06   2.265635940000e-06   7.340588890000e-01   3.523953360000e-02   7.751116156578e-01   1.357137064170e+00
 -1.160201320000e+02  -5.707631870000e+01   2.458656664511e+06   2.274842510000e-06   8.349454330000e-01   7.572899380000e-02   7.779034376144e-01   5.673682714843e-01
 -1.164291680000e+02  -5.233333590000e+01   2.458656680128e+06   2.283065540000e-06   8.390785640000e-01   6.776444480000e-02   7.834372520447e-01   6.742034246873e-01
 -1.162262150000e+02  -5.005759760000e+01   2.458656687622e+06   2.278945320000e-06   8.283611370000e-01   6.441507140000e-02   7.856309413910e-01   4.400426554836e-01
 -1.146891950000e+02  -4.464690210000e+01   2.458656705563e+06   2.248969890000e-06   7.429754540000e-01   5.356014390000e-02   7.900618910789e-01   7.728730948230e-01
 -1.135593210000e+02  -4.231741330000e+01   2.458656713386e+06   2.226966280000e-06   7.819008410000e-01   4.215554710000e-02   7.916688323021e-01   5.369094753463e-02
 -1.008717940000e+02  -7.711610830000e+01   2.458656594941e+06   2.000304450000e-06   6.973679750000e-01   5.264598610000e-02   7.770863771439e-01   2.292908059860e+00
 -1.008717940000e+02  -7.711610830000e+01   2.458656594941e+06   2.020413290000e-06   7.180428880000e-01   5.997648010000e-02   7.808718681335e-01   1.097382604739e+00
 -1.036101810000e+02  -7.502642750000e+01   2.458656602753e+06   2.053543990000e-06   6.745413590000e-01   1.285290830000e-01   7.844175696373e-01   7.308100791502e-01
 -1.036101810000e+02  -7.502642740000e+01   2.458656602753e+06   2.074173550000e-06   7.241996900000e-01   3.975880750000e-02   7.880980968475e-01   2.582934305684e+00
 -1.083069610000e+02  -7.071636280000e+01   2.458656618297e+06   2.160222300000e-06   7.609510300000e-01   2.022172720000e-02   7.787750959396e-01   7.769213672451e-01
 -1.083069610000e+02  -7.071636270000e+01   2.458656618297e+06   2.181952910000e-06   7.674676010000e-01   1.781516040000e-02   7.825689315796e-01   7.185400098639e-01
 -1.105319470000e+02  -6.816999300000e+01   2.458656627197e+06   2.210586290000e-06   8.014880570000e-01   2.862921620000e-02   7.660338282585e-01   1.533617897586e+00
 -1.153562490000e+02  -5.955262120000e+01   2.458656656316e+06   2.307440980000e-06   7.373585870000e-01   3.263569400000e-02   7.632663249969e-01   6.301925837255e-01
 -1.160201330000e+02  -5.707631510000e+01   2.458656664511e+06   2.313532450000e-06   8.415195990000e-01   3.198882630000e-02   7.656313776970e-01   5.627974696414e+00
 -1.160201300000e+02  -5.707632630000e+01   2.458656664511e+06   2.336762880000e-06   8.356604310000e-01   3.337623180000e-02   7.696539759636e-01   3.911093622910e+00
 -1.164291680000e+02  -5.233333590000e+01   2.458656680128e+06   2.315778290000e-06   8.466650210000e-01   2.926203470000e-02   7.704233527184e-01   6.788529967997e+00
 -1.163271900000e+02  -5.118990860000e+01   2.458656683893e+06   2.326913760000e-06   8.410933380000e-01   2.884444080000e-02   7.738639116287e-01   5.432435314436e+00
 -1.162261350000e+02  -5.005708930000e+01   2.458656687623e+06   2.338071830000e-06   8.333414190000e-01   3.532311000000e-02   7.772147059441e-01   2.524767268514e+00
 -1.146892090000e+02  -4.464693590000e+01   2.458656705562e+06   2.280281450000e-06   7.517039020000e-01   4.963739080000e-02   7.950943708420e-01   7.641362386245e-01
 -1.140213360000e+02  -4.326996400000e+01   2.458656710187e+06   2.282409330000e-06   7.720200030000e-01   4.909488270000e-02   7.984377145767e-01   2.895462437176e-01
 -1.135593210000e+02  -4.231741330000e+01   2.458656713386e+06   2.290809880000e-06   8.031962590000e-01   3.974677570000e-02   8.017801046371e-01   1.269455207015e-03
 -1.008717940000e+02  -7.711610830000e+01   2.458656594941e+06   2.046860050000e-06   7.126144980000e-01   3.498507970000e-02   7.857146263123e-01   4.365867421206e+00
 -1.008717940000e+02  -7.711610840000e+01   2.458656594941e+06   2.067965440000e-06   7.159670440000e-01   7.529930270000e-02   7.894722223282e-01   9.529145585650e-01
 -1.036101810000e+02  -7.502642750000e+01   2.458656602753e+06   2.103348640000e-06   7.369461380000e-01   3.535252760000e-02   7.725721597672e-01   1.015532245548e+00
 -1.036101810000e+02  -7.502642750000e+01   2.458656602753e+06   2.124882260000e-06   7.119853610000e-01   9.330117350000e-02   7.765214443207e-01   4.784438726302e-01
 -1.083069610000e+02  -7.071636270000e+01   2.458656618297e+06   2.210322890000e-06   7.786826310000e-01   2.560221990000e-02   7.676357030869e-01   1.861777567222e-01
 -1.105319470000e+02  -6.816999300000e+01   2.458656627197e+06   2.234003430000e-06   7.752525080000e-01   2.759774320000e-02   7.702438235283e-01   3.293822629278e-02
 -1.105319480000e+02  -6.816999210000e+01   2.458656627197e+06   2.256980460000e-06   8.026335820000e-01   2.931725080000e-02   7.742719054222e-01   9.358738573936e-01
 -1.153562490000e+02  -5.955262120000e+01   2.458656656316e+06   2.332952360000e-06   7.407254040000e-01   1.820851220000e-02   7.677270770073e-01   2.199036431096e+00
 -1.153562490000e+02  -5.955262130000e+01   2.458656656316e+06   2.356865830000e-06   7.167978430000e-01   3.739711530000e-02   7.718018889427e-01   2.163281646155e+00
 -1.160201330000e+02  -5.707631510000e+01   2.458656664511e+06   2.367860950000e-06   8.337544500000e-01   3.623426010000e-02   7.748882174492e-01   2.639329965738e+00
 -1.164291680000e+02  -5.233333590000e+01   2.458656680128e+06   2.376415850000e-06   8.396871280000e-01   3.667179350000e-02   7.805349230766e-01   2.601821958612e+00
 -1.162262150000e+02  -5.005759760000e+01   2.458656687622e+06   2.372188400000e-06   8.359686710000e-01   3.566497750000e-02   7.827855348587e-01   2.223637442905e+00
 -1.146891960000e+02  -4.464690470000e+01   2.458656705563e+06   2.340850090000e-06   7.450620540000e-01   4.029254650000e-02   7.872943282127e-01   1.098599776041e+00
 -1.135593160000e+02  -4.231740340000e+01   2.458656713386e+06   2.318299860000e-06   7.913523530000e-01   3.297774900000e-02   7.889961004257e-01   5.105069603206e-03
 -1.008717940000e+02  -7.711610830000e+01   2.458656594941e+06   2.096214810000e-06   7.187597860000e-01   3.182953310000e-02   7.943583726883e-01   5.641139203521e+00
 -1.008717940000e+02  -7.711610830000e+01   2.458656594941e+06   2.118144750000e-06   7.269668330000e-01   2.431261320000e-02   7.779083848000e-01   4.390167186887e+00
 -1.036101810000e+02  -7.502642740000e+01   2.458656602753e+06   2.155259280000e-06   7.334520220000e-01   1.988887900000e-02   7.819308042526e-01   5.941317934107e+00
 -1.036101810000e+02  -7.502642750000e+01   2.458656602753e+06   2.177857570000e-06   7.294446960000e-01   1.592357440000e-02   7.858361601830e-01   1.254138843910e+01
 -1.083069610000e+02  -7.071636270000e+01   2.458656618297e+06   2.239023530000e-06   7.693611050000e-01   2.551923940000e-02   7.727522850037e-01   1.765900515006e-02
 -1.083069610000e+02  -7.071636280000e+01   2.458656618297e+06   2.262485580000e-06   7.747058640000e-01   2.541904750000e-02   7.768180370331e-01   6.904630489186e-03
 -1.105319470000e+02  -6.816999300000e+01   2.458656627197e+06   2.294867480000e-06   8.019446140000e-01   2.911268920000e-02   7.806998491287e-01   5.325240297151e-01
 -1.105319470000e+02  -6.816999300000e+01   2.458656627197e+06   2.318948880000e-06   8.014775830000e-01   3.834939240000e-02   7.659523487091e-01   8.581375907580e-01
 -1.153562490000e+02  -5.955262120000e+01   2.458656656316e+06   2.403652000000e-06   6.986781010000e-01   4.872299670000e-02   7.634335160255e-01   1.766380245187e+00
 -1.160201330000e+02  -5.707631510000e+01   2.458656664511e+06   2.410499720000e-06   8.228722830000e-01   4.682126940000e-02   7.659012079239e-01   1.480547897646e+00
 -1.160201330000e+02  -5.707631510000e+01   2.458656664511e+06   2.435600230000e-06   8.358920070000e-01   5.253765600000e-02   7.700853347778e-01   1.568911599486e+00
 -1.164291680000e+02  -5.233333590000e+01   2.458656680128e+06   2.417369330000e-06   8.323987140000e-01   5.644177130000e-02   7.714771032333e-01   1.165041741750e+00
 -1.162793490000e+02  -5.065339170000e+01   2.458656685660e+06   2.425202250000e-06   8.367120630000e-01   4.693312060000e-02   7.750200033188e-01   1.727824695347e+00
 -1.162262150000e+02  -5.005759760000e+01   2.458656687622e+06   2.444451430000e-06   8.414517590000e-01   5.265741680000e-02   7.788856625557e-01   1.411753974666e+00
 -1.146892090000e+02  -4.464693590000e+01   2.458656705562e+06   2.389098220000e-06   7.530583880000e-01   5.216539350000e-02   7.948048710823e-01   6.404346387196e-01
 -1.135831080000e+02  -4.236645590000e+01   2.458656713222e+06   2.367118230000e-06   8.101118950000e-01   5.129158120000e-02   7.965050339699e-01   7.037586136057e-02
 -1.008717940000e+02  -7.711610830000e+01   2.458656594941e+06   2.146632590000e-06   7.327332590000e-01   2.730158180000e-02   7.829763293266e-01   3.386699956656e+00
 -1.036101810000e+02  -7.502642750000e+01   2.458656602753e+06   2.204375370000e-06   7.432118250000e-01   2.959252670000e-02   7.707947492599e-01   8.687934090026e-01
 -1.083069610000e+02  -7.071636270000e+01   2.458656618297e+06   2.299413410000e-06   7.717846190000e-01   4.997522120000e-02   7.830126285553e-01   5.047729770712e-02
 -1.083069610000e+02  -7.071636270000e+01   2.458656618297e+06   2.323836870000e-06   7.789782570000e-01   1.913278030000e-02   7.684580087662e-01   3.023401371866e-01
 -1.105319480000e+02  -6.816999220000e+01   2.458656627197e+06   2.351889950000e-06   8.045890790000e-01   3.737517290000e-02   7.716082930565e-01   7.786738332743e-01
 -1.153562490000e+02  -5.955262120000e+01   2.458656656316e+06   2.429655300000e-06   7.129034490000e-01   3.541067320000e-02   7.678168416023e-01   2.404851062301e+00
 -1.153562490000e+02  -5.955262120000e+01   2.458656656316e+06   2.440488230000e-06   6.829473530000e-01   5.094089080000e-02   7.696090936661e-01   2.894154726178e+00
 -1.160201330000e+02  -5.707631510000e+01   2.458656664511e+06   2.446300980000e-06   8.394240180000e-01   5.486968900000e-02   7.718371152878e-01   1.517260291352e+00
 -1.162262150000e+02  -5.005759760000e+01   2.458656687622e+06   2.448546870000e-06   8.475930420000e-01   4.956170310000e-02   7.795341014862e-01   1.885723115260e+00
 -1.141954760000e+02  -4.362899330000e+01   2.458656708981e+06   2.420071440000e-06   7.512578150000e-01   9.383820470000e-02   7.871084213257e-01   1.459599243338e-01
 -1.135593210000e+02  -4.231741330000e+01   2.458656713386e+06   2.430183800000e-06   7.779884140000e-01   8.066906070000e-02   7.916479706764e-01   2.867208059261e-02
 -1.008717940000e+02  -7.711610830000e+01   2.458656594941e+06   2.170591640000e-06   7.363232470000e-01   1.899082810000e-02   7.871136069298e-01   7.152778486704e+00
 -1.008717940000e+02  -7.711610830000e+01   2.458656594941e+06   2.194604410000e-06   7.342235140000e-01   3.291861740000e-02   7.911494374275e-01   2.990453101866e+00
 -1.036101810000e+02  -7.502642750000e+01   2.458656602753e+06   2.233871340000e-06   7.395591620000e-01   3.781041170000e-02   7.760054469109e-01   9.291454815722e-01
 -1.036101810000e+02  -7.502642740000e+01   2.458656602753e+06   2.258290650000e-06   7.428992510000e-01   2.895062570000e-02   7.801939249039e-01   1.659501767942e+00
 -1.083069610000e+02  -7.071636270000e+01   2.458656618297e+06   2.354652200000e-06   7.736891570000e-01   2.862019850000e-02   7.736966609955e-01   6.874479873960e-08
 -1.105319470000e+02  -6.816999300000e+01   2.458656627197e+06   2.384306300000e-06   7.945652550000e-01   2.968449450000e-02   7.769880294800e-01   3.506237532711e-01
 -1.105319470000e+02  -6.816999300000e+01   2.458656627197e+06   2.410631820000e-06   7.816265050000e-01   5.934098710000e-02   7.652672529221e-01   7.600065870977e-02
 -1.135593210000e+02  -4.231741330000e+01   2.458656713386e+06   2.446168870000e-06   7.598636050000e-01   8.261811760000e-02   7.940532565117e-01   1.712532243057e-01
 -1.008717940000e+02  -7.711610830000e+01   2.458656594941e+06   2.226513320000e-06   7.397900340000e-01   4.250609990000e-02   7.773644924164e-01   7.814171560169e-01
 -1.008717940000e+02  -7.711610830000e+01   2.458656594941e+06   2.251081300000e-06   7.516198270000e-01   3.387796940000e-02   7.815703749657e-01   7.815824557995e-01
 -1.036101810000e+02  -7.502642750000e+01   2.458656602753e+06   2.292755670000e-06   7.460201010000e-01   6.734833330000e-02   7.859197854996e-01   3.509823020704e-01
 -1.036101810000e+02  -7.502642750000e+01   2.458656602753e+06   2.318420450000e-06   7.330931080000e-01   3.086917970000e-02   7.717757225037e-01   1.570295772996e+00
 -1.083069610000e+02  -7.071636270000e+01   2.458656618297e+06   2.388825480000e-06   7.787917920000e-01   2.964467890000e-02   7.793127894402e-01   3.088713865927e-04
 -1.083069610000e+02  -7.071636270000e+01   2.458656618297e+06   2.415519820000e-06   7.666149270000e-01   3.730265910000e-02   7.677574157715e-01   9.380463506170e-04
 -1.105319470000e+02  -6.816999300000e+01   2.458656627197e+06   2.439695580000e-06   7.977212450000e-01   4.507357730000e-02   7.701133489609e-01   3.751652171701e-01
 -1.008717940000e+02  -7.711610830000e+01   2.458656594941e+06   2.284140950000e-06   7.472741660000e-01   4.088999860000e-02   7.870550751686e-01   9.464882296074e-01
 -1.008717940000e+02  -7.711610830000e+01   2.458656594941e+06   2.310361860000e-06   7.504430660000e-01   2.857654420000e-02   7.730996012688e-01   6.285901587060e-01
 -1.036101810000e+02  -7.502642750000e+01   2.458656602753e+06   2.354918980000e-06   7.268502440000e-01   2.985506020000e-02   7.779019474983e-01   2.924048514905e+00
 -1.083069610000e+02  -7.071636270000e+01   2.458656618297e+06   2.441941410000e-06   7.660720460000e-01   3.838494680000e-02   7.721208333969e-01   2.483217466201e-02
 -8.669698170000e+01  -1.855449860000e+01   2.458656618297e+06   1.991453250000e-06   8.029710780000e-01   2.390969910000e-02   8.882799744606e-01   1.273035242766e+01
 -8.758210570000e+01  -1.652663220000e+01   2.458656627197e+06   2.001506060000e-06   7.989064830000e-01   3.703381840000e-02   8.750923871994e-01   4.232064394954e+00
 -8.854574940000e+01  -9.807555970000e+00   2.458656656316e+06   2.012590040000e-06   7.756837290000e-01   3.620722570000e-02   8.737641572952e-01   7.337940887084e+00
 -8.828011920000e+01  -7.915093110000e+00   2.458656664511e+06   2.009531230000e-06   8.336645170000e-01   3.753221190000e-02   8.738012909889e-01   1.143606477733e+00
 -8.713344680000e+01  -4.358265910000e+00   2.458656680031e+06   1.996445930000e-06   8.220781660000e-01   3.475867040000e-02   8.867485523224e-01   3.461661516110e+00
 -1.008717940000e+02  -7.711610830000e+01   2.458656594941e+06   2.345717460000e-06   7.461372470000e-01   2.858220070000e-02   7.790286540985e-01   1.324260963731e+00
 -1.008717940000e+02  -7.711610830000e+01   2.458656594941e+06   2.373113150000e-06   7.717670980000e-01   1.976931480000e-02   7.834733724594e-01   3.506341163574e-01
 -1.036101810000e+02  -7.502642750000e+01   2.458656602753e+06   2.410170070000e-06   7.197169640000e-01   3.528661520000e-02   7.711509466171e-01   2.124615299311e+00
 -8.669698160000e+01  -1.855449860000e+01   2.458656618297e+06   2.016292050000e-06   8.195398640000e-01   4.032067280000e-02   8.787450790405e-01   2.156077588315e+00
 -8.758210580000e+01  -1.652663210000e+01   2.458656627197e+06   2.037223890000e-06   8.078413670000e-01   3.658272760000e-02   8.791067600250e-01   3.794942523859e+00
 -8.854574940000e+01  -9.807555960000e+00   2.458656656316e+06   2.059573930000e-06   7.963126790000e-01   2.566732820000e-02   8.790283203125e-01   1.038517824478e+01
 -8.828011910000e+01  -7.915092590000e+00   2.458656664511e+06   2.053365330000e-06   8.400098700000e-01   2.300777410000e-02   8.787284493446e-01   2.831976325563e+00
 -8.713344590000e+01  -4.358263090000e+00   2.458656680031e+06   2.026662240000e-06   8.233902480000e-01   3.872287920000e-02   8.778493404388e-01   1.977905400967e+00
 -8.626875770000e+01  -2.639921870000e+00   2.458656687623e+06   2.009624590000e-06   8.409122230000e-01   8.192219680000e-02   8.776155710220e-01   2.007281047483e-01
 -1.008717940000e+02  -7.711610830000e+01   2.458656594941e+06   2.402165800000e-06   7.261862690000e-01   4.668927380000e-02   7.725525498390e-01   9.862120048562e-01
 -1.036101810000e+02  -7.502642750000e+01   2.458656602753e+06   2.444055150000e-06   7.219450100000e-01   4.712465310000e-02   7.766692638397e-01   1.348538546952e+00
 -8.308821610000e+01  -2.374893060000e+01   2.458656594941e+06   1.995997820000e-06   7.099601790000e-01   5.207581510000e-02   8.956885933876e-01   1.271992496666e+01
 -8.449984540000e+01  -2.203632430000e+01   2.458656602753e+06   2.012927210000e-06   7.907004510000e-01   5.454680780000e-02   8.830155134201e-01   2.864220546148e+00
 -8.669698160000e+01  -1.855449860000e+01   2.458656618297e+06   2.064591300000e-06   8.249489270000e-01   2.869922680000e-02   8.839471936226e-01   4.226083869715e+00
 -8.758210590000e+01  -1.652663210000e+01   2.458656627197e+06   2.085514070000e-06   8.173762920000e-01   2.297760750000e-02   8.842418789864e-01   8.468289756202e+00
 -8.854574950000e+01  -9.807555610000e+00   2.458656656316e+06   2.108477800000e-06   8.149447190000e-01   2.389683130000e-02   8.724589943886e-01   5.792561718229e+00
 -8.828011870000e+01  -7.915089980000e+00   2.458656664511e+06   2.102103060000e-06   8.485276790000e-01   1.805305570000e-02   8.721631765366e-01   1.714068024746e+00
 -8.713344620000e+01  -4.358263860000e+00   2.458656680031e+06   2.074652710000e-06   8.320549900000e-01   2.729746260000e-02   8.830282688141e-01   3.486908738959e+00
 -8.626877820000e+01  -2.639957520000e+00   2.458656687622e+06   2.054287770000e-06   8.569782540000e-01   2.686533710000e-02   8.824940323830e-01   9.020550748435e-01
 -8.344476520000e+01   1.336379980000e+00   2.458656705563e+06   2.000239100000e-06   7.403199150000e-01   8.405465020000e-02   8.822196722031e-01   2.849966889270e+00
 -1.008717940000e+02  -7.711610830000e+01   2.458656594941e+06   2.439299260000e-06   7.431560540000e-01   5.659676330000e-02   7.785782814026e-01   3.917135036356e-01
 -1.008717940000e+02  -7.711610830000e+01   2.458656594941e+06   2.449075280000e-06   7.074049010000e-01   2.098438830000e-02   7.801271080971e-01   1.200995760512e+01
 -8.308822410000e+01  -2.374892200000e+01   2.458656594941e+06   2.026793880000e-06   7.471066150000e-01   6.594865060000e-02   8.873232007027e-01   4.520504939205e+00
 -8.449984540000e+01  -2.203632430000e+01   2.458656602753e+06   2.061287310000e-06   8.165174210000e-01   3.548946200000e-02   8.880631327629e-01   4.064137432922e+00
 -8.669698170000e+01  -1.855449860000e+01   2.458656618297e+06   2.114974150000e-06   8.373442530000e-01   1.915257270000e-02   8.776909708977e-01   4.437743376304e+00
 -8.758210580000e+01  -1.652663210000e+01   2.458656627197e+06   2.136457410000e-06   8.251821280000e-01   2.122028910000e-02   8.780286908150e-01   6.201987673114e+00
 -8.854574940000e+01  -9.807555970000e+00   2.458656656316e+06   2.156565180000e-06   8.280008310000e-01   6.803950710000e-02   8.776734471321e-01   5.329810278541e-01
 -8.831067830000e+01  -8.132809340000e+00   2.458656663568e+06   2.156934540000e-06   8.532630600000e-01   4.159141880000e-02   8.780739307404e-01   3.558578422447e-01
 -8.713344590000e+01  -4.358263090000e+00   2.458656680031e+06   2.125626370000e-06   8.418943690000e-01   2.076090470000e-02   8.769196271896e-01   2.846230977056e+00
 -8.626886610000e+01  -2.640110320000e+00   2.458656687622e+06   2.104488590000e-06   8.709427390000e-01   1.859283940000e-02   8.763487339020e-01   8.453952972961e-02
 -8.328654840000e+01   1.506679680000e+00   2.458656706352e+06   2.034031740000e-06   7.502404370000e-01   9.982193670000e-02   8.861413598061e-01   1.853501015290e+00
 -8.187736930000e+01   3.023500340000e+00   2.458656713386e+06   2.002736330000e-06   8.059205500000e-01   5.972956350000e-02   8.856462240219e-01   1.781630821532e+00
 -8.308821710000e+01  -2.374892950000e+01   2.458656594941e+06   2.058298940000e-06   7.516014100000e-01   5.667374540000e-02   8.905137181282e-01   6.007829863465e+00
 -8.343377730000e+01  -2.332969240000e+01   2.458656596854e+06   2.086330110000e-06   7.920175500000e-01   3.602756010000e-02   8.926001191139e-01   7.794275383254e+00
 -8.449984550000e+01  -2.203632430000e+01   2.458656602753e+06   2.118937390000e-06   8.359966200000e-01   2.633510390000e-02   8.827495574951e-01   3.151720768088e+00
 -8.669698160000e+01  -1.855449860000e+01   2.458656618297e+06   2.161814670000e-06   8.422612970000e-01   5.804237810000e-02   8.825678229332e-01   4.822367890618e-01
 -8.738394380000e+01  -1.698063210000e+01   2.458656625205e+06   2.184340710000e-06   8.269517360000e-01   6.470822340000e-02   8.833820819855e-01   7.605127049318e-01
 -8.758210590000e+01  -1.652663210000e+01   2.458656627197e+06   2.210488220000e-06   8.537003650000e-01   3.958395840000e-02   8.746048212051e-01   2.788940866547e-01
 -8.841293410000e+01  -8.861322790000e+00   2.458656660414e+06   2.210752440000e-06   8.643330800000e-01   3.247808250000e-02   8.723707199097e-01   6.124580256898e-02
 -8.713344610000e+01  -4.358263790000e+00   2.458656680031e+06   2.178655650000e-06   8.452572890000e-01   4.963171010000e-02   8.824244737625e-01   5.607907665903e-01
 -8.626878680000e+01  -2.639972430000e+00   2.458656687622e+06   2.157094400000e-06   8.695145200000e-01   4.265600200000e-02   8.818876743317e-01   8.413962338052e-02
 -8.266511680000e+01   2.175579070000e+00   2.458656709454e+06   2.066931780000e-06   8.029732170000e-01   4.158579040000e-02   8.906856179237e-01   4.448689320409e+00
 -8.308822230000e+01  -2.374892390000e+01   2.458656594941e+06   2.130931620000e-06   8.096881390000e-01   2.850698160000e-02   8.868063688278e-01   7.318324012605e+00
 -8.449984540000e+01  -2.203632430000e+01   2.458656602753e+06   2.166869550000e-06   8.466935700000e-01   5.461622400000e-02   8.875374794006e-01   5.592567908422e-01
 -8.669698170000e+01  -1.855449860000e+01   2.458656618297e+06   2.223400230000e-06   8.682944950000e-01   2.961319090000e-02   8.779050707817e-01   1.053242566229e-01
 -8.758210580000e+01  -1.652663210000e+01   2.458656627197e+06   2.246375110000e-06   8.417079150000e-01   3.089666810000e-02   8.783030509949e-01   1.402889406121e+00
 -8.846243070000e+01  -9.213957790000e+00   2.458656658887e+06   2.263659340000e-06   8.622501960000e-01   3.800165470000e-02   8.777742981911e-01   1.668814140184e-01
 -8.828011870000e+01  -7.915089980000e+00   2.458656664511e+06   2.277202760000e-06   8.836133860000e-01   2.982960330000e-02   8.793984055519e-01   1.996623476485e-02
 -8.713344610000e+01  -4.358263750000e+00   2.458656680031e+06   2.234758910000e-06   8.699868950000e-01   2.726062580000e-02   8.772964477539e-01   7.189686717291e-02
 -8.626886610000e+01  -2.640110320000e+00   2.458656687622e+06   2.212600720000e-06   8.901298170000e-01   2.919847240000e-02   8.767511844635e-01   2.099438655649e-01
 -8.267057740000e+01   2.169702480000e+00   2.458656709427e+06   2.120135810000e-06   8.215112020000e-01   3.677927000000e-02   8.852824568748e-01   3.006378908356e+00
 -8.308822410000e+01  -2.374892200000e+01   2.458656594941e+06   2.187096350000e-06   8.276539060000e-01   3.974253110000e-02   8.921792507172e-01   2.636025585465e+00
 -8.449984550000e+01  -2.203632430000e+01   2.458656602753e+06   2.224255330000e-06   8.790544840000e-01   4.038833320000e-02   8.826116919518e-01   7.757229635275e-03
 -8.669698160000e+01  -1.855449860000e+01   2.458656618297e+06   2.281648040000e-06   8.723099770000e-01   3.401371360000e-02   8.836510777473e-01   1.111737655366e-01
 -8.758210590000e+01  -1.652663210000e+01   2.458656627197e+06   2.305222450000e-06   8.516107010000e-01   3.827091920000e-02   8.736936450005e-01   3.329478046180e-01
 -8.854574950000e+01  -9.807555880000e+00   2.458656656316e+06   2.330695870000e-06   8.652507640000e-01   5.257231860000e-02   8.738425970078e-01   2.670898551273e-02
 -8.828011900000e+01  -7.915092010000e+00   2.458656664511e+06   2.323796520000e-06   9.029874700000e-01   4.677759900000e-02   8.736022710800e-01   3.946221121820e-01
 -8.713344590000e+01  -4.358263090000e+00   2.458656680031e+06   2.293360850000e-06   8.722098070000e-01   3.220370240000e-02   8.830741047859e-01   1.138129584876e-01
 -8.626879450000e+01  -2.639985790000e+00   2.458656687622e+06   2.270661740000e-06   8.921836100000e-01   3.173916730000e-02   8.825564980507e-01   9.200278776296e-02
 -8.266838840000e+01   2.172057610000e+00   2.458656709438e+06   2.175857050000e-06   8.386559000000e-01   5.811049840000e-02   8.907111287117e-01   8.024528379370e-01
 -8.308822200000e+01  -2.374892430000e+01   2.458656594941e+06   2.238958740000e-06   8.451535030000e-01   4.458237130000e-02   8.868687748909e-01   8.755154776187e-01
 -8.422932560000e+01  -2.236452250000e+01   2.458656601256e+06   2.280998740000e-06   8.606899140000e-01   4.245905180000e-02   8.885490298271e-01   4.305207374273e-01
 -8.669698160000e+01  -1.855449860000e+01   2.458656618297e+06   2.343394070000e-06   8.840974960000e-01   5.868302910000e-02   8.794147968292e-01   6.367478255361e-03
 -8.758210580000e+01  -1.652663210000e+01   2.458656627197e+06   2.367091700000e-06   8.647619550000e-01   7.413896360000e-02   8.797789812088e-01   4.102748129238e-02
 -8.854574950000e+01  -9.807555610000e+00   2.458656656316e+06   2.393665230000e-06   8.582669120000e-01   6.663446200000e-02   8.799598813057e-01   1.059839770195e-01
 -8.828011870000e+01  -7.915089980000e+00   2.458656664511e+06   2.386587080000e-06   9.138023410000e-01   5.567862790000e-02   8.797308802605e-01   3.744591594820e-01
 -8.713344610000e+01  -4.358263690000e+00   2.458656680031e+06   2.355201750000e-06   8.953237750000e-01   5.628729400000e-02   8.789302706718e-01   8.482480272044e-02
 -8.626879720000e+01  -2.639990540000e+00   2.458656687622e+06   2.332397270000e-06   9.068624770000e-01   4.216303130000e-02   8.784613013268e-01   4.537420017318e-01
 -8.266281270000e+01   2.178060200000e+00   2.458656709466e+06   2.234367440000e-06   8.460276070000e-01   5.414513360000e-02   8.862609863281e-01   5.521462976860e-01
 -8.318087740000e+01  -2.363651360000e+01   2.458656595454e+06   2.309110890000e-06   8.274375410000e-01   5.472116220000e-02   8.834267854691e-01   1.046884064085e+00
 -8.449984540000e+01  -2.203632430000e+01   2.458656602753e+06   2.349751630000e-06   8.709715360000e-01   8.866624890000e-02   8.845528364182e-01   2.346205456572e-02
 -8.669698170000e+01  -1.855449860000e+01   2.458656618297e+06   2.408834100000e-06   8.864463380000e-01   7.154332120000e-02   8.768688440323e-01   1.792113782493e-02
 -8.758210590000e+01  -1.652663210000e+01   2.458656627197e+06   2.424712740000e-06   8.371413490000e-01   7.835259440000e-02   8.764549493790e-01   2.517554464759e-01
 -8.854574950000e+01  -9.807555610000e+00   2.458656656316e+06   2.438008660000e-06   8.412292580000e-01   8.959857520000e-02   8.753817677498e-01   1.452924479067e-01
 -8.828011870000e+01  -7.915089980000e+00   2.458656664511e+06   2.434404540000e-06   9.028753090000e-01   8.124517070000e-02   8.755064010620e-01   1.134801304813e-01
 -8.713344590000e+01  -4.358263090000e+00   2.458656680031e+06   2.418719520000e-06   9.017374940000e-01   7.338999230000e-02   8.762856721878e-01   1.202718701174e-01
 -8.626886610000e+01  -2.640110320000e+00   2.458656687622e+06   2.396969740000e-06   8.991024450000e-01   6.405974510000e-02   8.845110535622e-01   5.188275199011e-02
 -8.266933840000e+01   2.171035860000e+00   2.458656709433e+06   2.296572590000e-06   8.549548180000e-01   5.989132440000e-02   8.919529914856e-01   3.816214129157e-01
 -8.308822410000e+01  -2.374892200000e+01   2.458656594941e+06   2.374617070000e-06   8.122669530000e-01   5.732757940000e-02   8.895606994629e-01   1.817864495192e+00
 -8.449984550000e+01  -2.203632430000e+01   2.458656602753e+06   2.414980120000e-06   8.762699330000e-01   7.488959740000e-02   8.820533752441e-01   5.963892602030e-03
 -8.669698170000e+01  -1.855449860000e+01   2.458656618297e+06   2.446168870000e-06   8.795011950000e-01   8.610334390000e-02   8.803603649139e-01   9.956761064739e-05
 -8.626886610000e+01  -2.640110320000e+00   2.458656687622e+06   2.440157080000e-06   8.827925460000e-01   6.998214240000e-02   8.800559639931e-01   1.529123163017e-03
 -8.266573570000e+01   2.174912960000e+00   2.458656709451e+06   2.362299170000e-06   8.565175930000e-01   9.097906040000e-02   8.885331153870e-01   1.238335406265e-01
 -8.308822410000e+01  -2.374892200000e+01   2.458656594941e+06   2.429221190000e-06   8.114773180000e-01   9.983320750000e-02   8.861685395241e-01   5.597435205070e-01
 -8.449984550000e+01  -2.203632430000e+01   2.458656602753e+06   2.449735800000e-06   9.384465820000e-01   3.965737600000e-02   8.851732015610e-01   1.804565130746e+00
 -8.234925290000e+01   2.515571320000e+00   2.458656711031e+06   2.416317310000e-06   8.692353010000e-01   1.105096150000e-01   8.859542012215e-01   2.288839185211e-02
 -6.509938440000e+01  -7.525337020000e+01   2.458656711125e+06   1.992672300000e-06   7.774949030000e-01   6.958702380000e-02   8.649427890778e-01   1.579218075931e+00
 -6.523914890000e+01  -7.486988790000e+01   2.458656713386e+06   2.001889730000e-06   7.966140830000e-01   9.036663210000e-02   8.519678115845e-01   3.752127316949e-01
 -8.187737880000e+01   3.023490860000e+00   2.458656713386e+06   2.447129670000e-06   8.575198160000e-01   1.327358050000e-01   8.895764350891e-01   5.832560568933e-02
 -6.306956200000e+01  -7.916281590000e+01   2.458656687797e+06   1.996078210000e-06   8.437125320000e-01   2.644624980000e-02   8.598710894585e-01   3.733163252903e-01
 -6.476899900000e+01  -7.615986760000e+01   2.458656705781e+06   2.011561520000e-06   7.630171670000e-01   1.242512920000e-01   8.510886430740e-01   5.024220875113e-01
 -6.506689080000e+01  -7.534252720000e+01   2.458656710600e+06   2.034463920000e-06   7.833691850000e-01   8.853793720000e-02   8.554718494415e-01   6.631989480418e-01
 -6.523914950000e+01  -7.486988550000e+01   2.458656713386e+06   2.061036970000e-06   8.218222930000e-01   6.048394940000e-02   8.596025109291e-01   3.901652933788e-01
 -6.213531930000e+01  -8.036742580000e+01   2.458656680424e+06   2.012362330000e-06   8.398536060000e-01   4.742609430000e-02   8.452547788620e-01   1.297004350397e-02
 -6.306463090000e+01  -7.916917420000e+01   2.458656687758e+06   2.030258740000e-06   8.522531110000e-01   4.767003560000e-02   8.492110967636e-01   4.072222806549e-03
 -6.306956200000e+01  -7.916281590000e+01   2.458656687797e+06   2.061915580000e-06   8.538112200000e-01   3.422225560000e-02   8.533884882927e-01   1.525851911152e-04
 -6.476899200000e+01  -7.615988410000e+01   2.458656705781e+06   2.071265360000e-06   7.741518210000e-01   5.313128830000e-02   8.587974905968e-01   2.538100394199e+00
 -6.500742250000e+01  -7.550569530000e+01   2.458656709638e+06   2.097359750000e-06   8.173587980000e-01   5.013027560000e-02   8.630210161209e-01   8.296861187273e-01
 -6.523914890000e+01  -7.486988790000e+01   2.458656713386e+06   2.123957490000e-06   8.366985520000e-01   3.004962430000e-02   8.535690903664e-01   3.151953418753e-01
 -5.967441630000e+01  -8.290059040000e+01   2.458656664511e+06   1.993744980000e-06   8.355816410000e-01   3.124748310000e-02   8.555039763451e-01   4.064905078001e-01
 -5.967441690000e+01  -8.290059030000e+01   2.458656664511e+06   2.010212530000e-06   8.344563780000e-01   6.190961350000e-02   8.421168327332e-01   1.531062486621e-02
 -6.209774140000e+01  -8.041587930000e+01   2.458656680128e+06   2.062244240000e-06   8.562765520000e-01   2.749510770000e-02   8.518980145454e-01   2.535988546542e-02
 -6.280059000000e+01  -7.950962910000e+01   2.458656685674e+06   2.091434160000e-06   8.578563190000e-01   4.477335490000e-02   8.567218780518e-01   6.419844564993e-04
 -6.306956380000e+01  -7.916281370000e+01   2.458656687797e+06   2.124353820000e-06   8.618574960000e-01   1.711662800000e-02   8.470619320869e-01   7.471823776044e-01
 -6.476902780000e+01  -7.615979940000e+01   2.458656705781e+06   2.134304320000e-06   8.075143290000e-01   6.197686650000e-02   8.527157306671e-01   5.319178624150e-01
 -6.494854300000e+01  -7.566724310000e+01   2.458656708685e+06   2.164314600000e-06   8.276974200000e-01   5.855819100000e-02   8.572303056717e-01   2.543527658469e-01
 -6.523914890000e+01  -7.486988790000e+01   2.458656713386e+06   2.190626860000e-06   8.272912530000e-01   8.271660020000e-02   8.616177439690e-01   1.722159882068e-01
 -5.885625170000e+01   1.640874670000e+01   2.458656602753e+06   1.992631850000e-06   8.558701390000e-01   4.214090170000e-02   9.351058602333e-01   3.535366013537e+00
 -5.906164320000e+01   1.880693590000e+01   2.458656618297e+06   1.995926420000e-06   8.487554440000e-01   3.694597710000e-02   9.326867461205e-01   5.160759352732e+00
 -5.892416540000e+01   2.017977420000e+01   2.458656627197e+06   1.993744980000e-06   8.890115670000e-01   4.551422230000e-02   9.314308762550e-01   8.686262144555e-01
 -5.817082420000e+01  -8.416184960000e+01   2.458656656316e+06   2.008796170000e-06   7.475788520000e-01   6.301590650000e-02   8.406873345375e-01   2.183122578060e+00
 -5.914122800000e+01  -8.334784540000e+01   2.458656661605e+06   2.034776180000e-06   8.027685550000e-01   5.098030100000e-02   8.451235890388e-01   6.902481948859e-01
 -5.967441680000e+01  -8.290059030000e+01   2.458656664511e+06   2.070385600000e-06   8.424284720000e-01   2.465917370000e-02   8.503049015999e-01   1.020238602043e-01
 -6.209778760000e+01  -8.041582430000e+01   2.458656680128e+06   2.124750140000e-06   8.573072290000e-01   7.079453900000e-02   8.455304503441e-01   2.767282578869e-02
 -6.255827080000e+01  -7.982207250000e+01   2.458656683762e+06   2.157624920000e-06   8.722497150000e-01   4.594834450000e-02   8.505215048790e-01   2.236187254221e-01
 -6.306956380000e+01  -7.916281370000e+01   2.458656687797e+06   2.190762750000e-06   8.783179150000e-01   4.642261260000e-02   8.553990721703e-01   2.437396684988e-01
 -6.476902780000e+01  -7.615979940000e+01   2.458656705781e+06   2.201727060000e-06   8.166420320000e-01   6.491410060000e-02   8.476361632347e-01   2.279716521933e-01
 -6.489325150000e+01  -7.581895140000e+01   2.458656707791e+06   2.235753630000e-06   8.462069170000e-01   6.447006920000e-02   8.524209856987e-01   9.290430262751e-03
 -6.523914910000e+01  -7.486988700000e+01   2.458656713386e+06   2.261903010000e-06   8.535938230000e-01   7.461677810000e-02   8.570814132690e-01   2.184630181585e-03
 -5.853957240000e+01   1.520910890000e+01   2.458656594941e+06   2.040993690000e-06   8.625932430000e-01   3.429149460000e-02   9.330599904060e-01   4.222752454961e+00
 -5.874462260000e+01   1.598587450000e+01   2.458656600000e+06   2.022576200000e-06   8.712125220000e-01   6.626646410000e-02   9.307579398155e-01   8.074378398025e-01
 -5.906164340000e+01   1.880693600000e+01   2.458656618297e+06   2.037156290000e-06   8.667792980000e-01   5.439517000000e-02   9.283158779144e-01   1.279811575412e+00
 -5.892416520000e+01   2.017977700000e+01   2.458656627197e+06   2.032443570000e-06   8.911066820000e-01   6.084845630000e-02   9.268210530281e-01   3.444981408650e-01
 -5.718542440000e+01   2.460922830000e+01   2.458656656316e+06   1.998142060000e-06   8.191034780000e-01   5.485131820000e-02   9.301134347916e-01   4.095903622225e+00
 -5.817082420000e+01  -8.416184960000e+01   2.458656656316e+06   2.059611200000e-06   7.504056810000e-01   4.496249690000e-02   8.477030992508e-01   4.682758829427e+00
 -5.834211970000e+01  -8.401816180000e+01   2.458656657250e+06   2.096631200000e-06   7.652972270000e-01   3.969845180000e-02   8.526749014854e-01   4.844554253742e+00
 -5.967441680000e+01  -8.290059030000e+01   2.458656664511e+06   2.126067740000e-06   8.428235590000e-01   6.530551580000e-02   8.429636359215e-01   4.600801001344e-06
 -5.967441690000e+01  -8.290059030000e+01   2.458656664511e+06   2.161608280000e-06   8.659084430000e-01   2.280559630000e-02   8.476141095161e-01   6.435026185135e-01
 -6.209778760000e+01  -8.041582430000e+01   2.458656680128e+06   2.190862210000e-06   8.900362970000e-01   2.300056170000e-02   8.539047241211e-01   2.467725512930e+00
 -6.232828490000e+01  -8.011861720000e+01   2.458656681947e+06   2.228496680000e-06   9.057685360000e-01   4.227731910000e-02   8.453675508499e-01   2.041141742432e+00
 -6.306956350000e+01  -7.916281410000e+01   2.458656687797e+06   2.261719610000e-06   9.159762030000e-01   3.402948400000e-02   8.506536483765e-01   3.684814196464e+00
 -6.476902780000e+01  -7.615979940000e+01   2.458656705781e+06   2.272975280000e-06   7.929854240000e-01   4.193286840000e-02   8.562590479851e-01   2.276859731905e+00
 -6.485032500000e+01  -7.593673240000e+01   2.458656707096e+06   2.306425390000e-06   8.558081530000e-01   8.098214940000e-02   8.480146527290e-01   9.261610459012e-03
 -6.516978690000e+01  -7.506020210000e+01   2.458656712264e+06   2.339861980000e-06   8.818824850000e-01   5.945802940000e-02   8.534380197525e-01   2.288624401795e-01
 -5.853957240000e+01   1.520910890000e+01   2.458656594941e+06   2.091692080000e-06   8.789095450000e-01   4.397249540000e-02   9.361414313316e-01   1.694001912148e+00
 -5.885625230000e+01   1.640874700000e+01   2.458656602753e+06   2.102612220000e-06   9.100236720000e-01   3.511497600000e-02   9.286875724792e-01   2.825010512014e-01
 -5.903453500000e+01   1.907763710000e+01   2.458656620052e+06   2.114564800000e-06   9.007617140000e-01   3.122050590000e-02   9.264097809792e-01   6.748844257078e-01
 -5.892416520000e+01   2.017977740000e+01   2.458656627197e+06   2.095818500000e-06   9.056704950000e-01   2.853523090000e-02   9.309967160225e-01   7.877311202031e-01
 -5.718542450000e+01   2.460922840000e+01   2.458656656316e+06   2.043076520000e-06   8.553097860000e-01   5.446914770000e-02   9.258865118027e-01   1.678888498361e+00
 -5.634571690000e+01   2.582427390000e+01   2.458656664511e+06   2.019383670000e-06   9.064330650000e-01   7.872389190000e-02   9.243402481079e-01   5.174178848603e-02
 -5.817082430000e+01  -8.416184960000e+01   2.458656656316e+06   2.123032740000e-06   7.630672440000e-01   2.511445740000e-02   8.413480520248e-01   9.715451776437e+00
 -5.817082420000e+01  -8.416184960000e+01   2.458656656316e+06   2.158357750000e-06   7.681298230000e-01   5.523293390000e-02   8.460198640823e-01   1.988692518172e+00
 -5.939597380000e+01  -8.313415680000e+01   2.458656662993e+06   2.190432280000e-06   8.573991170000e-01   5.595591520000e-02   8.510381579399e-01   1.292269797177e-02
 -5.967441690000e+01  -8.290059030000e+01   2.458656664511e+06   2.231361280000e-06   9.055397870000e-01   5.263807810000e-02   8.426235318184e-01   1.428649462755e+00
 -6.209778760000e+01  -8.041582430000e+01   2.458656680128e+06   2.261614020000e-06   9.026459230000e-01   2.031161010000e-02   8.490980267525e-01   6.950181145834e+00
 -6.211315170000e+01  -8.039601390000e+01   2.458656680249e+06   2.298011070000e-06   9.136136340000e-01   2.732405780000e-02   8.534635901451e-01   4.845978756069e+00
 -6.291759460000e+01  -7.935876010000e+01   2.458656686598e+06   2.330141850000e-06   9.166915800000e-01   3.676583430000e-02   8.458176851273e-01   3.716068825840e+00
 -6.306956380000e+01  -7.916281370000e+01   2.458656687797e+06   2.371527860000e-06   9.212827340000e-01   3.804826860000e-02   8.509427309036e-01   3.417708106596e+00
 -6.480061700000e+01  -7.607312550000e+01   2.458656706292e+06   2.385699440000e-06   8.902466410000e-01   1.000903240000e-01   8.569361567497e-01   1.107586624287e-01
 -6.512161860000e+01  -7.519236580000e+01   2.458656711485e+06   2.417712520000e-06   9.087949510000e-01   1.172536250000e-01   8.514696359634e-01   2.390233582212e-01
 -5.863143940000e+01   1.555711710000e+01   2.458656597208e+06   2.178872210000e-06   9.217893850000e-01   4.719065590000e-02   9.345915317535e-01   7.359589232700e-02
 -5.888545240000e+01   1.674969430000e+01   2.458656604963e+06   2.171826770000e-06   9.232562370000e-01   4.910097440000e-02   9.326169490814e-01   3.634440415594e-02
 -5.898543270000e+01   1.956796750000e+01   2.458656623231e+06   2.181634380000e-06   9.226153930000e-01   3.908142770000e-02   9.302873015404e-01   3.853594310960e-02
 -5.718542440000e+01   2.460922830000e+01   2.458656656316e+06   2.148978640000e-06   8.866855250000e-01   2.638989400000e-02   9.260996580124e-01   2.230635780267e+00
 -5.676557020000e+01   2.521675180000e+01   2.458656660414e+06   2.102922200000e-06   8.983872300000e-01   3.891663500000e-02   9.230507016182e-01   4.016408273501e-01
 -5.634571950000e+01   2.582427030000e+01   2.458656664511e+06   2.057657990000e-06   9.243064630000e-01   5.050286770000e-02   9.270047545433e-01   2.854602658031e-03
 -5.434559580000e+01   2.806869550000e+01   2.458656680031e+06   2.020326500000e-06   8.978802320000e-01   7.822470040000e-02   9.253239631653e-01   1.230831198023e-01
 -5.317664280000e+01   2.913433300000e+01   2.458656687624e+06   1.998166830000e-06   8.938574840000e-01   4.015814760000e-02   9.317328929901e-01   8.895437632428e-01
 -5.160778290000e+01  -8.834976990000e+01   2.458656627197e+06   2.006818810000e-06   7.944497970000e-01   6.342724870000e-02   8.370143175125e-01   4.503433398124e-01
 -5.817082430000e+01  -8.416184960000e+01   2.458656656316e+06   2.219900920000e-06   7.974195090000e-01   6.526966840000e-02   8.399411439896e-01   4.244212280886e-01
 -5.868833970000e+01  -8.372774180000e+01   2.458656659137e+06   2.262330030000e-06   8.437856470000e-01   5.860968580000e-02   8.457723855972e-01   1.149059907793e-03
 -5.967441690000e+01  -8.290059030000e+01   2.458656664511e+06   2.303228030000e-06   9.163436450000e-01   2.543151220000e-02   8.383826613426e-01   9.397454909579e+00
 -5.967441600000e+01  -8.290059050000e+01   2.458656664511e+06   2.337605370000e-06   8.833254370000e-01   5.107345690000e-02   8.426866531372e-01   6.331270923062e-01
 -6.209778760000e+01  -8.041582430000e+01   2.458656680128e+06   2.371924180000e-06   9.108242160000e-01   3.695383210000e-02   8.494566082954e-01   2.757778773182e+00
 -6.269558580000e+01  -7.964502190000e+01   2.458656684846e+06   2.411802690000e-06   9.136247610000e-01   9.330511570000e-02   8.441358208656e-01   5.546518475921e-01
 -6.306956380000e+01  -7.916281370000e+01   2.458656687797e+06   2.442998280000e-06   9.572858480000e-01   9.204153320000e-02   8.483504652977e-01   1.400780986229e+00
 -6.476902780000e+01  -7.615979940000e+01   2.458656705781e+06   2.447093630000e-06   9.205764510000e-01   1.533219400000e-01   8.531305789948e-01   1.935094312336e-01
 -5.869863750000e+01   1.581167520000e+01   2.458656598865e+06   2.258606240000e-06   9.377360570000e-01   5.427274200000e-02   9.329103231430e-01   7.906116425285e-03
 -5.906164340000e+01   1.880693600000e+01   2.458656618297e+06   2.272395390000e-06   9.251089760000e-01   3.418090440000e-02   9.301756620407e-01   2.197257160887e-02
 -5.892416520000e+01   2.017977710000e+01   2.458656627197e+06   2.267237490000e-06   9.385324850000e-01   3.983041930000e-02   9.287412166595e-01   6.042938153479e-02
 -5.718542450000e+01   2.460922840000e+01   2.458656656316e+06   2.200250900000e-06   8.978863060000e-01   5.613620690000e-02   9.228709340096e-01   1.980886750014e-01
 -5.634571670000e+01   2.582427420000e+01   2.458656664511e+06   2.167879450000e-06   9.260963750000e-01   3.305675460000e-02   9.274575114250e-01   1.695441794649e-03
 -5.434559540000e+01   2.806869590000e+01   2.458656680031e+06   2.105370240000e-06   9.127369370000e-01   2.431186710000e-02   9.242351055145e-01   2.236766823513e-01
 -5.349096180000e+01   2.884780610000e+01   2.458656685582e+06   2.052190870000e-06   9.170369770000e-01   5.810614410000e-02   9.280686974525e-01   3.604478029531e-02
 -5.317696380000e+01   2.913406110000e+01   2.458656687622e+06   2.007966710000e-06   9.247657030000e-01   5.664765650000e-02   9.252099990845e-01   6.151500673925e-05
 -4.924531690000e+01  -8.952329870000e+01   2.458656618297e+06   1.999845370000e-06   7.496126830000e-01   4.772104510000e-02   8.511893749237e-01   4.530730577742e+00
 -5.160778180000e+01  -8.834977050000e+01   2.458656627197e+06   2.027518670000e-06   8.070368080000e-01   2.794042080000e-02   8.399891257286e-01   1.390932477550e+00
 -5.160778260000e+01  -8.834977010000e+01   2.458656627197e+06   2.055015010000e-06   8.096107520000e-01   3.147458910000e-02   8.438214063644e-01   1.181415390651e+00
 -5.160778180000e+01  -8.834977050000e+01   2.458656627197e+06   2.092647900000e-06   8.170693400000e-01   2.106613940000e-02   8.488560914993e-01   2.276786911129e+00
 -5.817082430000e+01  -8.416184960000e+01   2.458656656316e+06   2.293584140000e-06   7.998221280000e-01   3.552155670000e-02   8.491767048836e-01   1.930504800680e+00
 -5.817082420000e+01  -8.416184960000e+01   2.458656656316e+06   2.338357750000e-06   7.878478610000e-01   5.655888670000e-02   8.416016697884e-01   9.032683222157e-01
 -5.959623010000e+01  -8.296617580000e+01   2.458656664085e+06   2.371582820000e-06   9.015519800000e-01   5.155895710000e-02   8.467231392860e-01   1.130862696790e+00
 -5.967441690000e+01  -8.290059030000e+01   2.458656664511e+06   2.419218840000e-06   8.971137100000e-01   9.525193590000e-02   8.413321971893e-01   3.429516956610e-01
 -6.209778760000e+01  -8.041582430000e+01   2.458656680128e+06   2.442734060000e-06   9.215750290000e-01   9.524261440000e-02   8.467721939087e-01   6.168413800649e-01
 -5.853957240000e+01   1.520910890000e+01   2.458656594941e+06   2.364394030000e-06   9.265696590000e-01   4.241405110000e-02   9.340481162071e-01   3.108883981928e-02
 -5.875431150000e+01   1.602257780000e+01   2.458656600239e+06   2.342979160000e-06   9.336135510000e-01   4.197873820000e-02   9.317283034325e-01   2.016870517085e-03
 -5.902814760000e+01   1.914142060000e+01   2.458656620465e+06   2.369644320000e-06   9.291160580000e-01   3.623388560000e-02   9.297205209732e-01   2.782976815955e-04
 -5.892416520000e+01   2.017977700000e+01   2.458656627197e+06   2.342304270000e-06   9.317234750000e-01   3.835670450000e-02   9.272638559341e-01   1.351801591801e-02
 -5.687318670000e+01   2.506103230000e+01   2.458656659363e+06   2.282412500000e-06   9.191102520000e-01   4.095113620000e-02   9.281637072563e-01   4.887612956481e-02
 -5.634571600000e+01   2.582427520000e+01   2.458656664511e+06   2.227667150000e-06   9.419963270000e-01   5.202649970000e-02   9.248231649399e-01   1.089560425949e-01
 -5.419951670000e+01   2.820186630000e+01   2.458656680980e+06   2.173340070000e-06   9.217732700000e-01   3.129268390000e-02   9.288023710251e-01   5.045613083277e-02
 -5.317688910000e+01   2.913412440000e+01   2.458656687622e+06   2.122065970000e-06   9.268805630000e-01   2.314862970000e-02   9.261401295662e-01   1.023107966079e-03
 -4.989242880000e+01   3.157830930000e+01   2.458656705781e+06   2.013086400000e-06   7.440515170000e-01   1.094882600000e-01   9.281485080719e-01   2.827211331042e+00
 -4.924531720000e+01  -8.952329870000e+01   2.458656618297e+06   2.010873000000e-06   7.670754210000e-01   7.333828700000e-02   8.367890119553e-01   9.035940954158e-01
 -4.924531720000e+01  -8.952329870000e+01   2.458656618297e+06   2.034916720000e-06   7.683392520000e-01   3.509517570000e-02   8.402343392372e-01   4.196658092058e+00
 -4.924531710000e+01  -8.952329870000e+01   2.458656618297e+06   2.076665280000e-06   7.764200610000e-01   2.517234360000e-02   8.459731340408e-01   7.634583400360e+00
 -5.160778180000e+01  -8.834977050000e+01   2.458656627197e+06   2.117738980000e-06   8.252506960000e-01   2.314288920000e-02   8.373219966888e-01   2.720651933785e-01
 -5.160778250000e+01  -8.834977010000e+01   2.458656627197e+06   2.155189780000e-06   8.378142040000e-01   4.136591010000e-02   8.423920869827e-01   1.224740859853e-02
 -5.160778180000e+01  -8.834977050000e+01   2.458656627197e+06   2.188690410000e-06   8.482138310000e-01   2.957228510000e-02   8.467368483543e-01   2.494485684429e-03
 -5.817082430000e+01  -8.416184960000e+01   2.458656656316e+06   2.406890740000e-06   7.761234890000e-01   7.848933270000e-02   8.386619687080e-01   6.348532764328e-01
 -5.904132530000e+01  -8.343164680000e+01   2.458656661060e+06   2.443700540000e-06   8.745781860000e-01   1.246306600000e-01   8.437591791153e-01   6.114873680311e-02
 -5.853957240000e+01   1.520910890000e+01   2.458656594941e+06   2.419494110000e-06   9.258917530000e-01   5.551510000000e-02   9.323009848595e-01   1.332875891778e-02
 -5.885625230000e+01   1.640874700000e+01   2.458656602753e+06   2.426114290000e-06   9.323744330000e-01   5.388957600000e-02   9.309488534927e-01   6.997990591834e-04
 -5.898814880000e+01   1.954084490000e+01   2.458656623055e+06   2.428855250000e-06   9.302096580000e-01   5.520296060000e-02   9.277861118317e-01   1.927426628236e-03
 -5.718542450000e+01   2.460922840000e+01   2.458656656316e+06   2.388568620000e-06   9.044091040000e-01   4.805207530000e-02   9.284437298775e-01   2.501787594473e-01
 -5.642186650000e+01   2.571408640000e+01   2.458656663767e+06   2.347768130000e-06   9.430193830000e-01   3.591614320000e-02   9.261769652367e-01   2.199021533296e-01
 -5.434559570000e+01   2.806869550000e+01   2.458656680031e+06   2.278827760000e-06   9.291489920000e-01   3.365760060000e-02   9.289456009865e-01   3.651717862160e-05
 -5.344322160000e+01   2.889132830000e+01   2.458656685892e+06   2.220307660000e-06   9.371990280000e-01   6.966899810000e-02   9.259187579155e-01   2.621560387665e-02
 -4.989241030000e+01   3.157832130000e+01   2.458656705781e+06   2.080484710000e-06   7.965821820000e-01   8.046031440000e-02   9.325410723686e-01   2.855300177576e+00
 -4.834532330000e+01   3.253689100000e+01   2.458656713265e+06   2.022707000000e-06   8.804520350000e-01   7.385915170000e-02   9.301294088364e-01   4.523854491455e-01
 -4.924531720000e+01  -8.952329870000e+01   2.458656618297e+06   2.100970690000e-06   7.778970230000e-01   1.936844120000e-02   8.341802358627e-01   8.444392714538e+00
 -4.924531710000e+01  -8.952329870000e+01   2.458656618297e+06   2.131987560000e-06   7.894188670000e-01   6.163506200000e-02   8.385011553764e-01   6.341528245128e-01
 -4.924531720000e+01  -8.952329870000e+01   2.458656618297e+06   2.172837450000e-06   8.005385710000e-01   3.694968220000e-02   8.439487814903e-01   1.380264659861e+00
 -5.160778180000e+01  -8.834977050000e+01   2.458656627197e+06   2.216280850000e-06   8.604493690000e-01   7.280351050000e-02   8.362122178078e-01   1.108302982716e-01
 -5.160778240000e+01  -8.834977010000e+01   2.458656627197e+06   2.265135660000e-06   8.635142290000e-01   4.671283520000e-02   8.425625562668e-01   2.011708027801e-01
 -5.718542450000e+01   2.460922840000e+01   2.458656656316e+06   2.441915850000e-06   9.027539110000e-01   8.011522420000e-02   9.264828562737e-01   8.772568431446e-02
 -5.634571600000e+01   2.582427520000e+01   2.458656664511e+06   2.423917730000e-06   9.561849420000e-01   5.754660130000e-02   9.255937933922e-01   2.825870195455e-01
 -5.406190720000e+01   2.832731330000e+01   2.458656681874e+06   2.359716340000e-06   9.437767090000e-01   3.645218950000e-02   9.280501008034e-01   1.861327936503e-01
 -5.317696380000e+01   2.913406110000e+01   2.458656687622e+06   2.296722740000e-06   9.472325200000e-01   3.358305350000e-02   9.307395815849e-01   2.411880087515e-01
 -4.989238840000e+01   3.157833550000e+01   2.458656705781e+06   2.197541640000e-06   8.333684190000e-01   8.170720580000e-02   9.333527088165e-01   1.497417190674e+00
 -4.915924870000e+01   3.203258550000e+01   2.458656709328e+06   2.137876940000e-06   8.683241990000e-01   7.590572830000e-02   9.303734302521e-01   6.682265196574e-01
 -4.832016560000e+01   3.255247850000e+01   2.458656713386e+06   2.077997080000e-06   9.093207350000e-01   4.862477430000e-02   9.336704015732e-01   2.507672632920e-01
 -4.475392910000e+01  -9.143517450000e+01   2.458656602753e+06   1.999808470000e-06   7.276511130000e-01   4.597742070000e-02   8.499358296394e-01   7.073838738779e+00
 -4.475392910000e+01  -9.143517460000e+01   2.458656602753e+06   2.032233910000e-06   7.327954620000e-01   4.383002140000e-02   8.385828137398e-01   5.825378184065e+00
 -4.475392910000e+01  -9.143517450000e+01   2.458656602753e+06   2.067980440000e-06   7.577167280000e-01   3.752468640000e-02   8.435663580894e-01   5.234108408673e+00
 -4.924531720000e+01  -8.952329870000e+01   2.458656618297e+06   2.199545820000e-06   8.145154770000e-01   2.745339260000e-02   8.473684787750e-01   1.432049640905e+00
 -4.924531710000e+01  -8.952329870000e+01   2.458656618297e+06   2.238682720000e-06   8.168089940000e-01   5.686124660000e-02   8.384197354317e-01   1.444463528612e-01
 -4.934478940000e+01  -8.947388700000e+01   2.458656618672e+06   2.279185770000e-06   8.257462950000e-01   2.844366680000e-02   8.436304330826e-01   3.953346345302e-01
 -5.160778240000e+01  -8.834977020000e+01   2.458656627197e+06   2.325373450000e-06   8.562921130000e-01   4.072393980000e-02   8.368120193481e-01   2.288139547230e-01
 -5.160778180000e+01  -8.834977050000e+01   2.458656627197e+06   2.378134850000e-06   8.520841730000e-01   4.451297290000e-02   8.433456420898e-01   3.853928492967e-02
 -5.434559540000e+01   2.806869590000e+01   2.458656680031e+06   2.445508330000e-06   9.684741140000e-01   5.091519940000e-02   9.278245568275e-01   6.374068697051e-01
 -5.344218520000e+01   2.889227610000e+01   2.458656685899e+06   2.411543770000e-06   9.532517740000e-01   5.155178420000e-02   9.264787435532e-01   2.697165912227e-01
 -4.985658340000e+01   3.160051960000e+01   2.458656705954e+06   2.268548730000e-06   8.453475450000e-01   9.142048220000e-02   9.316233396530e-01   8.906168774588e-01
 -4.832016930000e+01   3.255247640000e+01   2.458656713386e+06   2.196209270000e-06   9.319843530000e-01   6.467313320000e-02   9.345546960831e-01   1.579553675109e-03
 -4.233222190000e+01  -9.232521720000e+01   2.458656594941e+06   2.009520240000e-06   7.514222070000e-01   6.424006010000e-02   8.346740603447e-01   1.679484282588e+00
 -4.233222190000e+01  -9.232521720000e+01   2.458656594941e+06   2.047152870000e-06   7.456656710000e-01   4.084507770000e-02   8.400850892067e-01   5.343713762902e+00
 -4.475392910000e+01  -9.143517460000e+01   2.458656602753e+06   2.091723150000e-06   7.529444150000e-01   1.956992540000e-02   8.467552065849e-01   2.297879554040e+01
 -4.475392910000e+01  -9.143517460000e+01   2.458656602753e+06   2.126622500000e-06   7.647432990000e-01   2.730528960000e-02   8.365368247032e-01   6.913166060254e+00
 -4.475392910000e+01  -9.143517460000e+01   2.458656602753e+06   2.166949810000e-06   7.729002900000e-01   5.822300820000e-02   8.419877290726e-01   1.408020275039e+00
 -4.924531720000e+01  -8.952329870000e+01   2.458656618297e+06   2.307851810000e-06   8.238699870000e-01   2.575630160000e-02   8.338139653206e-01   1.490573286660e-01
 -4.924531710000e+01  -8.952329870000e+01   2.458656618297e+06   2.356116250000e-06   8.192062080000e-01   4.417662210000e-02   8.399490118027e-01   2.204702065040e-01
 -5.061590730000e+01  -8.884247320000e+01   2.458656623460e+06   2.403986090000e-06   8.373556280000e-01   6.260045780000e-02   8.349007368088e-01   1.537834064108e-03
 -5.160778180000e+01  -8.834977050000e+01   2.458656627197e+06   2.435337200000e-06   8.584633840000e-01   8.099433390000e-02   8.390185832977e-01   5.763651539868e-02
 -4.989238840000e+01   3.157833550000e+01   2.458656705781e+06   2.386456060000e-06   8.331689920000e-01   9.488830480000e-02   9.326568841934e-01   1.099297103416e+00
 -4.854986790000e+01   3.241015550000e+01   2.458656712275e+06   2.306366410000e-06   9.172068050000e-01   6.395008070000e-02   9.292825460434e-01   3.565704826120e-02
 -4.233222200000e+01  -9.232521720000e+01   2.458656594941e+06   2.069793210000e-06   7.648850900000e-01   4.239519960000e-02   8.432185649872e-01   3.413983495317e+00
 -4.233222200000e+01  -9.232521720000e+01   2.458656594941e+06   2.098544320000e-06   7.651035460000e-01   2.564551790000e-02   8.470723628998e-01   1.021584713416e+01
 -4.233222190000e+01  -9.232521720000e+01   2.458656594941e+06   2.146739660000e-06   7.715829970000e-01   2.530725320000e-02   8.387109637260e-01   7.035856369369e+00
 -4.475392910000e+01  -9.143517460000e+01   2.458656602753e+06   2.193122990000e-06   7.817461060000e-01   3.071842150000e-02   8.453866243362e-01   4.292097964944e+00
 -4.475392910000e+01  -9.143517460000e+01   2.458656602753e+06   2.230956310000e-06   7.875982290000e-01   8.068277480000e-02   8.362290263176e-01   3.632964284828e-01
 -4.475392910000e+01  -9.143517460000e+01   2.458656602753e+06   2.276410110000e-06   7.807446070000e-01   3.164684210000e-02   8.421102762222e-01   3.760020296156e+00
 -4.924531720000e+01  -8.952329870000e+01   2.458656618297e+06   2.426170660000e-06   8.248232130000e-01   7.371758680000e-02   8.372047543526e-01   2.821026756382e-02
 -4.877266380000e+01   3.227211260000e+01   2.458656711197e+06   2.433915050000e-06   8.855855260000e-01   9.523322130000e-02   9.315254688263e-01   2.327040550227e-01
 -4.832017230000e+01   3.255247460000e+01   2.458656713386e+06   2.384210220000e-06   9.137677280000e-01   5.904000760000e-02   9.338491559029e-01   1.156901465672e-01
 -4.233222200000e+01  -9.232521720000e+01   2.458656594941e+06   2.171384270000e-06   7.712838860000e-01   1.549798830000e-02   8.420032858849e-01   2.082219339858e+01
 -4.233222200000e+01  -9.232521720000e+01   2.458656594941e+06   2.198317950000e-06   7.800330170000e-01   6.498820500000e-02   8.454918861389e-01   1.014537052826e+00
 -4.233222190000e+01  -9.232521720000e+01   2.458656594941e+06   2.252136940000e-06   7.925365740000e-01   5.913631000000e-02   8.384588360786e-01   6.030288663743e-01
 -4.402968020000e+01  -9.170135560000e+01   2.458656600417e+06   2.298663510000e-06   8.004202540000e-01   3.967029700000e-02   8.447417020798e-01   1.248236790394e+00
 -4.475392910000e+01  -9.143517460000e+01   2.458656602753e+06   2.344801740000e-06   7.746775160000e-01   5.071675730000e-02   8.374239206314e-01   1.530645910232e+00
 -4.475392910000e+01  -9.143517460000e+01   2.458656602753e+06   2.397120200000e-06   7.770241920000e-01   5.614759150000e-02   8.438302874565e-01   1.415695711253e+00
 -4.233222190000e+01  -9.232521720000e+01   2.458656594941e+06   2.312862320000e-06   7.906921200000e-01   3.952774620000e-02   8.327872753143e-01   1.134122920892e+00
 -4.233222200000e+01  -9.232521720000e+01   2.458656594941e+06   2.367509000000e-06   7.793953630000e-01   6.217839300000e-02   8.397322893143e-01   9.416453759294e-01
 -4.347849670000e+01  -9.190393040000e+01   2.458656598639e+06   2.418042200000e-06   7.766605760000e-01   7.165119530000e-02   8.348856568336e-01   6.603486901234e-01
 -4.475392910000e+01  -9.143517460000e+01   2.458656602753e+06   2.444187260000e-06   7.585948230000e-01   1.061237120000e-01   8.383245468140e-01   5.644372336431e-01
 -4.233222200000e+01  -9.232521720000e+01   2.458656594941e+06   2.434537720000e-06   8.114451660000e-01   1.047474040000e-01   8.366541266441e-01   5.791930521939e-02
 -3.309789530000e+01  -3.175904090000e+01   2.458656687797e+06   1.997880530000e-06   9.502206040000e-01   6.964951450000e-02   9.698807597160e-01   7.967787071678e-02
 -3.353513370000e+01  -2.984930340000e+01   2.458656709725e+06   2.011085120000e-06   8.362540370000e-01   1.313697010000e-01   9.683693647385e-01   1.011383793110e+00
 -3.146203130000e+01  -4.566374130000e+01   2.458656709454e+06   2.002693920000e-06   8.504178300000e-01   1.090795320000e-01   9.493719339371e-01   8.229644762328e-01
 -3.168194240000e+01  -4.534090420000e+01   2.458656713386e+06   2.029632390000e-06   9.039809750000e-01   6.463700020000e-02   9.509981870651e-01   5.291165695748e-01
 -3.171741490000e+01  -3.399541340000e+01   2.458656661413e+06   2.013151480000e-06   9.317783130000e-01   6.861082750000e-02   9.656872153282e-01   2.442542607045e-01
 -3.278623670000e+01  -3.237842770000e+01   2.458656680569e+06   2.038520350000e-06   9.360778750000e-01   5.854007970000e-02   9.673417806625e-01   2.852199138753e-01
 -3.319183590000e+01  -3.132493410000e+01   2.458656692773e+06   2.081481470000e-06   9.132022330000e-01   1.093589220000e-01   9.693441987038e-01   2.635522862867e-01
 -3.353996730000e+01  -2.977916260000e+01   2.458656710527e+06   2.108689590000e-06   9.006294870000e-01   8.593698240000e-02   9.681637287140e-01   6.175723681809e-01
 -2.961437400000e+01  -4.772208530000e+01   2.458656683683e+06   2.004363070000e-06   9.753743190000e-01   8.360442670000e-02   9.474641680717e-01   1.114463434166e-01
 -3.042743900000e+01  -4.689507290000e+01   2.458656694159e+06   2.037705540000e-06   9.267333840000e-01   9.283546430000e-02   9.498780965805e-01   6.215495498375e-02
 -3.142200870000e+01  -4.572249610000e+01   2.458656708738e+06   2.085123260000e-06   9.006995620000e-01   6.207446870000e-02   9.531267881393e-01   7.133254819495e-01
 -3.160568280000e+01  -4.545285590000e+01   2.458656712023e+06   2.146845050000e-06   9.319895850000e-01   6.525771910000e-02   9.513488411903e-01   8.800625770057e-02
 -3.136032490000e+01  -3.441678410000e+01   2.458656656316e+06   2.054409970000e-06   9.270057030000e-01   4.954236730000e-02   9.668530225754e-01   6.469112685030e-01
 -3.170683320000e+01  -3.400790000000e+01   2.458656661262e+06   2.120767760000e-06   9.584770850000e-01   6.275002580000e-02   9.657181501389e-01   1.331610132637e-02
 -3.276337010000e+01  -3.241254350000e+01   2.458656680165e+06   2.174258840000e-06   9.754907130000e-01   4.675736850000e-02   9.681394696236e-01   2.471846398093e-02
 -3.325291860000e+01  -3.106224210000e+01   2.458656695791e+06   2.218822640000e-06   9.643890850000e-01   8.425908900000e-02   9.673013091087e-01   1.194582276816e-03
 -3.354027530000e+01  -2.977469250000e+01   2.458656710578e+06   2.259147760000e-06   9.499174040000e-01   8.041590890000e-02   9.694221615791e-01   5.882977183185e-02
 -2.774001410000e+01  -4.916122520000e+01   2.458656664511e+06   1.998132900000e-06   9.583550770000e-01   5.157610200000e-02   9.513932466507e-01   1.822006154360e-02
 -2.822035800000e+01  -4.880407860000e+01   2.458656669302e+06   2.031013530000e-06   9.951099260000e-01   5.569888740000e-02   9.479211568832e-01   7.177682740892e-01
 -2.950782040000e+01  -4.781701470000e+01   2.458656682457e+06   2.087547750000e-06   1.019529480000e+00   4.660089100000e-02   9.513689279556e-01   2.139329883022e+00
 -2.978670320000e+01  -4.756855810000e+01   2.458656685667e+06   2.154858220000e-06   1.037411590000e+00   3.624759320000e-02   9.497204422951e-01   5.852658149656e+00
 -3.118765080000e+01  -4.601465400000e+01   2.458656705126e+06   2.200406130000e-06   9.445852410000e-01   7.702970630000e-02   9.485195875168e-01   2.608727590283e-03
 -3.151307250000e+01  -4.558881120000e+01   2.458656710367e+06   2.272256060000e-06   9.455218960000e-01   5.757303890000e-02   9.520388245583e-01   1.281290520166e-02
 -2.934895140000e+01  -4.074049530000e+01   2.458656658564e+06   2.144920110000e-06   9.069428170000e-01   1.073719790000e-01   9.598888754845e-01   2.431562038240e-01
 -2.845022430000e+01  -3.683946160000e+01   2.458656625389e+06   2.041393900000e-06   8.640302280000e-01   6.351415480000e-02   9.658297896385e-01   2.568921120807e+00
 -2.865794070000e+01  -3.670640950000e+01   2.458656627197e+06   2.110091780000e-06   8.878770660000e-01   8.371436100000e-02   9.646058678627e-01   8.400727552530e-01
 -3.136032500000e+01  -3.441678400000e+01   2.458656656316e+06   2.191596780000e-06   9.689674230000e-01   4.094762650000e-02   9.676975607872e-01   9.617356915752e-04
 -3.167516340000e+01  -3.404527070000e+01   2.458656660810e+06   2.267621500000e-06   1.000314480000e+00   3.663823890000e-02   9.669369459152e-01   8.299258957177e-01
 -3.274208420000e+01  -3.244379330000e+01   2.458656679795e+06   2.329971840000e-06   9.985935580000e-01   3.834242790000e-02   9.665526151657e-01   6.983149745046e-01
 -3.330400830000e+01  -3.084415280000e+01   2.458656698297e+06   2.377435050000e-06   9.510140270000e-01   7.450533590000e-02   9.689540266991e-01   5.797891833069e-02
 -3.354455450000e+01  -2.971259530000e+01   2.458656711288e+06   2.413425050000e-06   9.330127420000e-01   1.058212420000e-01   9.683883786201e-01   1.117539337935e-01
 -2.681049910000e+01  -4.974506570000e+01   2.458656656316e+06   2.010056620000e-06   8.976435490000e-01   6.786159430000e-02   9.461093544960e-01   5.100617459277e-01
 -2.708994820000e+01  -4.956954010000e+01   2.458656658780e+06   2.073387820000e-06   9.461544430000e-01   6.183122960000e-02   9.493831992149e-01   2.726809158673e-03
 -2.752380090000e+01  -4.929703160000e+01   2.458656662605e+06   2.136636570000e-06   1.012934460000e+00   7.351172560000e-02   9.475025534630e-01   7.922566894241e-01
 -2.874458510000e+01  -4.841430390000e+01   2.458656674532e+06   2.201646530000e-06   1.067491750000e+00   4.265197920000e-02   9.463861584663e-01   8.062134016063e+00
 -2.961056150000e+01  -4.772548250000e+01   2.458656683639e+06   2.277307350000e-06   1.071008340000e+00   3.765944700000e-02   9.503152966499e-01   1.027109154318e+01
 -3.037914010000e+01  -4.694539460000e+01   2.458656693524e+06   2.348520240000e-06   1.025198710000e+00   7.577261190000e-02   9.496436119080e-01   9.942670153877e-01
 -2.922675820000e+01  -4.286828790000e+01   2.458656668459e+06   2.254404980000e-06   9.361465530000e-01   1.028627880000e-01   9.570986032486e-01   4.148933475560e-02
 -2.763533830000e+01  -3.736143460000e+01   2.458656618297e+06   2.090708170000e-06   8.804904800000e-01   6.254398100000e-02   9.673188924789e-01   1.927314900729e+00
 -2.822187590000e+01  -3.698572960000e+01   2.458656623402e+06   2.173722750000e-06   9.152259850000e-01   5.218706990000e-02   9.665809869766e-01   9.683663136808e-01
 -2.865794040000e+01  -3.670640970000e+01   2.458656627197e+06   2.258941220000e-06   9.398229330000e-01   4.767333090000e-02   9.659764766693e-01   3.009609090818e-01
 -3.136032490000e+01  -3.441678410000e+01   2.458656656316e+06   2.348120840000e-06   9.969091070000e-01   3.627552800000e-02   9.661073088646e-01   7.209823876277e-01
 -3.166307240000e+01  -3.405953820000e+01   2.458656660638e+06   2.409705530000e-06   1.023202440000e+00   5.643905630000e-02   9.654196500778e-01   1.048184002500e+00
 -3.278785050000e+01  -3.242695900000e+01   2.458656680031e+06   2.439484210000e-06   1.012424210000e+00   6.598791070000e-02   9.670215845108e-01   4.734053688110e-01
 -2.294984420000e+01  -5.164335960000e+01   2.458656627197e+06   1.992874430000e-06   9.043255760000e-01   4.212311750000e-02   9.494181871414e-01   1.145960788927e+00
 -2.681049920000e+01  -4.974506570000e+01   2.458656656316e+06   2.177888370000e-06   9.580751660000e-01   4.142345860000e-02   9.490919113159e-01   4.702997102358e-02
 -2.717885190000e+01  -4.951369850000e+01   2.458656659564e+06   2.258630190000e-06   1.009504470000e+00   7.536079740000e-02   9.481461048126e-01   6.629130820356e-01
 -2.761352350000e+01  -4.924067560000e+01   2.458656663396e+06   2.339255490000e-06   1.071591280000e+00   6.527442240000e-02   9.473671317101e-01   3.621812643975e+00
 -2.884609990000e+01  -4.710613160000e+01   2.458656672109e+06   2.362108020000e-06   1.065404590000e+00   1.100416670000e-01   9.510438442230e-01   1.080039492426e+00
 -2.510737220000e+01  -3.941520150000e+01   2.458656602472e+06   2.079816940000e-06   8.601201990000e-01   1.053599000000e-01   9.659530520439e-01   1.008998007213e+00
 -2.543225340000e+01  -3.854408010000e+01   2.458656601246e+06   2.134298480000e-06   8.879755820000e-01   6.992904330000e-02   9.652295708656e-01   1.220468716598e+00
 -2.654568400000e+01  -3.795427630000e+01   2.458656609793e+06   2.224369230000e-06   9.440245530000e-01   5.876407660000e-02   9.648424386978e-01   1.255016417292e-01
 -2.799729890000e+01  -3.712958170000e+01   2.458656621447e+06   2.332384800000e-06   9.314963250000e-01   4.290809250000e-02   9.650556445122e-01   6.117132330486e-01
 -2.865794070000e+01  -3.670640950000e+01   2.458656627197e+06   2.409224680000e-06   9.390533070000e-01   6.886409700000e-02   9.647065997124e-01   1.387715755643e-01
 -2.207042680000e+01  -5.198367880000e+01   2.458656621355e+06   2.015211950000e-06   9.068201320000e-01   8.807522180000e-02   9.447500705719e-01   1.854627895099e-01
 -2.277539940000e+01  -5.171086690000e+01   2.458656626038e+06   2.064673080000e-06   9.396710550000e-01   4.886960880000e-02   9.474707841873e-01   2.547307197801e-02
 -2.294984130000e+01  -5.164336090000e+01   2.458656627197e+06   2.146831680000e-06   9.637482490000e-01   5.016988760000e-02   9.463367462158e-01   1.204443014535e-01
 -2.681049920000e+01  -4.974506560000e+01   2.458656656316e+06   2.378778220000e-06   9.589503740000e-01   4.726097070000e-02   9.487026333809e-01   4.701657337326e-02
 -2.738591330000e+01  -4.938364060000e+01   2.458656661389e+06   2.433864530000e-06   1.025589630000e+00   1.172268860000e-01   9.474686980247e-01   4.440995921046e-01
 -2.454865090000e+01  -3.895803120000e+01   2.458656594941e+06   2.180686520000e-06   8.964598240000e-01   7.001692390000e-02   9.666487574577e-01   1.004919406190e+00
 -2.506601090000e+01  -3.871565780000e+01   2.458656598633e+06   2.280819820000e-06   9.243707430000e-01   6.095789820000e-02   9.664797186852e-01   4.771878593069e-01
 -2.570769530000e+01  -3.841019570000e+01   2.458656603254e+06   2.386399400000e-06   9.416359360000e-01   6.982177840000e-02   9.665147662163e-01   1.269632701642e-01
 -2.763533830000e+01  -3.736143460000e+01   2.458656618297e+06   2.430283110000e-06   9.442243040000e-01   7.360479610000e-02   9.652375578880e-01   8.150314881641e-02
 -1.911033590000e+01  -5.299010310000e+01   2.458656602753e+06   1.994780190000e-06   8.234708890000e-01   6.242558660000e-02   9.485202431679e-01   4.012708779764e+00
 -1.911033590000e+01  -5.299010320000e+01   2.458656602753e+06   2.005588740000e-06   8.310194490000e-01   1.216962810000e-01   9.434319138527e-01   8.532461320542e-01
 -2.160997880000e+01  -5.216186410000e+01   2.458656618297e+06   2.093441840000e-06   9.296974020000e-01   5.066009480000e-02   9.485452175140e-01   1.384171962600e-01
 -2.176537520000e+01  -5.210172840000e+01   2.458656619329e+06   2.176246570000e-06   9.552703540000e-01   3.899912810000e-02   9.474251866341e-01   4.046640566483e-02
 -2.246749080000e+01  -5.183002210000e+01   2.458656623993e+06   2.246800290000e-06   9.804087220000e-01   4.108456240000e-02   9.460349082947e-01   7.000001074259e-01
 -2.294984130000e+01  -5.164336090000e+01   2.458656627197e+06   2.348548440000e-06   9.947185750000e-01   4.271779810000e-02   9.461514353752e-01   1.292609475231e+00
 -2.294984110000e+01  -5.164336100000e+01   2.458656627197e+06   2.408914410000e-06   9.828246270000e-01   5.047746210000e-02   9.448821544647e-01   5.650101297566e-01
 -2.454865170000e+01  -3.895803090000e+01   2.458656594941e+06   2.349465830000e-06   8.883086310000e-01   6.512504960000e-02   9.654662609100e-01   1.403659028107e+00
 -2.463914270000e+01  -3.891563760000e+01   2.458656595587e+06   2.408892220000e-06   8.906053050000e-01   8.756604930000e-02   9.645917415619e-01   7.138923187431e-01
 -1.778356670000e+01  -5.336718720000e+01   2.458656594941e+06   2.002059580000e-06   8.098519700000e-01   1.294499420000e-01   9.429033994675e-01   1.056416970852e+00
 -1.839349310000e+01  -5.319383870000e+01   2.458656598533e+06   2.049517620000e-06   8.456628190000e-01   8.035471040000e-02   9.455866813660e-01   1.546378292439e+00
 -1.911033590000e+01  -5.299010320000e+01   2.458656602753e+06   2.120475020000e-06   8.945315950000e-01   3.747057990000e-02   9.440322518349e-01   1.745183485869e+00
 -1.911033590000e+01  -5.299010320000e+01   2.458656602753e+06   2.205745630000e-06   9.188708730000e-01   4.957373300000e-02   9.432061314583e-01   2.409731637236e-01
 -2.160997880000e+01  -5.216186410000e+01   2.458656618297e+06   2.296438970000e-06   9.747809790000e-01   3.699541850000e-02   9.480511546135e-01   5.220310339513e-01
 -2.160997880000e+01  -5.216186410000e+01   2.458656618297e+06   2.372015530000e-06   9.736952940000e-01   4.298937600000e-02   9.468455314636e-01   3.900844296006e-01
 -2.240283310000e+01  -5.185504350000e+01   2.458656623564e+06   2.435024530000e-06   9.681267830000e-01   5.976745840000e-02   9.458978772163e-01   1.383268841180e-01
 -1.778357030000e+01  -5.336718630000e+01   2.458656594941e+06   2.092515840000e-06   8.668594610000e-01   2.324078400000e-02   9.475797414780e-01   1.206323465406e+01
 -1.778356930000e+01  -5.336718660000e+01   2.458656594941e+06   2.135352860000e-06   8.686804220000e-01   4.118701980000e-02   9.444693326950e-01   3.386028373940e+00
 -1.787249480000e+01  -5.334191290000e+01   2.458656595465e+06   2.226628640000e-06   8.947373340000e-01   6.066105390000e-02   9.439493417740e-01   6.581460290322e-01
 -1.844695270000e+01  -5.317864490000e+01   2.458656598847e+06   2.313041230000e-06   8.936520360000e-01   5.738644910000e-02   9.434439539909e-01   7.528336205273e-01
 -1.911033590000e+01  -5.299010320000e+01   2.458656602753e+06   2.402459680000e-06   8.879595060000e-01   7.076355050000e-02   9.436739087105e-01   6.198915662543e-01
 -1.778357030000e+01  -5.336718630000e+01   2.458656594941e+06   2.371527900000e-06   9.895108640000e-01   8.446793610000e-02   9.459679126740e-01   2.657369576930e-01
 -1.778357030000e+01  -5.336718630000e+01   2.458656594941e+06   2.411005520000e-06   8.500374920000e-01   6.955366440000e-02   9.437730908394e-01   1.816222641898e+00
