 -1.00  2.0000E-01  1.6353E+05  7.6524E-05   0.7880
 -1.00  2.0396E-01  1.6155E+05  3.0933E-07   0.7922
 -1.00  2.0800E-01  1.5921E+05  8.3490E-06   0.7957
 -1.00  2.1212E-01  1.5673E+05  6.4465E-06   0.7982
 -1.00  2.1632E-01  1.5421E+05  3.2962E-05   0.7999
 -1.00  2.2060E-01  1.5142E+05  2.6259E-05   0.8013
 -1.00  2.2497E-01  1.4838E+05  8.0045E-06   0.8025
 -1.00  2.2943E-01  1.4510E+05  8.9958E-07   0.8035
 -1.00  2.3397E-01  1.4159E+05  5.2899E-06   0.8043
 -1.00  2.3860E-01  1.3788E+05  1.6432E-11   0.8049
 -1.00  2.4333E-01  1.3399E+05  1.1560E-08   0.8053
 -1.00  2.4815E-01  1.2993E+05  2.8532E-05   0.8054
 -1.00  2.5306E-01  1.2623E+05  3.3886E-05   0.8049
 -1.00  2.5807E-01  1.2275E+05  1.6711E-05   0.8038
 -1.00  2.6318E-01  1.1921E+05  1.8326E-05   0.8026
 -1.00  2.6839E-01  1.1561E+05  3.7442E-05   0.8012
 -1.00  2.7371E-01  1.1197E+05  2.1596E-07   0.7997
 -1.00  2.7913E-01  1.0831E+05  4.4330E-05   0.7980
 -1.00  2.8466E-01  1.0463E+05  1.3853E-05   0.7962
 -1.00  2.9029E-01  1.0094E+05  5.8257E-07   0.7942
 -1.00  2.9604E-01  9.7252E+04  4.4864E-06   0.7921
 -1.00  3.0190E-01  9.3712E+04  2.8605E-06   0.7897
 -1.00  3.0788E-01  9.0466E+04  3.7741E-08   0.7869
 -1.00  3.1398E-01  8.7249E+04  7.7790E-06   0.7841
 -1.00  3.2020E-01  8.4066E+04  5.3985E-06   0.7811
 -1.00  3.2654E-01  8.0922E+04  2.2719E-08   0.7779
 -1.00  3.3300E-01  7.7822E+04  9.4126E-07   0.7746
 -1.00  3.3960E-01  7.4771E+04  9.4320E-07   0.7712
 -1.00  3.4632E-01  7.1774E+04  1.4935E-05   0.7677
 -1.00  3.5318E-01  6.8908E+04  1.9753E-06   0.7639
 -1.00  3.6018E-01  6.6188E+04  2.3946E-05   0.7600
 -1.00  3.6731E-01  6.3525E+04  3.7024E-06   0.7559
 -1.00  3.7458E-01  6.0922E+04  7.9279E-08   0.7516
 -1.00  3.8200E-01  5.8380E+04  2.8792E-07   0.7472
 -1.00  3.8956E-01  5.5901E+04  1.5366E-06   0.7427
 -1.00  3.9728E-01  5.3542E+04  2.7510E-06   0.7380
 -1.00  4.0515E-01  5.1249E+04  6.9001E-06   0.7331
 -1.00  4.1317E-01  4.9029E+04  2.5723E-07   0.7281
 -1.00  4.2135E-01  4.6890E+04  2.1527E-05   0.7229
 -1.00  4.2969E-01  4.4832E+04  1.4202E-05   0.7176
 -1.00  4.3820E-01  4.2836E+04  5.7383E-06   0.7121
 -1.00  4.4688E-01  4.0920E+04  4.5070E-05   0.7064
 -1.00  4.5573E-01  3.9068E+04  5.6807E-05   0.7005
 -1.00  4.6475E-01  3.7277E+04  5.5004E-05   0.6945
 -1.00  4.7396E-01  3.5554E+04  1.1781E-04   0.6882
 -1.00  4.8334E-01  3.3902E+04  1.0826E-04   0.6818
 -1.00  4.9292E-01  3.2307E+04  1.6899E-04   0.6752
 -1.00  5.0268E-01  3.0774E+04  2.5534E-04   0.6684
 -1.00  5.1263E-01  2.9305E+04  3.3229E-04   0.6613
 -1.00  5.2278E-01  2.7882E+04  3.1384E-04   0.6541
 -1.00  5.3313E-01  2.6531E+04  3.9690E-04   0.6467
 -1.00  5.4369E-01  2.5238E+04  6.6768E-04   0.6390
 -1.00  5.5446E-01  2.3984E+04  6.8680E-04   0.6311
 -1.00  5.6544E-01  2.2789E+04  9.2614E-04   0.6230
 -1.00  5.7664E-01  2.1650E+04  1.1045E-03   0.6147
 -1.00  5.8806E-01  2.0557E+04  1.2615E-03   0.6061
 -1.00  5.9970E-01  1.9510E+04  1.4928E-03   0.5973
 -1.00  6.1158E-01  1.8507E+04  1.8014E-03   0.5882
 -1.00  6.2369E-01  1.7547E+04  2.2242E-03   0.5790
 -1.00  6.3604E-01  1.6636E+04  2.9182E-03   0.5695
 -1.00  6.4863E-01  1.5763E+04  3.2764E-03   0.5598
 -1.00  6.6148E-01  1.4936E+04  3.8228E-03   0.5498
 -1.00  6.7458E-01  1.4144E+04  4.4677E-03   0.5397
 -1.00  6.8793E-01  1.3387E+04  5.2068E-03   0.5293
 -1.00  7.0156E-01  1.2670E+04  6.4341E-03   0.5188
 -1.00  7.1545E-01  1.1986E+04  7.8501E-03   0.5081
 -1.00  7.2962E-01  1.1327E+04  8.7415E-03   0.4972
 -1.00  7.4407E-01  1.0710E+04  1.0526E-02   0.4863
 -1.00  7.5880E-01  1.0124E+04  1.3449E-02   0.4752
 -1.00  7.7383E-01  9.5620E+03  1.7373E-02   0.4639
 -1.00  7.8915E-01  9.0276E+03  2.1441E-02   0.4526
 -1.00  8.0478E-01  8.5196E+03  2.4548E-02   0.4413
 -1.00  8.2071E-01  8.0423E+03  2.5023E-02   0.4299
 -1.00  8.3697E-01  7.5834E+03  2.5432E-02   0.4185
 -1.00  8.5354E-01  7.1494E+03  3.2249E-02   0.4071
 -1.00  8.7044E-01  6.7386E+03  4.3369E-02   0.3958
 -1.00  8.8768E-01  6.3459E+03  5.9781E-02   0.3845
 -1.00  9.0526E-01  5.9775E+03  6.6613E-02   0.3733
 -1.00  9.2318E-01  5.6253E+03  7.2935E-02   0.3622
 -1.00  9.4147E-01  5.2926E+03  8.1994E-02   0.3512
 -1.00  9.6011E-01  4.9784E+03  1.0807E-01   0.3403
 -1.00  9.7912E-01  4.6803E+03  1.5366E-01   0.3297
 -1.00  9.9851E-01  4.3954E+03  2.1429E-01   0.3191
 -1.00  1.0183E+00  4.1282E+03  2.9265E-01   0.3088
 -1.00  1.0385E+00  3.8750E+03  3.0140E-01   0.2987
 -1.00  1.0590E+00  3.6338E+03  2.5002E-01   0.2887
 -1.00  1.0800E+00  3.4076E+03  2.1436E-01   0.2791
 -1.00  1.1014E+00  3.1920E+03  2.0535E-01   0.2696
 -1.00  1.1232E+00  2.9899E+03  2.2175E-01   0.2603
 -1.00  1.1454E+00  2.7984E+03  2.6014E-01   0.2513
 -1.00  1.1681E+00  2.6176E+03  4.1233E-01   0.2426
 -1.00  1.1912E+00  2.4464E+03  6.4135E-01   0.2341
 -1.00  1.2148E+00  2.2867E+03  1.0017E+00   0.2258
 -1.00  1.2389E+00  2.1348E+03  1.2584E+00   0.2178
 -1.00  1.2634E+00  1.9919E+03  1.3508E+00   0.2100
 -1.00  1.2884E+00  1.8576E+03  1.3104E+00   0.2025
 -1.00  1.3139E+00  1.7314E+03  1.2722E+00   0.1952
 -1.00  1.3400E+00  1.6129E+03  1.2670E+00   0.1881
 -1.00  1.3665E+00  1.5010E+03  1.3475E+00   0.1812
 -1.00  1.3936E+00  1.3956E+03  1.6469E+00   0.1746
 -1.00  1.4212E+00  1.2970E+03  5.6924E+00   0.1682
 -1.00  1.4493E+00  1.2047E+03  1.7694E+01   0.1621
 -1.00  1.4780E+00  1.1186E+03  3.9148E+01   0.1561
 -1.00  1.5073E+00  1.0395E+03  4.3578E+01   0.1504
 -1.00  1.5371E+00  9.6493E+02  3.7079E+01   0.1448
 -1.00  1.5676E+00  8.9459E+02  2.9142E+01   0.1394
 -1.00  1.5986E+00  8.2873E+02  2.2279E+01   0.1343
 -1.00  1.6303E+00  7.6688E+02  1.8883E+01   0.1292
 -1.00  1.6625E+00  7.0911E+02  1.6329E+01   0.1244
 -1.00  1.6955E+00  6.5499E+02  1.3704E+01   0.1198
 -1.00  1.7290E+00  6.0457E+02  1.1602E+01   0.1153
 -1.00  1.7633E+00  5.5773E+02  1.0357E+01   0.1109
 -1.00  1.7982E+00  5.1381E+02  9.4795E+00   0.1068
 -1.00  1.8338E+00  4.7273E+02  8.5450E+00   0.1027
 -1.00  1.8701E+00  4.3402E+02  1.0489E+01   0.0988
 -1.00  1.9072E+00  3.9807E+02  2.7812E+01   0.0951
 -1.00  1.9449E+00  3.6501E+02  7.1072E+01   0.0915
 -1.00  1.9834E+00  3.3600E+02  9.7066E+01   0.0880
 -1.00  2.0227E+00  3.0886E+02  9.1085E+01   0.0847
 -1.00  2.0628E+00  2.8316E+02  7.2261E+01   0.0814
 -1.00  2.1036E+00  2.5853E+02  4.3593E+01   0.0783
 -1.00  2.1453E+00  2.3499E+02  2.3765E+01   0.0753
 -1.00  2.1878E+00  2.1301E+02  1.4922E+01   0.0724
 -1.00  2.2311E+00  1.9243E+02  1.1216E+01   0.0695
 -1.00  2.2753E+00  1.7317E+02  1.1744E+01   0.0668
 -1.00  2.3203E+00  1.5517E+02  1.7819E+01   0.0642
 -1.00  2.3663E+00  1.3828E+02  2.5272E+01   0.0616
 -1.00  2.4131E+00  1.2236E+02  2.9323E+01   0.0592
 -1.00  2.4609E+00  1.0717E+02  3.2773E+01   0.0568
 -1.00  2.5096E+00  9.2542E+01  3.5809E+01   0.0544
 -1.00  2.5593E+00  7.8255E+01  3.4896E+01   0.0522
 -1.00  2.6100E+00  6.3926E+01  3.5547E+01   0.0499
 -1.00  2.6617E+00  4.8983E+01  5.5336E+01   0.0477
 -1.00  2.7144E+00  3.3516E+01  1.3573E+02   0.0454
 -1.00  2.7682E+00  1.7443E+01  5.1217E+02   0.0430
 -1.00  2.8230E+00  5.7108E+00  1.6423E+03   0.0405
 -1.00  2.8789E+00  1.4908E+01  4.9588E+03   0.0379
 -1.00  2.9359E+00  8.5165E+01  1.2205E+04   0.0359
 -1.00  2.9940E+00  1.7159E+02  1.7504E+04   0.0346
 -1.00  3.0533E+00  3.5869E+02  2.3422E+04   0.0340
 -1.00  3.1138E+00  3.8281E+02  1.7231E+04   0.0382
 -1.00  3.1755E+00  3.2811E+02  1.0538E+04   0.0408
 -1.00  3.2383E+00  2.3984E+02  5.3489E+03   0.0397
 -1.00  3.3025E+00  1.8004E+02  2.8999E+03   0.0372
 -1.00  3.3679E+00  1.4107E+02  1.5313E+03   0.0350
 -1.00  3.4346E+00  1.1278E+02  8.5376E+02   0.0330
 -1.00  3.5026E+00  9.2657E+01  4.8679E+02   0.0313
 -1.00  3.5719E+00  7.7789E+01  3.0867E+02   0.0298
 -1.00  3.6427E+00  6.6455E+01  2.2600E+02   0.0284
 -1.00  3.7148E+00  5.7493E+01  1.9544E+02   0.0271
 -1.00  3.7884E+00  5.0090E+01  2.0116E+02   0.0259
 -1.00  3.8634E+00  4.4182E+01  2.3750E+02   0.0248
 -1.00  3.9399E+00  3.9292E+01  2.8246E+02   0.0238
 -1.00  4.0179E+00  3.5145E+01  3.3196E+02   0.0228
 -1.00  4.0975E+00  3.1540E+01  3.8381E+02   0.0219
 -1.00  4.1786E+00  2.8493E+01  4.3597E+02   0.0210
 -1.00  4.2614E+00  2.5788E+01  4.9945E+02   0.0202
 -1.00  4.3457E+00  2.3486E+01  5.9454E+02   0.0194
 -1.00  4.4318E+00  2.1805E+01  7.0825E+02   0.0186
 -1.00  4.5196E+00  2.0672E+01  7.4649E+02   0.0180
 -1.00  4.6091E+00  1.9407E+01  6.2279E+02   0.0173
 -1.00  4.7003E+00  1.7777E+01  4.6995E+02   0.0166
 -1.00  4.7934E+00  1.6084E+01  3.8003E+02   0.0160
 -1.00  4.8883E+00  1.4496E+01  3.0667E+02   0.0153
 -1.00  4.9851E+00  1.3017E+01  2.7114E+02   0.0147
 -1.00  5.0839E+00  1.1668E+01  2.5954E+02   0.0141
 -1.00  5.1845E+00  1.0453E+01  2.6900E+02   0.0135
 -1.00  5.2872E+00  9.3517E+00  2.9413E+02   0.0130
 -1.00  5.3919E+00  8.3642E+00  3.3599E+02   0.0124
 -1.00  5.4987E+00  7.4747E+00  4.0294E+02   0.0119
 -1.00  5.6076E+00  6.6898E+00  5.0089E+02   0.0115
 -1.00  5.7186E+00  6.0041E+00  6.3255E+02   0.0110
 -1.00  5.8319E+00  5.5155E+00  8.4156E+02   0.0106
 -1.00  5.9473E+00  5.3214E+00  1.0228E+03   0.0102
 -1.00  6.0651E+00  5.1826E+00  1.1589E+03   0.0098
 -1.00  6.1852E+00  5.0619E+00  1.1341E+03   0.0095
 -1.00  6.3077E+00  4.8234E+00  1.0645E+03   0.0091
 -1.00  6.4326E+00  4.5124E+00  1.0039E+03   0.0088
 -1.00  6.5600E+00  4.1978E+00  9.5226E+02   0.0085
 -1.00  6.6899E+00  3.8967E+00  9.1495E+02   0.0081
 -1.00  6.8224E+00  3.6251E+00  8.7523E+02   0.0078
 -1.00  6.9575E+00  3.3580E+00  8.1964E+02   0.0075
 -1.00  7.0953E+00  3.0917E+00  7.6247E+02   0.0072
 -1.00  7.2358E+00  2.8379E+00  7.1905E+02   0.0070
 -1.00  7.3790E+00  2.5942E+00  6.6371E+02   0.0067
 -1.00  7.5252E+00  2.3638E+00  6.2235E+02   0.0064
 -1.00  7.6742E+00  2.1454E+00  5.7217E+02   0.0062
 -1.00  7.8261E+00  1.9325E+00  5.3779E+02   0.0059
 -1.00  7.9811E+00  1.7378E+00  5.1492E+02   0.0057
 -1.00  8.1392E+00  1.5610E+00  4.9846E+02   0.0055
 -1.00  8.3004E+00  1.3998E+00  4.8574E+02   0.0052
 -1.00  8.4647E+00  1.2517E+00  4.7430E+02   0.0050
 -1.00  8.6323E+00  1.1131E+00  4.6447E+02   0.0048
 -1.00  8.8033E+00  9.8395E-01  4.5705E+02   0.0046
 -1.00  8.9776E+00  8.6408E-01  4.5243E+02   0.0044
 -1.00  9.1554E+00  7.5059E-01  4.5345E+02   0.0042
 -1.00  9.3367E+00  6.4303E-01  4.6191E+02   0.0041
 -1.00  9.5216E+00  5.4423E-01  4.7566E+02   0.0039
 -1.00  9.7101E+00  4.4594E-01  5.0385E+02   0.0037
 -1.00  9.9024E+00  3.5312E-01  5.4833E+02   0.0035
 -1.00  1.0099E+01  2.6776E-01  6.5925E+02   0.0034
 -1.00  1.0299E+01  2.0147E-01  8.4703E+02   0.0032
 -1.00  1.0502E+01  1.6348E-01  1.1771E+03   0.0030
 -1.00  1.0710E+01  2.0273E-01  1.7720E+03   0.0029
 -1.00  1.0922E+01  3.3021E-01  2.4891E+03   0.0027
 -1.00  1.1139E+01  5.0863E-01  3.1408E+03   0.0026
 -1.00  1.1359E+01  6.8113E-01  3.6004E+03   0.0026
 -1.00  1.1584E+01  7.8914E-01  3.7647E+03   0.0025
 -1.00  1.1814E+01  8.8110E-01  3.8441E+03   0.0024
 -1.00  1.2048E+01  9.3646E-01  3.7912E+03   0.0024
 -1.00  1.2286E+01  9.6230E-01  3.6420E+03   0.0024
 -1.00  1.2530E+01  9.6401E-01  3.4268E+03   0.0023
 -1.00  1.2778E+01  9.3047E-01  3.1327E+03   0.0023
 -1.00  1.3031E+01  8.8580E-01  2.8307E+03   0.0022
 -1.00  1.3289E+01  8.2829E-01  2.5188E+03   0.0022
 -1.00  1.3552E+01  7.6480E-01  2.2327E+03   0.0022
 -1.00  1.3820E+01  7.0431E-01  1.9669E+03   0.0021
 -1.00  1.4094E+01  6.4256E-01  1.7018E+03   0.0020
 -1.00  1.4373E+01  5.7726E-01  1.4588E+03   0.0020
 -1.00  1.4658E+01  5.1220E-01  1.2353E+03   0.0019
 -1.00  1.4948E+01  4.5323E-01  1.0727E+03   0.0018
 -1.00  1.5244E+01  4.0096E-01  9.3837E+02   0.0018
 -1.00  1.5546E+01  3.5628E-01  8.4710E+02   0.0017
 -1.00  1.5854E+01  3.1893E-01  7.8056E+02   0.0016
 -1.00  1.6168E+01  2.8622E-01  7.2359E+02   0.0015
 -1.00  1.6488E+01  2.6029E-01  6.9376E+02   0.0015
 -1.00  1.6814E+01  2.3971E-01  6.5334E+02   0.0014
 -1.00  1.7147E+01  2.2018E-01  5.8944E+02   0.0014
 -1.00  1.7487E+01  1.9937E-01  5.2589E+02   0.0013
 -1.00  1.7833E+01  1.7968E-01  4.6436E+02   0.0013
 -1.00  1.8186E+01  1.6186E-01  4.0419E+02   0.0012
 -1.00  1.8546E+01  1.4538E-01  3.7993E+02   0.0012
 -1.00  1.8914E+01  1.3072E-01  3.6119E+02   0.0011
 -1.00  1.9288E+01  1.1973E-01  3.7151E+02   0.0011
 -1.00  1.9670E+01  1.1144E-01  3.5366E+02   0.0010
 -1.00  2.0060E+01  1.0305E-01  3.0643E+02   0.0010
 -1.00  2.0457E+01  9.3653E-02  2.4874E+02   0.0009
 -1.00  2.0862E+01  8.4003E-02  2.0318E+02   0.0009
 -1.00  2.1275E+01  7.5124E-02  1.7918E+02   0.0009
 -1.00  2.1696E+01  6.7095E-02  1.5536E+02   0.0008
 -1.00  2.2126E+01  5.9843E-02  1.3172E+02   0.0008
 -1.00  2.2564E+01  5.3213E-02  1.1955E+02   0.0008
 -1.00  2.3011E+01  4.7387E-02  1.1548E+02   0.0007
 -1.00  2.3467E+01  4.2268E-02  1.1474E+02   0.0007
 -1.00  2.3931E+01  3.7740E-02  1.1571E+02   0.0007
 -1.00  2.4405E+01  3.3680E-02  1.1725E+02   0.0006
 -1.00  2.4889E+01  3.0013E-02  1.2015E+02   0.0006
 -1.00  2.5382E+01  2.6727E-02  1.2585E+02   0.0006
 -1.00  2.5884E+01  2.3769E-02  1.3208E+02   0.0006
 -1.00  2.6397E+01  2.1117E-02  1.4244E+02   0.0005
 -1.00  2.6919E+01  1.8734E-02  1.5398E+02   0.0005
 -1.00  2.7452E+01  1.6592E-02  1.6546E+02   0.0005
 -1.00  2.7996E+01  1.4670E-02  1.7689E+02   0.0005
 -1.00  2.8551E+01  1.2946E-02  1.8827E+02   0.0005
 -1.00  2.9116E+01  1.1440E-02  2.1488E+02   0.0004
 -1.00  2.9692E+01  1.0105E-02  2.4190E+02   0.0004
 -1.00  3.0280E+01  8.9237E-03  2.6882E+02   0.0004
 -1.00  3.0880E+01  7.8807E-03  2.9562E+02   0.0004
 -1.00  3.1492E+01  7.0851E-03  3.3299E+02   0.0004
 -1.00  3.2115E+01  6.4213E-03  3.7274E+02   0.0003
 -1.00  3.2751E+01  5.8473E-03  4.1222E+02   0.0003
 -1.00  3.3400E+01  5.3650E-03  4.5193E+02   0.0003
 -1.00  3.4061E+01  5.0452E-03  4.9512E+02   0.0003
 -1.00  3.4736E+01  4.7945E-03  5.3848E+02   0.0003
 -1.00  3.5424E+01  4.6145E-03  5.8234E+02   0.0003
 -1.00  3.6125E+01  4.4883E-03  6.2580E+02   0.0003
 -1.00  3.6840E+01  4.3966E-03  6.6880E+02   0.0003
 -1.00  3.7570E+01  4.3345E-03  7.1081E+02   0.0002
 -1.00  3.8314E+01  4.2893E-03  7.5213E+02   0.0002
 -1.00  3.9073E+01  4.2432E-03  7.9260E+02   0.0002
 -1.00  3.9846E+01  4.1966E-03  8.3444E+02   0.0002
 -1.00  4.0635E+01  4.1406E-03  8.7992E+02   0.0002
 -1.00  4.1440E+01  4.1934E-03  9.4231E+02   0.0002
 -1.00  4.2261E+01  4.4356E-03  1.0341E+03   0.0002
 -1.00  4.3097E+01  4.9084E-03  1.1535E+03   0.0002
 -1.00  4.3951E+01  6.0582E-03  1.3430E+03   0.0002
 -1.00  4.4821E+01  8.0420E-03  1.5812E+03   0.0002
 -1.00  4.5709E+01  1.0926E-02  1.8115E+03   0.0001
 -1.00  4.6614E+01  1.3287E-02  1.8337E+03   0.0001
 -1.00  4.7537E+01  1.3075E-02  1.5754E+03   0.0002
 -1.00  4.8479E+01  1.1341E-02  1.2652E+03   0.0002
 -1.00  4.9438E+01  9.5349E-03  1.0388E+03   0.0002
 -1.00  5.0417E+01  8.0952E-03  8.7527E+02   0.0002
 -1.00  5.1416E+01  6.9719E-03  7.6603E+02   0.0002
 -1.00  5.2434E+01  6.1478E-03  6.9701E+02   0.0002
 -1.00  5.3472E+01  5.5005E-03  6.4261E+02   0.0002
 -1.00  5.4531E+01  5.0545E-03  5.9081E+02   0.0001
 -1.00  5.5611E+01  4.5617E-03  5.1390E+02   0.0001
 -1.00  5.6713E+01  3.9655E-03  4.3336E+02   0.0001
 -1.00  5.7835E+01  3.3292E-03  3.7377E+02   0.0001
 -1.00  5.8981E+01  2.7373E-03  3.4996E+02   0.0001
 -1.00  6.0149E+01  2.3549E-03  3.8884E+02   0.0001
 -1.00  6.1340E+01  2.1913E-03  4.3315E+02   0.0001
 -1.00  6.2555E+01  2.1053E-03  4.6672E+02   0.0001
 -1.00  6.3793E+01  2.0527E-03  4.8823E+02   0.0001
 -1.00  6.5057E+01  2.0112E-03  4.9629E+02   0.0001
 -1.00  6.6345E+01  1.9645E-03  4.9369E+02   0.0001
 -1.00  6.7659E+01  1.9057E-03  4.8114E+02   0.0001
 -1.00  6.8998E+01  1.8322E-03  4.6065E+02   0.0001
 -1.00  7.0365E+01  1.7448E-03  4.3410E+02   0.0001
 -1.00  7.1758E+01  1.6401E-03  4.0382E+02   0.0001
 -1.00  7.3179E+01  1.5381E-03  3.7374E+02   0.0001
 -1.00  7.4628E+01  1.4270E-03  3.4210E+02   0.0001
 -1.00  7.6106E+01  1.3144E-03  3.1170E+02   0.0001
 -1.00  7.7613E+01  1.2074E-03  2.8927E+02   0.0001
 -1.00  7.9150E+01  1.1096E-03  2.6834E+02   0.0001
 -1.00  8.0718E+01  1.0199E-03  2.4915E+02   0.0001
 -1.00  8.2316E+01  9.3741E-04  2.3186E+02   0.0001
 -1.00  8.3946E+01  8.6154E-04  2.1591E+02   0.0001
 -1.00  8.5609E+01  7.9177E-04  2.0131E+02   0.0001
 -1.00  8.7304E+01  7.2766E-04  1.8808E+02   0.0001
 -1.00  8.9033E+01  6.6853E-04  1.7607E+02   0.0001
 -1.00  9.0796E+01  6.1430E-04  1.6428E+02   0.0001
 -1.00  9.2594E+01  5.6455E-04  1.5421E+02   0.0001
 -1.00  9.4427E+01  5.1886E-04  1.4432E+02   0.0001
 -1.00  9.6297E+01  4.7700E-04  1.3536E+02   0.0001
 -1.00  9.8204E+01  4.3860E-04  1.2707E+02   0.0000
 -1.00  1.0015E+02  4.0332E-04  1.1908E+02   0.0000
 -1.00  1.0213E+02  3.7110E-04  1.1315E+02   0.0000
 -1.00  1.0415E+02  3.4144E-04  1.0733E+02   0.0000
 -1.00  1.0622E+02  3.1414E-04  1.0161E+02   0.0000
 -1.00  1.0832E+02  2.8901E-04  9.5993E+01   0.0000
 -1.00  1.1047E+02  2.6588E-04  9.0470E+01   0.0000
 -1.00  1.1265E+02  2.4460E-04  8.5043E+01   0.0000
 -1.00  1.1488E+02  2.2501E-04  7.9707E+01   0.0000
 -1.00  1.1716E+02  2.0699E-04  7.4463E+01   0.0000
 -1.00  1.1948E+02  1.9040E-04  6.9308E+01   0.0000
 -1.00  1.2185E+02  1.7541E-04  6.5906E+01   0.0000
 -1.00  1.2426E+02  1.6166E-04  6.3036E+01   0.0000
 -1.00  1.2672E+02  1.4897E-04  6.0216E+01   0.0000
 -1.00  1.2923E+02  1.3728E-04  5.7449E+01   0.0000
 -1.00  1.3179E+02  1.2650E-04  5.4730E+01   0.0000
 -1.00  1.3440E+02  1.1656E-04  5.2060E+01   0.0000
 -1.00  1.3706E+02  1.0739E-04  4.9437E+01   0.0000
 -1.00  1.3977E+02  9.8942E-05  4.6861E+01   0.0000
 -1.00  1.4254E+02  9.1151E-05  4.4330E+01   0.0000
 -1.00  1.4536E+02  8.3969E-05  4.1843E+01   0.0000
 -1.00  1.4824E+02  7.7351E-05  3.9401E+01   0.0000
 -1.00  1.5118E+02  7.1248E-05  3.7000E+01   0.0000
 -1.00  1.5417E+02  6.5624E-05  3.4641E+01   0.0000
 -1.00  1.5722E+02  6.0441E-05  3.2323E+01   0.0000
 -1.00  1.6034E+02  5.5677E-05  3.0154E+01   0.0000
 -1.00  1.6351E+02  5.1374E-05  2.8916E+01   0.0000
 -1.00  1.6675E+02  4.7401E-05  2.7700E+01   0.0000
 -1.00  1.7005E+02  4.3734E-05  2.6507E+01   0.0000
 -1.00  1.7342E+02  4.0349E-05  2.5337E+01   0.0000
 -1.00  1.7685E+02  3.7225E-05  2.4187E+01   0.0000
 -1.00  1.8036E+02  3.4341E-05  2.3059E+01   0.0000
 -1.00  1.8393E+02  3.1680E-05  2.1952E+01   0.0000
 -1.00  1.8757E+02  2.9223E-05  2.0864E+01   0.0000
 -1.00  1.9128E+02  2.6956E-05  1.9797E+01   0.0000
 -1.00  1.9507E+02  2.4864E-05  1.8749E+01   0.0000
 -1.00  1.9893E+02  2.2933E-05  1.7720E+01   0.0000
 -1.00  2.0288E+02  2.1151E-05  1.6710E+01   0.0000
 -1.00  2.0689E+02  1.9507E-05  1.5718E+01   0.0000
 -1.00  2.1099E+02  1.7996E-05  1.4840E+01   0.0000
 -1.00  2.1517E+02  1.6619E-05  1.4284E+01   0.0000
 -1.00  2.1943E+02  1.5348E-05  1.3739E+01   0.0000
 -1.00  2.2377E+02  1.4173E-05  1.3204E+01   0.0000
 -1.00  2.2821E+02  1.3088E-05  1.2679E+01   0.0000
 -1.00  2.3272E+02  1.2085E-05  1.2164E+01   0.0000
 -1.00  2.3733E+02  1.1160E-05  1.1659E+01   0.0000
 -1.00  2.4203E+02  1.0304E-05  1.1163E+01   0.0000
 -1.00  2.4682E+02  9.5145E-06  1.0676E+01   0.0000
 -1.00  2.5171E+02  8.7850E-06  1.0199E+01   0.0000
 -1.00  2.5670E+02  8.1113E-06  9.7305E+00   0.0000
 -1.00  2.6178E+02  7.4888E-06  9.2708E+00   0.0000
 -1.00  2.6696E+02  6.9142E-06  8.8199E+00   0.0000
 -1.00  2.7225E+02  6.3833E-06  8.3772E+00   0.0000
 -1.00  2.7764E+02  5.8932E-06  7.9429E+00   0.0000
 -1.00  2.8314E+02  5.4404E-06  7.5167E+00   0.0000
 -1.00  2.8875E+02  5.0223E-06  7.0984E+00   0.0000
 -1.00  2.9446E+02  4.6362E-06  6.6878E+00   0.0000
 -1.00  3.0030E+02  4.2799E-06  6.2946E+00   0.0000
 -1.00  3.0624E+02  3.9552E-06  6.0912E+00   0.0000
 -1.00  3.1231E+02  3.6550E-06  5.8916E+00   0.0000
 -1.00  3.1849E+02  3.3777E-06  5.6959E+00   0.0000
 -1.00  3.2480E+02  3.1213E-06  5.5040E+00   0.0000
 -1.00  3.3123E+02  2.8844E-06  5.3158E+00   0.0000
 -1.00  3.3779E+02  2.6654E-06  5.1312E+00   0.0000
 -1.00  3.4448E+02  2.4630E-06  4.9501E+00   0.0000
 -1.00  3.5130E+02  2.2760E-06  4.7725E+00   0.0000
 -1.00  3.5826E+02  2.1031E-06  4.5984E+00   0.0000
 -1.00  3.6535E+02  1.9434E-06  4.4276E+00   0.0000
 -1.00  3.7259E+02  1.7957E-06  4.2600E+00   0.0000
 -1.00  3.7996E+02  1.6593E-06  4.0957E+00   0.0000
 -1.00  3.8749E+02  1.5332E-06  3.9345E+00   0.0000
 -1.00  3.9516E+02  1.4167E-06  3.7764E+00   0.0000
 -1.00  4.0299E+02  1.3090E-06  3.6213E+00   0.0000
 -1.00  4.1097E+02  1.2095E-06  3.4692E+00   0.0000
 -1.00  4.1911E+02  1.1175E-06  3.3200E+00   0.0000
 -1.00  4.2741E+02  1.0326E-06  3.1737E+00   0.0000
 -1.00  4.3587E+02  9.5402E-07  3.0301E+00   0.0000
 -1.00  4.4450E+02  8.8146E-07  2.8893E+00   0.0000
 -1.00  4.5330E+02  8.1439E-07  2.7512E+00   0.0000
 -1.00  4.6228E+02  7.5243E-07  2.6157E+00   0.0000
 -1.00  4.7143E+02  6.9516E-07  2.4828E+00   0.0000
 -1.00  4.8077E+02  6.4225E-07  2.3525E+00   0.0000
 -1.00  4.9029E+02  5.9336E-07  2.2246E+00   0.0000
 -1.00  5.0000E+02  5.4818E-07  2.0991E+00   0.0000
